# Optimal flow and avg speed dependent on time 
 # Aggressives: 72 
 # Velocity factor: 0.3 
0.10 	 0.0000 	 0.6506 	 9 	 2 
0.20 	 0.0000 	 0.6510 	 9 	 2 
0.30 	 0.0000 	 0.6528 	 9 	 2 
0.40 	 0.0000 	 0.6529 	 9 	 2 
0.50 	 0.0000 	 0.6535 	 9 	 3 
0.60 	 3.0414 	 0.6566 	 9 	 2 
0.70 	 3.0414 	 0.6582 	 9 	 2 
0.80 	 0.0000 	 0.6616 	 9 	 2 
0.90 	 3.0414 	 0.6632 	 9 	 1 
1.00 	 0.0000 	 0.6639 	 9 	 1 
1.10 	 0.0000 	 0.6660 	 9 	 2 
1.20 	 0.0000 	 0.6673 	 9 	 2 
1.30 	 0.0000 	 0.6696 	 9 	 2 
1.40 	 0.0000 	 0.6714 	 9 	 2 
1.50 	 0.0000 	 0.6717 	 9 	 2 
1.60 	 0.0000 	 0.6737 	 9 	 2 
1.70 	 0.0000 	 0.6764 	 9 	 2 
1.80 	 3.0414 	 0.6779 	 9 	 2 
1.90 	 0.0000 	 0.6769 	 9 	 2 
2.00 	 0.0000 	 0.6795 	 9 	 2 
2.10 	 3.0414 	 0.6804 	 9 	 2 
2.20 	 0.0000 	 0.6797 	 9 	 2 
2.30 	 0.0000 	 0.6809 	 9 	 2 
2.40 	 0.0000 	 0.6819 	 9 	 2 
2.50 	 0.0000 	 0.6834 	 9 	 2 
2.60 	 0.0000 	 0.6856 	 9 	 2 
2.70 	 3.0414 	 0.6866 	 9 	 2 
2.80 	 0.0000 	 0.6884 	 9 	 2 
2.90 	 0.0000 	 0.6898 	 9 	 2 
3.00 	 0.0000 	 0.6902 	 9 	 2 
3.10 	 0.0000 	 0.6920 	 9 	 2 
3.20 	 0.0000 	 0.6944 	 9 	 2 
3.30 	 0.0000 	 0.6949 	 9 	 2 
3.40 	 3.0414 	 0.6956 	 9 	 3 
3.50 	 3.0414 	 0.6981 	 9 	 1 
3.60 	 0.0000 	 0.6986 	 9 	 1 
3.70 	 0.0000 	 0.7006 	 9 	 1 
3.80 	 0.0000 	 0.7020 	 9 	 1 
3.90 	 0.0000 	 0.7022 	 9 	 1 
4.00 	 0.0000 	 0.7013 	 9 	 2 
4.10 	 0.0000 	 0.7025 	 9 	 2 
4.20 	 0.0000 	 0.7037 	 9 	 2 
4.30 	 0.0000 	 0.7047 	 9 	 2 
4.40 	 0.0000 	 0.7042 	 10 	 0 
4.50 	 0.0000 	 0.7063 	 10 	 0 
4.60 	 0.0000 	 0.7075 	 10 	 3 
4.70 	 0.0000 	 0.7085 	 10 	 0 
4.80 	 3.0414 	 0.7083 	 10 	 3 
4.90 	 3.0414 	 0.7095 	 10 	 1 
5.00 	 0.0000 	 0.7110 	 10 	 0 
5.10 	 3.0414 	 0.7113 	 10 	 1 
5.20 	 0.0000 	 0.7126 	 10 	 1 
5.30 	 0.0000 	 0.7139 	 10 	 1 
5.40 	 0.0000 	 0.7163 	 10 	 1 
5.50 	 0.0000 	 0.7186 	 10 	 2 
5.60 	 0.0000 	 0.7190 	 10 	 3 
5.70 	 0.0000 	 0.7217 	 10 	 3 
5.80 	 0.0000 	 0.7247 	 10 	 3 
5.90 	 0.0000 	 0.7291 	 10 	 0 
6.00 	 0.0000 	 0.7309 	 10 	 0 
6.10 	 0.0000 	 0.7344 	 10 	 0 
6.20 	 0.0000 	 0.7366 	 10 	 0 
6.30 	 3.0414 	 0.7402 	 10 	 0 
6.40 	 3.0414 	 0.7412 	 10 	 1 
6.50 	 0.0000 	 0.7404 	 10 	 1 
6.60 	 0.0000 	 0.7414 	 11 	 0 
6.70 	 0.0000 	 0.7436 	 11 	 0 
6.80 	 0.0000 	 0.7440 	 11 	 2 
6.90 	 0.0000 	 0.7466 	 11 	 0 
7.00 	 0.0000 	 0.7494 	 11 	 3 
7.10 	 3.0414 	 0.7528 	 11 	 3 
7.20 	 0.0000 	 0.7569 	 11 	 3 
7.30 	 0.0000 	 0.7612 	 11 	 0 
7.40 	 0.0000 	 0.7644 	 11 	 0 
7.50 	 0.0000 	 0.7672 	 11 	 0 
7.60 	 3.0414 	 0.7700 	 11 	 0 
7.70 	 0.0000 	 0.7721 	 11 	 0 
7.80 	 3.0414 	 0.7750 	 11 	 1 
7.90 	 0.0000 	 0.7787 	 11 	 1 
8.00 	 0.0000 	 0.7797 	 11 	 1 
8.10 	 0.0000 	 0.7822 	 11 	 4 
8.20 	 0.0000 	 0.7838 	 11 	 4 
8.30 	 0.0000 	 0.7855 	 11 	 0 
8.40 	 0.0000 	 0.7870 	 11 	 0 
8.50 	 0.0000 	 0.7886 	 11 	 0 
8.60 	 0.0000 	 0.7893 	 11 	 0 
8.70 	 0.0000 	 0.7923 	 12 	 0 
8.80 	 3.0414 	 0.7947 	 12 	 0 
8.90 	 3.0414 	 0.7970 	 12 	 0 
9.00 	 0.0000 	 0.8004 	 12 	 0 
9.10 	 0.0000 	 0.8029 	 12 	 0 
9.20 	 0.0000 	 0.8077 	 12 	 0 
9.30 	 3.0414 	 0.8102 	 12 	 1 
9.40 	 0.0000 	 0.8152 	 12 	 1 
9.50 	 0.0000 	 0.8180 	 12 	 1 
9.60 	 0.0000 	 0.8217 	 12 	 1 
9.70 	 3.0414 	 0.8255 	 12 	 1 
9.80 	 0.0000 	 0.8280 	 12 	 1 
9.90 	 0.0000 	 0.8314 	 12 	 1 
10.00 	 0.0000 	 0.8343 	 12 	 1 
10.10 	 0.0000 	 0.8384 	 12 	 1 
10.20 	 0.0000 	 0.8421 	 12 	 0 
10.30 	 0.0000 	 0.8440 	 12 	 0 
10.40 	 0.0000 	 0.8467 	 12 	 0 
10.50 	 0.0000 	 0.8478 	 12 	 4 
10.60 	 3.0414 	 0.8505 	 12 	 0 
10.70 	 0.0000 	 0.8514 	 12 	 0 
10.80 	 0.0000 	 0.8520 	 13 	 0 
10.90 	 3.0414 	 0.8561 	 13 	 1 
11.00 	 0.0000 	 0.8590 	 13 	 1 
11.10 	 0.0000 	 0.8614 	 13 	 1 
11.20 	 3.0414 	 0.8645 	 13 	 1 
11.30 	 0.0000 	 0.8670 	 13 	 1 
11.40 	 0.0000 	 0.8684 	 13 	 1 
11.50 	 0.0000 	 0.8694 	 13 	 4 
11.60 	 0.0000 	 0.8715 	 13 	 1 
11.70 	 0.0000 	 0.8741 	 13 	 1 
11.80 	 0.0000 	 0.8773 	 13 	 1 
11.90 	 0.0000 	 0.8819 	 13 	 2 
12.00 	 0.0000 	 0.8855 	 13 	 2 
12.10 	 3.0414 	 0.8882 	 13 	 1 
12.20 	 3.0414 	 0.8899 	 13 	 1 
12.30 	 0.0000 	 0.8913 	 13 	 1 
12.40 	 3.0414 	 0.8924 	 13 	 1 
12.50 	 0.0000 	 0.8954 	 13 	 1 
12.60 	 0.0000 	 0.8972 	 13 	 1 
12.70 	 0.0000 	 0.9002 	 13 	 1 
12.80 	 0.0000 	 0.9039 	 14 	 1 
12.90 	 0.0000 	 0.9079 	 14 	 1 
13.00 	 0.0000 	 0.9121 	 14 	 1 
13.10 	 0.0000 	 0.9159 	 14 	 1 
13.20 	 0.0000 	 0.9193 	 14 	 2 
13.30 	 0.0000 	 0.9220 	 14 	 2 
13.40 	 0.0000 	 0.9257 	 14 	 2 
13.50 	 3.0414 	 0.9299 	 14 	 1 
13.60 	 3.0414 	 0.9341 	 14 	 1 
13.70 	 0.0000 	 0.9371 	 14 	 1 
13.80 	 3.0414 	 0.9407 	 14 	 1 
13.90 	 0.0000 	 0.9426 	 14 	 1 
14.00 	 0.0000 	 0.9446 	 14 	 1 
14.10 	 0.0000 	 0.9467 	 14 	 1 
14.20 	 0.0000 	 0.9501 	 14 	 1 
14.30 	 0.0000 	 0.9501 	 14 	 1 
14.40 	 3.0414 	 0.9512 	 14 	 1 
14.50 	 0.0000 	 0.9534 	 14 	 1 
14.60 	 0.0000 	 0.9549 	 14 	 1 
14.70 	 0.0000 	 0.9574 	 14 	 1 
14.80 	 0.0000 	 0.9587 	 14 	 1 
14.90 	 3.0414 	 0.9585 	 15 	 1 
15.00 	 0.0000 	 0.9613 	 15 	 1 
15.10 	 0.0000 	 0.9632 	 15 	 1 
15.20 	 3.0414 	 0.9657 	 15 	 1 
15.30 	 0.0000 	 0.9682 	 15 	 1 
15.40 	 0.0000 	 0.9707 	 15 	 1 
15.50 	 3.0414 	 0.9710 	 15 	 1 
15.60 	 0.0000 	 0.9733 	 15 	 1 
15.70 	 0.0000 	 0.9720 	 15 	 1 
15.80 	 0.0000 	 0.9726 	 15 	 1 
15.90 	 3.0414 	 0.9751 	 15 	 1 
16.00 	 0.0000 	 0.9768 	 15 	 1 
16.10 	 0.0000 	 0.9779 	 15 	 1 
16.20 	 0.0000 	 0.9802 	 15 	 1 
16.30 	 0.0000 	 0.9824 	 15 	 2 
16.40 	 0.0000 	 0.9844 	 15 	 1 
16.50 	 0.0000 	 0.9857 	 15 	 1 
16.60 	 0.0000 	 0.9875 	 15 	 1 
16.70 	 0.0000 	 0.9892 	 15 	 2 
16.80 	 0.0000 	 0.9903 	 15 	 3 
16.90 	 0.0000 	 0.9920 	 15 	 3 
17.00 	 3.0414 	 0.9938 	 16 	 2 
17.10 	 3.0414 	 0.9943 	 16 	 1 
17.20 	 0.0000 	 0.9940 	 16 	 1 
17.30 	 0.0000 	 0.9957 	 16 	 1 
17.40 	 3.0414 	 0.9966 	 16 	 1 
17.50 	 0.0000 	 0.9986 	 16 	 1 
17.60 	 0.0000 	 0.9992 	 16 	 1 
17.70 	 0.0000 	 1.0003 	 16 	 2 
17.80 	 0.0000 	 1.0015 	 16 	 2 
17.90 	 0.0000 	 1.0031 	 16 	 2 
18.00 	 0.0000 	 1.0047 	 16 	 2 
18.10 	 0.0000 	 1.0060 	 16 	 2 
18.20 	 0.0000 	 1.0080 	 16 	 2 
18.30 	 3.0414 	 1.0102 	 16 	 2 
18.40 	 3.0414 	 1.0107 	 16 	 1 
18.50 	 3.0414 	 1.0122 	 16 	 1 
18.60 	 0.0000 	 1.0135 	 16 	 1 
18.70 	 0.0000 	 1.0151 	 16 	 2 
18.80 	 0.0000 	 1.0174 	 16 	 2 
18.90 	 0.0000 	 1.0173 	 16 	 2 
19.00 	 0.0000 	 1.0178 	 16 	 2 
19.10 	 0.0000 	 1.0190 	 17 	 2 
19.20 	 3.0414 	 1.0212 	 17 	 2 
19.30 	 0.0000 	 1.0205 	 17 	 2 
19.40 	 3.0414 	 1.0210 	 17 	 2 
19.50 	 0.0000 	 1.0183 	 17 	 2 
19.60 	 0.0000 	 1.0171 	 17 	 2 
19.70 	 0.0000 	 1.0137 	 17 	 2 
19.80 	 3.0414 	 1.0109 	 17 	 2 
19.90 	 0.0000 	 1.0089 	 17 	 2 
20.00 	 0.0000 	 1.0074 	 17 	 1 
20.10 	 0.0000 	 1.0060 	 17 	 1 
20.20 	 0.0000 	 1.0075 	 17 	 3 
20.30 	 0.0000 	 1.0087 	 17 	 0 
20.40 	 0.0000 	 1.0102 	 17 	 0 
20.50 	 0.0000 	 1.0135 	 17 	 0 
20.60 	 0.0000 	 1.0136 	 17 	 0 
20.70 	 3.0414 	 1.0155 	 17 	 0 
20.80 	 0.0000 	 1.0163 	 17 	 2 
20.90 	 3.0414 	 1.0156 	 17 	 2 
21.00 	 0.0000 	 1.0139 	 17 	 2 
21.10 	 0.0000 	 1.0115 	 17 	 3 
21.20 	 3.0414 	 1.0095 	 18 	 3 
21.30 	 0.0000 	 1.0055 	 18 	 4 
21.40 	 0.0000 	 1.0043 	 18 	 4 
21.50 	 0.0000 	 1.0060 	 18 	 2 
21.60 	 0.0000 	 1.0048 	 18 	 3 
21.70 	 0.0000 	 1.0049 	 18 	 2 
21.80 	 0.0000 	 1.0051 	 18 	 2 
21.90 	 6.0827 	 1.0051 	 18 	 2 
22.00 	 0.0000 	 1.0055 	 18 	 15 
22.10 	 3.0414 	 1.0060 	 18 	 3 
22.20 	 0.0000 	 1.0065 	 18 	 4 
22.30 	 0.0000 	 1.0073 	 18 	 3 
22.40 	 0.0000 	 1.0086 	 18 	 3 
22.50 	 3.0414 	 1.0089 	 18 	 3 
22.60 	 0.0000 	 1.0084 	 18 	 3 
22.70 	 0.0000 	 1.0067 	 18 	 3 
22.80 	 0.0000 	 1.0064 	 18 	 3 
22.90 	 0.0000 	 1.0062 	 18 	 8 
23.00 	 0.0000 	 1.0060 	 18 	 2 
23.10 	 0.0000 	 1.0072 	 18 	 4 
23.20 	 0.0000 	 1.0060 	 18 	 2 
23.30 	 3.0414 	 1.0062 	 19 	 2 
23.40 	 6.0827 	 1.0054 	 19 	 1 
23.50 	 0.0000 	 1.0056 	 19 	 1 
23.60 	 0.0000 	 1.0051 	 19 	 1 
23.70 	 0.0000 	 1.0062 	 19 	 3 
23.80 	 0.0000 	 1.0050 	 19 	 3 
23.90 	 0.0000 	 1.0023 	 19 	 1 
24.00 	 0.0000 	 1.0011 	 19 	 3 
24.10 	 0.0000 	 0.9982 	 19 	 5 
24.20 	 0.0000 	 0.9964 	 19 	 16 
24.30 	 0.0000 	 0.9953 	 19 	 2 
24.40 	 0.0000 	 0.9937 	 19 	 2 
24.50 	 0.0000 	 0.9934 	 19 	 2 
24.60 	 3.0414 	 0.9927 	 19 	 3 
24.70 	 6.0827 	 0.9904 	 19 	 1 
24.80 	 0.0000 	 0.9912 	 19 	 1 
24.90 	 0.0000 	 0.9904 	 19 	 3 
25.00 	 0.0000 	 0.9908 	 19 	 1 
25.10 	 0.0000 	 0.9923 	 19 	 3 
25.20 	 0.0000 	 0.9938 	 19 	 4 
25.30 	 0.0000 	 0.9954 	 0 	 9 
25.40 	 0.0000 	 0.9964 	 0 	 4 
25.50 	 0.0000 	 0.9968 	 0 	 4 
25.60 	 0.0000 	 0.9979 	 0 	 4 
25.70 	 0.0000 	 0.9980 	 0 	 0 
25.80 	 0.0000 	 0.9989 	 0 	 4 
25.90 	 0.0000 	 0.9975 	 0 	 0 
26.00 	 3.0414 	 0.9967 	 0 	 4 
26.10 	 3.0414 	 0.9972 	 0 	 5 
26.20 	 3.0414 	 0.9989 	 0 	 1 
26.30 	 0.0000 	 0.9994 	 0 	 1 
26.40 	 0.0000 	 0.9995 	 0 	 3 
26.50 	 0.0000 	 1.0000 	 0 	 6 
26.60 	 0.0000 	 0.9981 	 0 	 2 
26.70 	 3.0414 	 0.9976 	 0 	 4 
26.80 	 0.0000 	 0.9948 	 0 	 2 
26.90 	 0.0000 	 0.9952 	 0 	 4 
27.00 	 0.0000 	 0.9942 	 0 	 19 
27.10 	 0.0000 	 0.9909 	 0 	 19 
27.20 	 0.0000 	 0.9899 	 0 	 5 
27.30 	 0.0000 	 0.9887 	 0 	 3 
27.40 	 0.0000 	 0.9876 	 0 	 0 
27.50 	 0.0000 	 0.9879 	 0 	 0 
27.60 	 6.0827 	 0.9882 	 1 	 0 
27.70 	 0.0000 	 0.9900 	 1 	 0 
27.80 	 0.0000 	 0.9901 	 1 	 4 
27.90 	 3.0414 	 0.9908 	 1 	 4 
28.00 	 0.0000 	 0.9892 	 1 	 2 
28.10 	 0.0000 	 0.9859 	 1 	 0 
28.20 	 3.0414 	 0.9876 	 1 	 2 
28.30 	 3.0414 	 0.9848 	 1 	 1 
28.40 	 0.0000 	 0.9854 	 1 	 5 
28.50 	 0.0000 	 0.9820 	 1 	 5 
28.60 	 0.0000 	 0.9829 	 1 	 1 
28.70 	 0.0000 	 0.9795 	 1 	 0 
28.80 	 0.0000 	 0.9781 	 1 	 0 
28.90 	 3.0414 	 0.9744 	 1 	 1 
29.00 	 0.0000 	 0.9725 	 1 	 0 
29.10 	 0.0000 	 0.9696 	 1 	 0 
29.20 	 0.0000 	 0.9714 	 1 	 0 
29.30 	 0.0000 	 0.9710 	 1 	 0 
29.40 	 0.0000 	 0.9712 	 1 	 0 
29.50 	 0.0000 	 0.9684 	 1 	 0 
29.60 	 3.0414 	 0.9680 	 1 	 0 
29.70 	 0.0000 	 0.9659 	 1 	 0 
29.80 	 3.0414 	 0.9654 	 1 	 5 
29.90 	 0.0000 	 0.9644 	 1 	 0 
30.00 	 0.0000 	 0.9644 	 1 	 0 
30.10 	 0.0000 	 0.9645 	 1 	 0 
30.20 	 6.0827 	 0.9602 	 1 	 1 
30.30 	 0.0000 	 0.9583 	 1 	 1 
30.40 	 0.0000 	 0.9575 	 1 	 1 
30.50 	 0.0000 	 0.9573 	 1 	 1 
30.60 	 3.0414 	 0.9557 	 1 	 1 
30.70 	 0.0000 	 0.9550 	 2 	 1 
30.80 	 0.0000 	 0.9530 	 2 	 1 
30.90 	 0.0000 	 0.9541 	 2 	 1 
31.00 	 3.0414 	 0.9555 	 2 	 1 
31.10 	 0.0000 	 0.9544 	 2 	 1 
31.20 	 0.0000 	 0.9552 	 2 	 1 
31.30 	 0.0000 	 0.9541 	 2 	 1 
31.40 	 3.0414 	 0.9534 	 2 	 1 
31.50 	 0.0000 	 0.9535 	 2 	 2 
31.60 	 0.0000 	 0.9519 	 2 	 2 
31.70 	 0.0000 	 0.9506 	 2 	 2 
31.80 	 0.0000 	 0.9503 	 2 	 2 
31.90 	 3.0414 	 0.9489 	 2 	 1 
32.00 	 3.0414 	 0.9440 	 2 	 1 
32.10 	 0.0000 	 0.9416 	 2 	 1 
32.20 	 0.0000 	 0.9412 	 2 	 1 
32.30 	 0.0000 	 0.9397 	 2 	 1 
32.40 	 0.0000 	 0.9400 	 2 	 1 
32.50 	 0.0000 	 0.9415 	 2 	 0 
32.60 	 3.0414 	 0.9423 	 2 	 1 
32.70 	 3.0414 	 0.9449 	 2 	 1 
32.80 	 0.0000 	 0.9449 	 2 	 1 
32.90 	 0.0000 	 0.9468 	 2 	 1 
33.00 	 0.0000 	 0.9475 	 2 	 0 
33.10 	 0.0000 	 0.9507 	 2 	 0 
33.20 	 0.0000 	 0.9524 	 2 	 0 
33.30 	 3.0414 	 0.9532 	 2 	 1 
33.40 	 0.0000 	 0.9543 	 2 	 2 
33.50 	 0.0000 	 0.9556 	 2 	 2 
33.60 	 3.0414 	 0.9566 	 2 	 2 
33.70 	 0.0000 	 0.9552 	 2 	 2 
33.80 	 0.0000 	 0.9531 	 3 	 0 
33.90 	 0.0000 	 0.9493 	 3 	 0 
34.00 	 0.0000 	 0.9502 	 3 	 0 
34.10 	 3.0414 	 0.9488 	 3 	 0 
34.20 	 0.0000 	 0.9436 	 3 	 0 
34.30 	 0.0000 	 0.9377 	 3 	 0 
34.40 	 0.0000 	 0.9385 	 3 	 0 
34.50 	 0.0000 	 0.9377 	 3 	 0 
34.60 	 0.0000 	 0.9374 	 3 	 0 
34.70 	 3.0414 	 0.9385 	 3 	 3 
34.80 	 0.0000 	 0.9381 	 3 	 6 
34.90 	 3.0414 	 0.9388 	 3 	 1 
35.00 	 0.0000 	 0.9400 	 3 	 1 
35.10 	 0.0000 	 0.9417 	 3 	 2 
35.20 	 3.0414 	 0.9434 	 3 	 2 
35.30 	 0.0000 	 0.9436 	 3 	 0 
35.40 	 0.0000 	 0.9441 	 3 	 0 
35.50 	 3.0414 	 0.9450 	 3 	 2 
35.60 	 0.0000 	 0.9482 	 3 	 2 
35.70 	 0.0000 	 0.9493 	 3 	 0 
35.80 	 3.0414 	 0.9514 	 3 	 1 
35.90 	 0.0000 	 0.9525 	 3 	 2 
36.00 	 3.0414 	 0.9546 	 3 	 1 
36.10 	 3.0414 	 0.9551 	 3 	 1 
36.20 	 0.0000 	 0.9538 	 3 	 19 
36.30 	 0.0000 	 0.9518 	 3 	 8 
36.40 	 0.0000 	 0.9497 	 4 	 1 
36.50 	 0.0000 	 0.9478 	 4 	 9 
36.60 	 3.0414 	 0.9465 	 4 	 1 
36.70 	 0.0000 	 0.9422 	 4 	 1 
36.80 	 0.0000 	 0.9411 	 4 	 1 
36.90 	 3.0414 	 0.9388 	 4 	 1 
37.00 	 0.0000 	 0.9343 	 4 	 1 
37.10 	 0.0000 	 0.9341 	 4 	 1 
37.20 	 0.0000 	 0.9332 	 4 	 1 
37.30 	 0.0000 	 0.9322 	 4 	 1 
37.40 	 0.0000 	 0.9312 	 4 	 1 
37.50 	 0.0000 	 0.9283 	 4 	 0 
37.60 	 3.0414 	 0.9289 	 4 	 1 
37.70 	 0.0000 	 0.9286 	 4 	 0 
37.80 	 0.0000 	 0.9287 	 4 	 0 
37.90 	 0.0000 	 0.9253 	 4 	 0 
38.00 	 0.0000 	 0.9225 	 4 	 0 
38.10 	 3.0414 	 0.9212 	 4 	 0 
38.20 	 0.0000 	 0.9209 	 4 	 0 
38.30 	 3.0414 	 0.9196 	 4 	 3 
38.40 	 0.0000 	 0.9201 	 4 	 3 
38.50 	 0.0000 	 0.9187 	 4 	 17 
38.60 	 0.0000 	 0.9186 	 4 	 13 
38.70 	 3.0414 	 0.9202 	 4 	 1 
38.80 	 0.0000 	 0.9194 	 4 	 0 
38.90 	 0.0000 	 0.9203 	 4 	 0 
39.00 	 3.0414 	 0.9206 	 4 	 2 
39.10 	 0.0000 	 0.9200 	 5 	 0 
39.20 	 0.0000 	 0.9187 	 5 	 0 
39.30 	 0.0000 	 0.9150 	 5 	 6 
39.40 	 0.0000 	 0.9131 	 5 	 6 
39.50 	 0.0000 	 0.9108 	 5 	 6 
39.60 	 6.0827 	 0.9120 	 5 	 2 
39.70 	 3.0414 	 0.9131 	 5 	 1 
39.80 	 0.0000 	 0.9121 	 5 	 18 
39.90 	 0.0000 	 0.9131 	 5 	 2 
40.00 	 0.0000 	 0.9138 	 5 	 2 
40.10 	 0.0000 	 0.9139 	 5 	 2 
40.20 	 0.0000 	 0.9121 	 5 	 2 
40.30 	 0.0000 	 0.9094 	 5 	 0 
40.40 	 0.0000 	 0.9092 	 5 	 0 
40.50 	 3.0414 	 0.9097 	 5 	 2 
40.60 	 3.0414 	 0.9085 	 5 	 1 
40.70 	 0.0000 	 0.9069 	 5 	 1 
40.80 	 0.0000 	 0.9040 	 5 	 1 
40.90 	 3.0414 	 0.9006 	 5 	 1 
41.00 	 0.0000 	 0.8984 	 5 	 1 
41.10 	 0.0000 	 0.8973 	 5 	 1 
41.20 	 0.0000 	 0.8963 	 5 	 1 
41.30 	 0.0000 	 0.8948 	 5 	 0 
41.40 	 0.0000 	 0.8930 	 5 	 0 
41.50 	 0.0000 	 0.8929 	 5 	 0 
41.60 	 3.0414 	 0.8928 	 5 	 2 
41.70 	 0.0000 	 0.8950 	 5 	 2 
41.80 	 3.0414 	 0.8958 	 5 	 2 
41.90 	 0.0000 	 0.8959 	 6 	 19 
42.00 	 0.0000 	 0.8951 	 6 	 17 
42.10 	 3.0414 	 0.8953 	 6 	 17 
42.20 	 0.0000 	 0.8942 	 6 	 1 
42.30 	 0.0000 	 0.8919 	 6 	 7 
42.40 	 0.0000 	 0.8903 	 6 	 18 
42.50 	 0.0000 	 0.8897 	 6 	 0 
42.60 	 0.0000 	 0.8883 	 6 	 0 
42.70 	 0.0000 	 0.8891 	 6 	 19 
42.80 	 0.0000 	 0.8867 	 6 	 19 
42.90 	 0.0000 	 0.8858 	 6 	 19 
43.00 	 0.0000 	 0.8852 	 6 	 19 
43.10 	 6.0827 	 0.8845 	 6 	 2 
43.20 	 0.0000 	 0.8825 	 6 	 0 
43.30 	 3.0414 	 0.8810 	 6 	 3 
43.40 	 0.0000 	 0.8813 	 6 	 3 
43.50 	 0.0000 	 0.8798 	 6 	 2 
43.60 	 0.0000 	 0.8800 	 6 	 2 
43.70 	 0.0000 	 0.8788 	 6 	 0 
43.80 	 0.0000 	 0.8798 	 6 	 0 
43.90 	 3.0414 	 0.8779 	 6 	 0 
44.00 	 0.0000 	 0.8765 	 6 	 0 
44.10 	 0.0000 	 0.8760 	 6 	 0 
44.20 	 0.0000 	 0.8766 	 6 	 0 
44.30 	 3.0414 	 0.8763 	 6 	 2 
44.40 	 0.0000 	 0.8761 	 6 	 2 
44.50 	 3.0414 	 0.8758 	 6 	 1 
44.60 	 0.0000 	 0.8768 	 6 	 0 
44.70 	 0.0000 	 0.8778 	 6 	 0 
44.80 	 3.0414 	 0.8763 	 6 	 0 
44.90 	 0.0000 	 0.8768 	 7 	 18 
45.00 	 0.0000 	 0.8764 	 7 	 0 
45.10 	 0.0000 	 0.8768 	 7 	 0 
45.20 	 0.0000 	 0.8790 	 7 	 0 
45.30 	 0.0000 	 0.8817 	 7 	 0 
45.40 	 0.0000 	 0.8830 	 7 	 0 
45.50 	 0.0000 	 0.8847 	 7 	 0 
45.60 	 0.0000 	 0.8876 	 7 	 0 
45.70 	 0.0000 	 0.8885 	 7 	 0 
45.80 	 6.0827 	 0.8877 	 7 	 0 
45.90 	 0.0000 	 0.8877 	 7 	 0 
46.00 	 3.0414 	 0.8857 	 7 	 1 
46.10 	 0.0000 	 0.8870 	 7 	 1 
46.20 	 0.0000 	 0.8887 	 7 	 0 
46.30 	 0.0000 	 0.8889 	 7 	 0 
46.40 	 0.0000 	 0.8903 	 7 	 0 
46.50 	 3.0414 	 0.8880 	 7 	 2 
46.60 	 3.0414 	 0.8857 	 7 	 1 
46.70 	 0.0000 	 0.8825 	 7 	 1 
46.80 	 0.0000 	 0.8811 	 7 	 1 
46.90 	 0.0000 	 0.8815 	 7 	 0 
47.00 	 0.0000 	 0.8816 	 7 	 0 
47.10 	 3.0414 	 0.8798 	 7 	 1 
47.20 	 0.0000 	 0.8796 	 7 	 0 
47.30 	 0.0000 	 0.8791 	 7 	 0 
47.40 	 0.0000 	 0.8809 	 7 	 0 
47.50 	 0.0000 	 0.8800 	 7 	 0 
47.60 	 3.0414 	 0.8791 	 7 	 1 
47.70 	 0.0000 	 0.8795 	 8 	 1 
47.80 	 0.0000 	 0.8819 	 8 	 1 
47.90 	 0.0000 	 0.8836 	 8 	 2 
48.00 	 6.0827 	 0.8840 	 8 	 1 
48.10 	 0.0000 	 0.8840 	 8 	 1 
48.20 	 0.0000 	 0.8861 	 8 	 1 
48.30 	 0.0000 	 0.8859 	 8 	 1 
48.40 	 0.0000 	 0.8865 	 8 	 1 
48.50 	 0.0000 	 0.8852 	 8 	 0 
48.60 	 3.0414 	 0.8839 	 8 	 1 
48.70 	 0.0000 	 0.8857 	 8 	 1 
48.80 	 0.0000 	 0.8850 	 8 	 1 
48.90 	 0.0000 	 0.8836 	 8 	 1 
49.00 	 3.0414 	 0.8850 	 8 	 1 
49.10 	 0.0000 	 0.8841 	 8 	 1 
49.20 	 3.0414 	 0.8854 	 8 	 2 
49.30 	 0.0000 	 0.8880 	 8 	 2 
49.40 	 0.0000 	 0.8885 	 8 	 1 
49.50 	 0.0000 	 0.8883 	 8 	 1 
49.60 	 0.0000 	 0.8878 	 8 	 1 
49.70 	 0.0000 	 0.8881 	 8 	 1 
49.80 	 0.0000 	 0.8894 	 8 	 2 
49.90 	 0.0000 	 0.8888 	 8 	 0 
50.00 	 3.0414 	 0.8877 	 8 	 2 
50.10 	 0.0000 	 0.8873 	 8 	 0 
50.20 	 0.0000 	 0.8886 	 9 	 0 
50.30 	 3.0414 	 0.8901 	 9 	 2 
50.40 	 3.0414 	 0.8932 	 9 	 1 
50.50 	 0.0000 	 0.8965 	 9 	 1 
50.60 	 0.0000 	 0.8973 	 9 	 1 
50.70 	 0.0000 	 0.8991 	 9 	 1 
50.80 	 0.0000 	 0.8961 	 9 	 2 
50.90 	 0.0000 	 0.8953 	 9 	 3 
51.00 	 0.0000 	 0.8963 	 9 	 3 
51.10 	 0.0000 	 0.8957 	 9 	 3 
51.20 	 0.0000 	 0.8942 	 9 	 0 
51.30 	 3.0414 	 0.8955 	 9 	 2 
51.40 	 3.0414 	 0.8957 	 9 	 2 
51.50 	 0.0000 	 0.8934 	 9 	 2 
51.60 	 0.0000 	 0.8937 	 9 	 2 
51.70 	 0.0000 	 0.8932 	 9 	 2 
51.80 	 3.0414 	 0.8940 	 9 	 2 
51.90 	 0.0000 	 0.8951 	 9 	 2 
52.00 	 0.0000 	 0.8968 	 9 	 2 
52.10 	 0.0000 	 0.9010 	 9 	 3 
52.20 	 3.0414 	 0.9046 	 9 	 2 
52.30 	 0.0000 	 0.9083 	 9 	 2 
52.40 	 0.0000 	 0.9107 	 9 	 2 
52.50 	 0.0000 	 0.9106 	 9 	 2 
52.60 	 0.0000 	 0.9124 	 9 	 2 
52.70 	 0.0000 	 0.9118 	 9 	 2 
52.80 	 3.0414 	 0.9098 	 10 	 19 
52.90 	 0.0000 	 0.9092 	 10 	 5 
53.00 	 0.0000 	 0.9081 	 10 	 0 
53.10 	 0.0000 	 0.9072 	 10 	 0 
53.20 	 3.0414 	 0.9032 	 10 	 3 
53.30 	 3.0414 	 0.9017 	 10 	 3 
53.40 	 0.0000 	 0.9012 	 10 	 3 
53.50 	 0.0000 	 0.9017 	 10 	 8 
53.60 	 0.0000 	 0.9005 	 10 	 2 
53.70 	 0.0000 	 0.9012 	 10 	 4 
53.80 	 0.0000 	 0.9004 	 10 	 15 
53.90 	 0.0000 	 0.8994 	 10 	 17 
54.00 	 3.0414 	 0.8994 	 10 	 10 
54.10 	 0.0000 	 0.9005 	 10 	 5 
54.20 	 0.0000 	 0.9009 	 10 	 16 
54.30 	 0.0000 	 0.9010 	 10 	 0 
54.40 	 3.0414 	 0.9035 	 10 	 3 
54.50 	 0.0000 	 0.9049 	 10 	 3 
54.60 	 3.0414 	 0.9074 	 10 	 3 
54.70 	 0.0000 	 0.9096 	 10 	 3 
54.80 	 0.0000 	 0.9108 	 10 	 3 
54.90 	 0.0000 	 0.9115 	 10 	 0 
55.00 	 3.0414 	 0.9128 	 10 	 18 
55.10 	 0.0000 	 0.9141 	 10 	 4 
55.20 	 0.0000 	 0.9169 	 10 	 2 
55.30 	 0.0000 	 0.9189 	 11 	 3 
55.40 	 0.0000 	 0.9206 	 11 	 3 
55.50 	 0.0000 	 0.9235 	 11 	 10 
55.60 	 3.0414 	 0.9236 	 11 	 3 
55.70 	 0.0000 	 0.9249 	 11 	 3 
55.80 	 0.0000 	 0.9267 	 11 	 4 
55.90 	 0.0000 	 0.9261 	 11 	 4 
56.00 	 6.0827 	 0.9276 	 11 	 4 
56.10 	 0.0000 	 0.9319 	 11 	 1 
56.20 	 0.0000 	 0.9357 	 11 	 4 
56.30 	 0.0000 	 0.9404 	 11 	 4 
56.40 	 0.0000 	 0.9419 	 11 	 17 
56.50 	 3.0414 	 0.9440 	 11 	 17 
56.60 	 0.0000 	 0.9455 	 11 	 18 
56.70 	 0.0000 	 0.9454 	 11 	 16 
56.80 	 0.0000 	 0.9451 	 11 	 9 
56.90 	 0.0000 	 0.9438 	 11 	 4 
57.00 	 0.0000 	 0.9454 	 11 	 4 
57.10 	 3.0414 	 0.9456 	 11 	 4 
57.20 	 3.0414 	 0.9487 	 11 	 1 
57.30 	 0.0000 	 0.9470 	 11 	 4 
57.40 	 0.0000 	 0.9496 	 12 	 4 
57.50 	 0.0000 	 0.9501 	 12 	 2 
57.60 	 0.0000 	 0.9540 	 12 	 12 
57.70 	 3.0414 	 0.9555 	 12 	 3 
57.80 	 0.0000 	 0.9574 	 12 	 3 
57.90 	 0.0000 	 0.9592 	 12 	 3 
58.00 	 0.0000 	 0.9631 	 12 	 16 
58.10 	 0.0000 	 0.9660 	 12 	 4 
58.20 	 3.0414 	 0.9680 	 12 	 4 
58.30 	 0.0000 	 0.9706 	 12 	 4 
58.40 	 3.0414 	 0.9689 	 12 	 5 
58.50 	 0.0000 	 0.9683 	 12 	 5 
58.60 	 0.0000 	 0.9665 	 12 	 5 
58.70 	 3.0414 	 0.9663 	 12 	 5 
58.80 	 0.0000 	 0.9652 	 12 	 17 
58.90 	 0.0000 	 0.9632 	 12 	 17 
59.00 	 0.0000 	 0.9594 	 12 	 7 
59.10 	 0.0000 	 0.9574 	 12 	 7 
59.20 	 0.0000 	 0.9563 	 12 	 12 
59.30 	 0.0000 	 0.9524 	 12 	 0 
59.40 	 3.0414 	 0.9501 	 12 	 14 
59.50 	 0.0000 	 0.9482 	 12 	 5 
59.60 	 0.0000 	 0.9455 	 13 	 0 
59.70 	 6.0827 	 0.9438 	 13 	 5 
59.80 	 0.0000 	 0.9436 	 13 	 5 
59.90 	 0.0000 	 0.9443 	 13 	 17 
60.00 	 0.0000 	 0.9454 	 13 	 3 
60.10 	 0.0000 	 0.9444 	 13 	 0 
60.20 	 0.0000 	 0.9435 	 13 	 0 
60.30 	 0.0000 	 0.9422 	 13 	 0 
60.40 	 0.0000 	 0.9438 	 13 	 0 
60.50 	 3.0414 	 0.9430 	 13 	 4 
60.60 	 0.0000 	 0.9427 	 13 	 8 
60.70 	 0.0000 	 0.9420 	 13 	 4 
60.80 	 3.0414 	 0.9404 	 13 	 10 
60.90 	 3.0414 	 0.9376 	 13 	 17 
61.00 	 0.0000 	 0.9383 	 13 	 17 
61.10 	 0.0000 	 0.9385 	 13 	 6 
61.20 	 3.0414 	 0.9365 	 13 	 6 
61.30 	 0.0000 	 0.9364 	 13 	 3 
61.40 	 0.0000 	 0.9337 	 13 	 15 
61.50 	 0.0000 	 0.9327 	 13 	 8 
61.60 	 3.0414 	 0.9312 	 13 	 8 
61.70 	 0.0000 	 0.9298 	 13 	 1 
61.80 	 3.0414 	 0.9290 	 13 	 1 
61.90 	 0.0000 	 0.9285 	 13 	 1 
62.00 	 0.0000 	 0.9246 	 13 	 1 
62.10 	 0.0000 	 0.9215 	 13 	 19 
62.20 	 0.0000 	 0.9187 	 14 	 0 
62.30 	 0.0000 	 0.9153 	 14 	 0 
62.40 	 0.0000 	 0.9161 	 14 	 6 
62.50 	 3.0414 	 0.9155 	 14 	 0 
62.60 	 3.0414 	 0.9150 	 14 	 6 
62.70 	 3.0414 	 0.9131 	 14 	 1 
62.80 	 0.0000 	 0.9135 	 14 	 1 
62.90 	 0.0000 	 0.9134 	 14 	 9 
63.00 	 0.0000 	 0.9150 	 14 	 9 
63.10 	 0.0000 	 0.9161 	 14 	 1 
63.20 	 0.0000 	 0.9139 	 14 	 1 
63.30 	 0.0000 	 0.9121 	 14 	 2 
63.40 	 0.0000 	 0.9108 	 14 	 0 
63.50 	 3.0414 	 0.9113 	 14 	 6 
63.60 	 0.0000 	 0.9107 	 14 	 0 
63.70 	 0.0000 	 0.9101 	 14 	 7 
63.80 	 6.0827 	 0.9102 	 14 	 2 
63.90 	 0.0000 	 0.9099 	 14 	 2 
64.00 	 0.0000 	 0.9087 	 14 	 2 
64.10 	 0.0000 	 0.9069 	 14 	 9 
64.20 	 0.0000 	 0.9056 	 14 	 4 
64.30 	 0.0000 	 0.9030 	 14 	 9 
64.40 	 0.0000 	 0.9025 	 14 	 12 
64.50 	 0.0000 	 0.9006 	 14 	 2 
64.60 	 3.0414 	 0.8996 	 14 	 2 
64.70 	 0.0000 	 0.8972 	 15 	 2 
64.80 	 0.0000 	 0.8977 	 15 	 0 
64.90 	 0.0000 	 0.9002 	 15 	 0 
65.00 	 3.0414 	 0.9006 	 15 	 7 
65.10 	 0.0000 	 0.8999 	 15 	 7 
65.20 	 3.0414 	 0.8975 	 15 	 1 
65.30 	 0.0000 	 0.8966 	 15 	 1 
65.40 	 3.0414 	 0.8964 	 15 	 2 
65.50 	 0.0000 	 0.8962 	 15 	 2 
65.60 	 0.0000 	 0.8954 	 15 	 2 
65.70 	 0.0000 	 0.8954 	 15 	 10 
65.80 	 0.0000 	 0.8982 	 15 	 2 
65.90 	 0.0000 	 0.8981 	 15 	 15 
66.00 	 0.0000 	 0.8986 	 15 	 15 
66.10 	 0.0000 	 0.8998 	 15 	 0 
66.20 	 3.0414 	 0.9011 	 15 	 15 
66.30 	 0.0000 	 0.9038 	 15 	 15 
66.40 	 3.0414 	 0.9062 	 15 	 8 
66.50 	 3.0414 	 0.9058 	 15 	 8 
66.60 	 0.0000 	 0.9036 	 15 	 1 
66.70 	 0.0000 	 0.9024 	 15 	 3 
66.80 	 0.0000 	 0.8984 	 15 	 3 
66.90 	 0.0000 	 0.8965 	 15 	 13 
67.00 	 0.0000 	 0.8942 	 15 	 10 
67.10 	 0.0000 	 0.8926 	 15 	 0 
67.20 	 0.0000 	 0.8910 	 15 	 0 
67.30 	 3.0414 	 0.8930 	 15 	 2 
67.40 	 3.0414 	 0.8926 	 15 	 1 
67.50 	 0.0000 	 0.8925 	 15 	 1 
67.60 	 0.0000 	 0.8905 	 16 	 0 
67.70 	 3.0414 	 0.8900 	 16 	 1 
67.80 	 0.0000 	 0.8913 	 16 	 1 
67.90 	 0.0000 	 0.8920 	 16 	 2 
68.00 	 0.0000 	 0.8906 	 16 	 2 
68.10 	 0.0000 	 0.8911 	 16 	 3 
68.20 	 3.0414 	 0.8912 	 16 	 3 
68.30 	 0.0000 	 0.8916 	 16 	 3 
68.40 	 3.0414 	 0.8912 	 16 	 11 
68.50 	 0.0000 	 0.8902 	 16 	 15 
68.60 	 0.0000 	 0.8915 	 16 	 15 
68.70 	 0.0000 	 0.8924 	 16 	 3 
68.80 	 0.0000 	 0.8918 	 16 	 16 
68.90 	 0.0000 	 0.8935 	 16 	 16 
69.00 	 3.0414 	 0.8937 	 16 	 8 
69.10 	 0.0000 	 0.8934 	 16 	 8 
69.20 	 0.0000 	 0.8940 	 16 	 0 
69.30 	 3.0414 	 0.8938 	 16 	 4 
69.40 	 3.0414 	 0.8946 	 16 	 4 
69.50 	 0.0000 	 0.8957 	 16 	 4 
69.60 	 0.0000 	 0.8961 	 16 	 4 
69.70 	 0.0000 	 0.8952 	 16 	 4 
69.80 	 3.0414 	 0.8942 	 16 	 1 
69.90 	 0.0000 	 0.8947 	 16 	 1 
70.00 	 0.0000 	 0.8945 	 16 	 1 
70.10 	 0.0000 	 0.8932 	 16 	 1 
70.20 	 0.0000 	 0.8943 	 16 	 3 
70.30 	 3.0414 	 0.8973 	 16 	 4 
70.40 	 0.0000 	 0.8971 	 16 	 4 
70.50 	 3.0414 	 0.8973 	 16 	 4 
70.60 	 0.0000 	 0.8980 	 17 	 4 
70.70 	 3.0414 	 0.8983 	 17 	 4 
70.80 	 0.0000 	 0.8994 	 17 	 1 
70.90 	 0.0000 	 0.8990 	 17 	 4 
71.00 	 0.0000 	 0.8981 	 17 	 4 
71.10 	 3.0414 	 0.8979 	 17 	 15 
71.20 	 0.0000 	 0.8968 	 17 	 12 
71.30 	 0.0000 	 0.8978 	 17 	 12 
71.40 	 0.0000 	 0.8994 	 17 	 16 
71.50 	 0.0000 	 0.8997 	 17 	 16 
71.60 	 3.0414 	 0.8992 	 17 	 16 
71.70 	 0.0000 	 0.8998 	 17 	 4 
71.80 	 3.0414 	 0.8985 	 17 	 4 
71.90 	 0.0000 	 0.8989 	 17 	 9 
72.00 	 3.0414 	 0.8993 	 17 	 5 
72.10 	 0.0000 	 0.9018 	 17 	 5 
72.20 	 0.0000 	 0.9030 	 17 	 5 
72.30 	 0.0000 	 0.9025 	 17 	 5 
72.40 	 0.0000 	 0.9014 	 17 	 5 
72.50 	 3.0414 	 0.8992 	 17 	 2 
72.60 	 0.0000 	 0.9038 	 17 	 1 
72.70 	 0.0000 	 0.9060 	 17 	 16 
72.80 	 0.0000 	 0.9072 	 17 	 3 
72.90 	 0.0000 	 0.9070 	 17 	 13 
73.00 	 3.0414 	 0.9080 	 17 	 4 
73.10 	 3.0414 	 0.9059 	 17 	 4 
73.20 	 0.0000 	 0.9034 	 17 	 4 
73.30 	 0.0000 	 0.9037 	 17 	 5 
73.40 	 0.0000 	 0.9035 	 18 	 5 
73.50 	 0.0000 	 0.9032 	 18 	 5 
73.60 	 0.0000 	 0.9017 	 18 	 5 
73.70 	 0.0000 	 0.9012 	 18 	 0 
73.80 	 0.0000 	 0.8993 	 18 	 0 
73.90 	 0.0000 	 0.8978 	 18 	 0 
74.00 	 3.0414 	 0.8985 	 18 	 2 
74.10 	 6.0827 	 0.8993 	 18 	 2 
74.20 	 0.0000 	 0.8988 	 18 	 4 
74.30 	 0.0000 	 0.8999 	 18 	 4 
74.40 	 0.0000 	 0.9015 	 18 	 2 
74.50 	 0.0000 	 0.9015 	 18 	 5 
74.60 	 0.0000 	 0.8996 	 18 	 0 
74.70 	 0.0000 	 0.9003 	 18 	 0 
74.80 	 6.0827 	 0.9031 	 18 	 6 
74.90 	 0.0000 	 0.9028 	 18 	 6 
75.00 	 0.0000 	 0.9029 	 18 	 6 
75.10 	 0.0000 	 0.9033 	 18 	 2 
75.20 	 0.0000 	 0.9015 	 18 	 0 
75.30 	 0.0000 	 0.9018 	 18 	 0 
75.40 	 0.0000 	 0.9003 	 18 	 0 
75.50 	 0.0000 	 0.9006 	 18 	 0 
75.60 	 3.0414 	 0.8994 	 18 	 3 
75.70 	 0.0000 	 0.8969 	 18 	 4 
75.80 	 3.0414 	 0.8978 	 18 	 3 
75.90 	 0.0000 	 0.8978 	 19 	 3 
76.00 	 3.0414 	 0.8984 	 19 	 3 
76.10 	 0.0000 	 0.8999 	 19 	 5 
76.20 	 0.0000 	 0.9003 	 19 	 6 
76.30 	 3.0414 	 0.8986 	 19 	 1 
76.40 	 0.0000 	 0.8976 	 19 	 17 
76.50 	 0.0000 	 0.8985 	 19 	 17 
76.60 	 0.0000 	 0.8987 	 19 	 1 
76.70 	 0.0000 	 0.8977 	 19 	 2 
76.80 	 0.0000 	 0.8989 	 19 	 2 
76.90 	 3.0414 	 0.8990 	 19 	 3 
77.00 	 0.0000 	 0.9009 	 19 	 3 
77.10 	 3.0414 	 0.9035 	 19 	 3 
77.20 	 3.0414 	 0.9062 	 19 	 5 
77.30 	 0.0000 	 0.9074 	 19 	 1 
77.40 	 0.0000 	 0.9068 	 19 	 1 
77.50 	 0.0000 	 0.9092 	 19 	 3 
77.60 	 0.0000 	 0.9121 	 19 	 4 
77.70 	 3.0414 	 0.9149 	 19 	 4 
77.80 	 0.0000 	 0.9177 	 19 	 7 
77.90 	 0.0000 	 0.9192 	 19 	 7 
78.00 	 0.0000 	 0.9200 	 19 	 18 
78.10 	 3.0414 	 0.9226 	 0 	 18 
78.20 	 0.0000 	 0.9253 	 0 	 1 
78.30 	 0.0000 	 0.9264 	 0 	 1 
78.40 	 0.0000 	 0.9286 	 0 	 3 
78.50 	 0.0000 	 0.9301 	 0 	 0 
78.60 	 3.0414 	 0.9326 	 0 	 4 
78.70 	 0.0000 	 0.9339 	 0 	 4 
78.80 	 0.0000 	 0.9340 	 0 	 4 
78.90 	 3.0414 	 0.9340 	 0 	 4 
79.00 	 0.0000 	 0.9363 	 0 	 2 
79.10 	 0.0000 	 0.9372 	 0 	 7 
79.20 	 0.0000 	 0.9368 	 0 	 2 
79.30 	 3.0414 	 0.9348 	 0 	 2 
79.40 	 0.0000 	 0.9341 	 0 	 2 
79.50 	 3.0414 	 0.9294 	 0 	 1 
79.60 	 0.0000 	 0.9251 	 0 	 2 
79.70 	 0.0000 	 0.9230 	 0 	 3 
79.80 	 0.0000 	 0.9235 	 0 	 0 
79.90 	 0.0000 	 0.9228 	 0 	 0 
80.00 	 3.0414 	 0.9214 	 0 	 4 
80.10 	 0.0000 	 0.9211 	 0 	 2 
80.20 	 3.0414 	 0.9209 	 0 	 2 
80.30 	 0.0000 	 0.9188 	 0 	 4 
80.40 	 0.0000 	 0.9197 	 0 	 2 
80.50 	 0.0000 	 0.9199 	 0 	 2 
80.60 	 3.0414 	 0.9178 	 1 	 2 
80.70 	 0.0000 	 0.9184 	 1 	 11 
80.80 	 0.0000 	 0.9193 	 1 	 8 
80.90 	 3.0414 	 0.9181 	 1 	 1 
81.00 	 0.0000 	 0.9195 	 1 	 1 
81.10 	 0.0000 	 0.9189 	 1 	 2 
81.20 	 3.0414 	 0.9202 	 1 	 1 
81.30 	 0.0000 	 0.9185 	 1 	 1 
81.40 	 0.0000 	 0.9213 	 1 	 11 
81.50 	 0.0000 	 0.9204 	 1 	 5 
81.60 	 3.0414 	 0.9199 	 1 	 1 
81.70 	 0.0000 	 0.9194 	 1 	 2 
81.80 	 0.0000 	 0.9186 	 1 	 5 
81.90 	 0.0000 	 0.9196 	 1 	 5 
82.00 	 0.0000 	 0.9187 	 1 	 3 
82.10 	 3.0414 	 0.9187 	 1 	 1 
82.20 	 3.0414 	 0.9201 	 1 	 1 
82.30 	 0.0000 	 0.9216 	 1 	 1 
82.40 	 0.0000 	 0.9231 	 1 	 1 
82.50 	 0.0000 	 0.9244 	 1 	 3 
82.60 	 3.0414 	 0.9249 	 1 	 2 
82.70 	 0.0000 	 0.9245 	 1 	 12 
82.80 	 0.0000 	 0.9237 	 1 	 12 
82.90 	 0.0000 	 0.9228 	 1 	 5 
83.00 	 0.0000 	 0.9241 	 1 	 3 
83.10 	 3.0414 	 0.9232 	 1 	 3 
83.20 	 0.0000 	 0.9238 	 1 	 9 
83.30 	 0.0000 	 0.9236 	 1 	 9 
83.40 	 0.0000 	 0.9262 	 1 	 0 
83.50 	 3.0414 	 0.9288 	 1 	 2 
83.60 	 0.0000 	 0.9308 	 1 	 2 
83.70 	 0.0000 	 0.9334 	 2 	 2 
83.80 	 0.0000 	 0.9320 	 2 	 2 
83.90 	 0.0000 	 0.9307 	 2 	 2 
84.00 	 3.0414 	 0.9304 	 2 	 3 
84.10 	 0.0000 	 0.9320 	 2 	 3 
84.20 	 6.0827 	 0.9329 	 2 	 1 
84.30 	 0.0000 	 0.9340 	 2 	 2 
84.40 	 0.0000 	 0.9333 	 2 	 2 
84.50 	 0.0000 	 0.9337 	 2 	 2 
84.60 	 0.0000 	 0.9354 	 2 	 2 
84.70 	 3.0414 	 0.9357 	 2 	 2 
84.80 	 0.0000 	 0.9359 	 2 	 2 
84.90 	 3.0414 	 0.9344 	 2 	 1 
85.00 	 0.0000 	 0.9319 	 2 	 2 
85.10 	 0.0000 	 0.9329 	 2 	 2 
85.20 	 0.0000 	 0.9334 	 2 	 2 
85.30 	 0.0000 	 0.9332 	 2 	 3 
85.40 	 0.0000 	 0.9341 	 2 	 13 
85.50 	 0.0000 	 0.9343 	 2 	 2 
85.60 	 3.0414 	 0.9358 	 2 	 2 
85.70 	 3.0414 	 0.9387 	 2 	 2 
85.80 	 3.0414 	 0.9390 	 2 	 2 
85.90 	 0.0000 	 0.9413 	 2 	 1 
86.00 	 0.0000 	 0.9422 	 2 	 1 
86.10 	 0.0000 	 0.9439 	 2 	 2 
86.20 	 0.0000 	 0.9452 	 2 	 2 
86.30 	 0.0000 	 0.9457 	 2 	 2 
86.40 	 0.0000 	 0.9450 	 2 	 3 
86.50 	 3.0414 	 0.9466 	 2 	 2 
86.60 	 0.0000 	 0.9476 	 3 	 4 
86.70 	 0.0000 	 0.9507 	 3 	 4 
86.80 	 3.0414 	 0.9528 	 3 	 1 
86.90 	 0.0000 	 0.9542 	 3 	 1 
87.00 	 3.0414 	 0.9558 	 3 	 2 
87.10 	 0.0000 	 0.9538 	 3 	 2 
87.20 	 0.0000 	 0.9539 	 3 	 3 
87.30 	 0.0000 	 0.9552 	 3 	 3 
87.40 	 0.0000 	 0.9557 	 3 	 3 
87.50 	 0.0000 	 0.9560 	 3 	 3 
87.60 	 0.0000 	 0.9561 	 3 	 0 
87.70 	 0.0000 	 0.9548 	 3 	 0 
87.80 	 3.0414 	 0.9525 	 3 	 2 
87.90 	 0.0000 	 0.9514 	 3 	 5 
88.00 	 0.0000 	 0.9488 	 3 	 14 
88.10 	 0.0000 	 0.9471 	 3 	 0 
88.20 	 3.0414 	 0.9467 	 3 	 14 
88.30 	 0.0000 	 0.9444 	 3 	 3 
88.40 	 0.0000 	 0.9457 	 3 	 3 
88.50 	 0.0000 	 0.9445 	 3 	 3 
88.60 	 3.0414 	 0.9443 	 3 	 2 
88.70 	 0.0000 	 0.9419 	 3 	 2 
88.80 	 3.0414 	 0.9435 	 3 	 2 
88.90 	 0.0000 	 0.9442 	 3 	 2 
89.00 	 0.0000 	 0.9446 	 4 	 5 
89.10 	 0.0000 	 0.9464 	 4 	 0 
89.20 	 3.0414 	 0.9474 	 4 	 0 
89.30 	 3.0414 	 0.9489 	 4 	 1 
89.40 	 0.0000 	 0.9484 	 4 	 1 
89.50 	 0.0000 	 0.9491 	 4 	 6 
89.60 	 0.0000 	 0.9492 	 4 	 1 
89.70 	 0.0000 	 0.9491 	 4 	 3 
89.80 	 0.0000 	 0.9501 	 4 	 2 
89.90 	 0.0000 	 0.9508 	 4 	 2 
90.00 	 6.0827 	 0.9537 	 4 	 4 
90.10 	 0.0000 	 0.9564 	 4 	 1 
90.20 	 3.0414 	 0.9567 	 4 	 1 
90.30 	 0.0000 	 0.9573 	 4 	 1 
90.40 	 3.0414 	 0.9557 	 4 	 1 
90.50 	 0.0000 	 0.9564 	 4 	 1 
90.60 	 0.0000 	 0.9581 	 4 	 1 
90.70 	 0.0000 	 0.9595 	 4 	 1 
90.80 	 0.0000 	 0.9580 	 4 	 1 
90.90 	 0.0000 	 0.9561 	 4 	 1 
91.00 	 0.0000 	 0.9519 	 4 	 3 
91.10 	 0.0000 	 0.9507 	 4 	 12 
91.20 	 0.0000 	 0.9514 	 4 	 12 
91.30 	 3.0414 	 0.9490 	 4 	 1 
91.40 	 0.0000 	 0.9490 	 4 	 4 
91.50 	 0.0000 	 0.9499 	 4 	 4 
91.60 	 3.0414 	 0.9481 	 4 	 3 
91.70 	 3.0414 	 0.9462 	 4 	 1 
91.80 	 0.0000 	 0.9472 	 5 	 1 
91.90 	 0.0000 	 0.9452 	 5 	 3 
92.00 	 0.0000 	 0.9421 	 5 	 5 
92.10 	 0.0000 	 0.9421 	 5 	 2 
92.20 	 0.0000 	 0.9415 	 5 	 2 
92.30 	 0.0000 	 0.9397 	 5 	 2 
92.40 	 0.0000 	 0.9401 	 5 	 2 
92.50 	 0.0000 	 0.9395 	 5 	 2 
92.60 	 0.0000 	 0.9386 	 5 	 2 
92.70 	 6.0827 	 0.9385 	 5 	 3 
92.80 	 0.0000 	 0.9401 	 5 	 3 
92.90 	 0.0000 	 0.9418 	 5 	 3 
93.00 	 3.0414 	 0.9402 	 5 	 2 
93.10 	 0.0000 	 0.9408 	 5 	 2 
93.20 	 0.0000 	 0.9412 	 5 	 2 
93.30 	 0.0000 	 0.9396 	 5 	 2 
93.40 	 0.0000 	 0.9376 	 5 	 2 
93.50 	 0.0000 	 0.9381 	 5 	 2 
93.60 	 0.0000 	 0.9380 	 5 	 2 
93.70 	 0.0000 	 0.9381 	 5 	 2 
93.80 	 0.0000 	 0.9358 	 5 	 10 
93.90 	 3.0414 	 0.9339 	 5 	 2 
94.00 	 0.0000 	 0.9316 	 5 	 2 
94.10 	 3.0414 	 0.9279 	 5 	 13 
94.20 	 0.0000 	 0.9238 	 5 	 2 
94.30 	 3.0414 	 0.9219 	 5 	 2 
94.40 	 0.0000 	 0.9184 	 5 	 2 
94.50 	 0.0000 	 0.9199 	 6 	 2 
94.60 	 3.0414 	 0.9207 	 6 	 2 
94.70 	 0.0000 	 0.9196 	 6 	 4 
94.80 	 0.0000 	 0.9188 	 6 	 6 
94.90 	 0.0000 	 0.9200 	 6 	 10 
95.00 	 0.0000 	 0.9201 	 6 	 13 
95.10 	 0.0000 	 0.9177 	 6 	 3 
95.20 	 0.0000 	 0.9157 	 6 	 3 
95.30 	 3.0414 	 0.9166 	 6 	 3 
95.40 	 6.0827 	 0.9154 	 6 	 1 
95.50 	 0.0000 	 0.9162 	 6 	 3 
95.60 	 0.0000 	 0.9182 	 6 	 3 
95.70 	 0.0000 	 0.9201 	 6 	 3 
95.80 	 0.0000 	 0.9206 	 6 	 3 
95.90 	 3.0414 	 0.9213 	 6 	 3 
96.00 	 0.0000 	 0.9225 	 6 	 3 
96.10 	 0.0000 	 0.9221 	 6 	 3 
96.20 	 0.0000 	 0.9231 	 6 	 3 
96.30 	 0.0000 	 0.9253 	 6 	 3 
96.40 	 0.0000 	 0.9264 	 6 	 3 
96.50 	 0.0000 	 0.9244 	 6 	 3 
96.60 	 3.0414 	 0.9255 	 6 	 3 
96.70 	 0.0000 	 0.9258 	 6 	 14 
96.80 	 3.0414 	 0.9268 	 6 	 3 
96.90 	 3.0414 	 0.9290 	 6 	 1 
97.00 	 0.0000 	 0.9279 	 6 	 1 
97.10 	 0.0000 	 0.9295 	 6 	 3 
97.20 	 0.0000 	 0.9309 	 6 	 3 
97.30 	 0.0000 	 0.9290 	 7 	 3 
97.40 	 0.0000 	 0.9279 	 7 	 3 
97.50 	 0.0000 	 0.9265 	 7 	 3 
97.60 	 0.0000 	 0.9238 	 7 	 3 
97.70 	 0.0000 	 0.9238 	 7 	 3 
97.80 	 0.0000 	 0.9178 	 7 	 17 
97.90 	 0.0000 	 0.9152 	 7 	 4 
98.00 	 3.0414 	 0.9151 	 7 	 4 
98.10 	 3.0414 	 0.9133 	 7 	 4 
98.20 	 0.0000 	 0.9129 	 7 	 6 
98.30 	 3.0414 	 0.9125 	 7 	 3 
98.40 	 0.0000 	 0.9113 	 7 	 4 
98.50 	 0.0000 	 0.9101 	 7 	 2 
98.60 	 0.0000 	 0.9090 	 7 	 2 
98.70 	 0.0000 	 0.9066 	 7 	 4 
98.80 	 0.0000 	 0.9058 	 7 	 4 
98.90 	 0.0000 	 0.9032 	 7 	 4 
99.00 	 0.0000 	 0.9025 	 7 	 4 
99.10 	 3.0414 	 0.9001 	 7 	 4 
99.20 	 3.0414 	 0.8978 	 7 	 4 
99.30 	 0.0000 	 0.8967 	 7 	 2 
99.40 	 0.0000 	 0.8963 	 7 	 2 
99.50 	 0.0000 	 0.8968 	 7 	 3 
99.60 	 3.0414 	 0.8965 	 7 	 4 
99.70 	 0.0000 	 0.8979 	 7 	 7 
99.80 	 0.0000 	 0.8986 	 7 	 4 
99.90 	 3.0414 	 0.8987 	 7 	 2 
100.00 	 0.0000 	 0.9001 	 7 	 2 
100.10 	 0.0000 	 0.9010 	 8 	 2 
100.20 	 0.0000 	 0.9035 	 8 	 4 
100.30 	 0.0000 	 0.9038 	 8 	 4 
100.40 	 3.0414 	 0.9037 	 8 	 4 
100.50 	 0.0000 	 0.9043 	 8 	 4 
100.60 	 0.0000 	 0.9030 	 8 	 4 
100.70 	 0.0000 	 0.9009 	 8 	 4 
100.80 	 0.0000 	 0.8991 	 8 	 5 
100.90 	 3.0414 	 0.8982 	 8 	 5 
101.00 	 0.0000 	 0.8976 	 8 	 5 
101.10 	 3.0414 	 0.8983 	 8 	 10 
101.20 	 3.0414 	 0.8984 	 8 	 18 
101.30 	 0.0000 	 0.8994 	 8 	 2 
101.40 	 0.0000 	 0.9004 	 8 	 4 
101.50 	 0.0000 	 0.8997 	 8 	 3 
101.60 	 0.0000 	 0.8978 	 8 	 3 
101.70 	 0.0000 	 0.8947 	 8 	 3 
101.80 	 0.0000 	 0.8940 	 8 	 3 
101.90 	 0.0000 	 0.8936 	 8 	 5 
102.00 	 0.0000 	 0.8927 	 8 	 5 
102.10 	 0.0000 	 0.8934 	 8 	 5 
102.20 	 3.0414 	 0.8922 	 8 	 19 
102.30 	 0.0000 	 0.8914 	 8 	 5 
102.40 	 3.0414 	 0.8891 	 8 	 3 
102.50 	 3.0414 	 0.8892 	 8 	 1 
102.60 	 0.0000 	 0.8858 	 8 	 4 
102.70 	 0.0000 	 0.8857 	 8 	 4 
102.80 	 0.0000 	 0.8854 	 9 	 5 
102.90 	 0.0000 	 0.8839 	 9 	 5 
103.00 	 0.0000 	 0.8832 	 9 	 5 
103.10 	 3.0414 	 0.8833 	 9 	 3 
103.20 	 0.0000 	 0.8845 	 9 	 3 
103.30 	 0.0000 	 0.8839 	 9 	 3 
103.40 	 3.0414 	 0.8809 	 9 	 1 
103.50 	 0.0000 	 0.8824 	 9 	 10 
103.60 	 0.0000 	 0.8825 	 9 	 17 
103.70 	 0.0000 	 0.8834 	 9 	 2 
103.80 	 0.0000 	 0.8853 	 9 	 2 
103.90 	 0.0000 	 0.8880 	 9 	 0 
104.00 	 0.0000 	 0.8891 	 9 	 0 
104.10 	 3.0414 	 0.8883 	 9 	 6 
104.20 	 3.0414 	 0.8883 	 9 	 3 
104.30 	 0.0000 	 0.8907 	 9 	 6 
104.40 	 0.0000 	 0.8902 	 9 	 0 
104.50 	 0.0000 	 0.8913 	 9 	 0 
104.60 	 0.0000 	 0.8899 	 9 	 4 
104.70 	 0.0000 	 0.8889 	 9 	 4 
104.80 	 3.0414 	 0.8888 	 9 	 0 
104.90 	 0.0000 	 0.8886 	 9 	 0 
105.00 	 0.0000 	 0.8875 	 9 	 0 
105.10 	 3.0414 	 0.8866 	 9 	 0 
105.20 	 0.0000 	 0.8877 	 9 	 0 
105.30 	 3.0414 	 0.8874 	 9 	 1 
105.40 	 0.0000 	 0.8879 	 9 	 1 
105.50 	 0.0000 	 0.8874 	 9 	 9 
105.60 	 0.0000 	 0.8858 	 10 	 14 
105.70 	 0.0000 	 0.8860 	 10 	 6 
105.80 	 0.0000 	 0.8845 	 10 	 6 
105.90 	 0.0000 	 0.8839 	 10 	 4 
106.00 	 0.0000 	 0.8845 	 10 	 0 
106.10 	 0.0000 	 0.8833 	 10 	 0 
106.20 	 6.0827 	 0.8803 	 10 	 0 
106.30 	 0.0000 	 0.8798 	 10 	 0 
106.40 	 3.0414 	 0.8787 	 10 	 1 
106.50 	 0.0000 	 0.8788 	 10 	 1 
106.60 	 0.0000 	 0.8794 	 10 	 3 
106.70 	 0.0000 	 0.8783 	 10 	 3 
106.80 	 0.0000 	 0.8739 	 10 	 3 
106.90 	 0.0000 	 0.8738 	 10 	 3 
107.00 	 0.0000 	 0.8736 	 10 	 2 
107.10 	 6.0827 	 0.8747 	 10 	 2 
107.20 	 0.0000 	 0.8772 	 10 	 2 
107.30 	 0.0000 	 0.8789 	 10 	 2 
107.40 	 0.0000 	 0.8809 	 10 	 8 
107.50 	 0.0000 	 0.8820 	 10 	 7 
107.60 	 3.0414 	 0.8837 	 10 	 1 
107.70 	 0.0000 	 0.8835 	 10 	 1 
107.80 	 0.0000 	 0.8838 	 10 	 7 
107.90 	 0.0000 	 0.8816 	 10 	 18 
108.00 	 6.0827 	 0.8799 	 10 	 1 
108.10 	 0.0000 	 0.8822 	 11 	 18 
108.20 	 0.0000 	 0.8831 	 11 	 2 
108.30 	 0.0000 	 0.8842 	 11 	 15 
108.40 	 0.0000 	 0.8839 	 11 	 15 
108.50 	 0.0000 	 0.8868 	 11 	 2 
108.60 	 0.0000 	 0.8875 	 11 	 2 
108.70 	 0.0000 	 0.8904 	 11 	 0 
108.80 	 0.0000 	 0.8915 	 11 	 0 
108.90 	 3.0414 	 0.8916 	 11 	 1 
109.00 	 0.0000 	 0.8944 	 11 	 3 
109.10 	 3.0414 	 0.8935 	 11 	 1 
109.20 	 0.0000 	 0.8958 	 11 	 13 
109.30 	 0.0000 	 0.8984 	 11 	 2 
109.40 	 0.0000 	 0.8996 	 11 	 18 
109.50 	 3.0414 	 0.9005 	 11 	 8 
109.60 	 0.0000 	 0.9034 	 11 	 8 
109.70 	 0.0000 	 0.9032 	 11 	 8 
109.80 	 0.0000 	 0.9029 	 11 	 8 
109.90 	 0.0000 	 0.9040 	 11 	 0 
110.00 	 0.0000 	 0.9044 	 11 	 0 
110.10 	 3.0414 	 0.9051 	 11 	 3 
110.20 	 0.0000 	 0.9067 	 11 	 3 
110.30 	 3.0414 	 0.9050 	 11 	 6 
110.40 	 0.0000 	 0.9075 	 11 	 6 
110.50 	 0.0000 	 0.9088 	 11 	 8 
110.60 	 0.0000 	 0.9102 	 12 	 8 
110.70 	 0.0000 	 0.9110 	 12 	 4 
110.80 	 3.0414 	 0.9128 	 12 	 8 
110.90 	 0.0000 	 0.9147 	 12 	 19 
111.00 	 0.0000 	 0.9157 	 12 	 3 
111.10 	 0.0000 	 0.9168 	 12 	 3 
111.20 	 3.0414 	 0.9177 	 12 	 3 
111.30 	 0.0000 	 0.9183 	 12 	 16 
111.40 	 0.0000 	 0.9160 	 12 	 16 
111.50 	 0.0000 	 0.9168 	 12 	 16 
111.60 	 3.0414 	 0.9158 	 12 	 16 
111.70 	 3.0414 	 0.9147 	 12 	 16 
111.80 	 0.0000 	 0.9130 	 12 	 16 
111.90 	 0.0000 	 0.9123 	 12 	 8 
112.00 	 0.0000 	 0.9121 	 12 	 8 
112.10 	 0.0000 	 0.9124 	 12 	 3 
112.20 	 0.0000 	 0.9123 	 12 	 9 
112.30 	 0.0000 	 0.9122 	 12 	 9 
112.40 	 0.0000 	 0.9116 	 12 	 0 
112.50 	 3.0414 	 0.9119 	 12 	 5 
112.60 	 0.0000 	 0.9135 	 12 	 0 
112.70 	 3.0414 	 0.9134 	 12 	 10 
112.80 	 0.0000 	 0.9123 	 12 	 16 
112.90 	 3.0414 	 0.9150 	 12 	 16 
113.00 	 0.0000 	 0.9155 	 12 	 16 
113.10 	 0.0000 	 0.9164 	 12 	 17 
113.20 	 0.0000 	 0.9165 	 12 	 9 
113.30 	 0.0000 	 0.9157 	 13 	 0 
113.40 	 0.0000 	 0.9156 	 13 	 0 
113.50 	 0.0000 	 0.9127 	 13 	 0 
113.60 	 3.0414 	 0.9108 	 13 	 4 
113.70 	 0.0000 	 0.9094 	 13 	 4 
113.80 	 3.0414 	 0.9119 	 13 	 0 
113.90 	 0.0000 	 0.9130 	 13 	 17 
114.00 	 0.0000 	 0.9152 	 13 	 0 
114.10 	 0.0000 	 0.9156 	 13 	 0 
114.20 	 3.0414 	 0.9170 	 13 	 17 
114.30 	 0.0000 	 0.9184 	 13 	 17 
114.40 	 0.0000 	 0.9205 	 13 	 9 
114.50 	 0.0000 	 0.9205 	 13 	 17 
114.60 	 0.0000 	 0.9207 	 13 	 0 
114.70 	 0.0000 	 0.9242 	 13 	 0 
114.80 	 0.0000 	 0.9281 	 13 	 0 
114.90 	 6.0827 	 0.9309 	 13 	 10 
115.00 	 3.0414 	 0.9342 	 13 	 6 
115.10 	 0.0000 	 0.9353 	 13 	 6 
115.20 	 0.0000 	 0.9387 	 13 	 10 
115.30 	 0.0000 	 0.9407 	 13 	 0 
115.40 	 0.0000 	 0.9422 	 13 	 0 
115.50 	 3.0414 	 0.9426 	 13 	 3 
115.60 	 3.0414 	 0.9458 	 13 	 3 
115.70 	 0.0000 	 0.9471 	 13 	 17 
115.80 	 0.0000 	 0.9501 	 13 	 4 
115.90 	 3.0414 	 0.9505 	 13 	 17 
116.00 	 0.0000 	 0.9496 	 13 	 17 
116.10 	 0.0000 	 0.9479 	 13 	 10 
116.20 	 0.0000 	 0.9472 	 14 	 10 
116.30 	 0.0000 	 0.9445 	 14 	 10 
116.40 	 3.0414 	 0.9439 	 14 	 10 
116.50 	 0.0000 	 0.9405 	 14 	 9 
116.60 	 3.0414 	 0.9394 	 14 	 1 
116.70 	 0.0000 	 0.9363 	 14 	 3 
116.80 	 0.0000 	 0.9365 	 14 	 4 
116.90 	 0.0000 	 0.9353 	 14 	 10 
117.00 	 3.0414 	 0.9349 	 14 	 1 
117.10 	 0.0000 	 0.9335 	 14 	 18 
117.20 	 0.0000 	 0.9340 	 14 	 18 
117.30 	 0.0000 	 0.9333 	 14 	 18 
117.40 	 0.0000 	 0.9326 	 14 	 18 
117.50 	 0.0000 	 0.9332 	 14 	 6 
117.60 	 3.0414 	 0.9337 	 14 	 10 
117.70 	 0.0000 	 0.9338 	 14 	 9 
117.80 	 6.0827 	 0.9340 	 14 	 9 
117.90 	 0.0000 	 0.9346 	 14 	 9 
118.00 	 0.0000 	 0.9343 	 14 	 9 
118.10 	 0.0000 	 0.9329 	 14 	 11 
118.20 	 0.0000 	 0.9317 	 14 	 4 
118.30 	 0.0000 	 0.9306 	 14 	 2 
118.40 	 0.0000 	 0.9289 	 14 	 2 
118.50 	 0.0000 	 0.9299 	 14 	 8 
118.60 	 0.0000 	 0.9316 	 14 	 8 
118.70 	 3.0414 	 0.9324 	 14 	 9 
118.80 	 0.0000 	 0.9324 	 14 	 11 
118.90 	 0.0000 	 0.9334 	 14 	 11 
119.00 	 3.0414 	 0.9343 	 14 	 4 
119.10 	 0.0000 	 0.9333 	 15 	 4 
119.20 	 3.0414 	 0.9337 	 15 	 2 
119.30 	 0.0000 	 0.9314 	 15 	 2 
119.40 	 0.0000 	 0.9309 	 15 	 2 
119.50 	 0.0000 	 0.9308 	 15 	 8 
119.60 	 3.0414 	 0.9302 	 15 	 5 
119.70 	 0.0000 	 0.9285 	 15 	 5 
119.80 	 0.0000 	 0.9268 	 15 	 9 
119.90 	 0.0000 	 0.9254 	 15 	 19 
120.00 	 0.0000 	 0.9231 	 15 	 11 
120.10 	 3.0414 	 0.9220 	 15 	 7 
120.20 	 0.0000 	 0.9222 	 15 	 7 
120.30 	 0.0000 	 0.9195 	 15 	 9 
120.40 	 0.0000 	 0.9186 	 15 	 3 
120.50 	 3.0414 	 0.9137 	 15 	 3 
120.60 	 0.0000 	 0.9118 	 15 	 5 
120.70 	 3.0414 	 0.9080 	 15 	 10 
120.80 	 0.0000 	 0.9080 	 15 	 5 
120.90 	 0.0000 	 0.9062 	 15 	 10 
121.00 	 0.0000 	 0.9037 	 15 	 9 
121.10 	 0.0000 	 0.9022 	 15 	 10 
121.20 	 0.0000 	 0.9011 	 15 	 0 
121.30 	 0.0000 	 0.9018 	 15 	 0 
121.40 	 0.0000 	 0.9039 	 15 	 0 
121.50 	 6.0827 	 0.9049 	 15 	 11 
121.60 	 0.0000 	 0.9049 	 15 	 11 
121.70 	 0.0000 	 0.9049 	 15 	 4 
121.80 	 3.0414 	 0.9039 	 15 	 12 
121.90 	 0.0000 	 0.9034 	 16 	 5 
122.00 	 0.0000 	 0.9041 	 16 	 5 
122.10 	 0.0000 	 0.9062 	 16 	 9 
122.20 	 0.0000 	 0.9036 	 16 	 10 
122.30 	 0.0000 	 0.9023 	 16 	 10 
122.40 	 0.0000 	 0.9021 	 16 	 10 
122.50 	 3.0414 	 0.9011 	 16 	 10 
122.60 	 0.0000 	 0.9007 	 16 	 0 
122.70 	 0.0000 	 0.9010 	 16 	 11 
122.80 	 3.0414 	 0.8994 	 16 	 4 
122.90 	 0.0000 	 0.8966 	 16 	 5 
123.00 	 3.0414 	 0.8935 	 16 	 5 
123.10 	 3.0414 	 0.8903 	 16 	 10 
123.20 	 0.0000 	 0.8918 	 16 	 6 
123.30 	 0.0000 	 0.8893 	 16 	 6 
123.40 	 0.0000 	 0.8904 	 16 	 0 
123.50 	 0.0000 	 0.8873 	 16 	 0 
123.60 	 0.0000 	 0.8849 	 16 	 0 
123.70 	 0.0000 	 0.8820 	 16 	 0 
123.80 	 0.0000 	 0.8803 	 16 	 0 
123.90 	 0.0000 	 0.8803 	 16 	 0 
124.00 	 6.0827 	 0.8805 	 16 	 1 
124.10 	 0.0000 	 0.8776 	 16 	 1 
124.20 	 0.0000 	 0.8764 	 16 	 4 
124.30 	 0.0000 	 0.8753 	 16 	 11 
124.40 	 3.0414 	 0.8748 	 16 	 0 
124.50 	 0.0000 	 0.8749 	 16 	 0 
124.60 	 0.0000 	 0.8729 	 16 	 0 
124.70 	 0.0000 	 0.8712 	 16 	 13 
124.80 	 0.0000 	 0.8713 	 16 	 13 
124.90 	 0.0000 	 0.8694 	 17 	 0 
125.00 	 6.0827 	 0.8677 	 17 	 1 
125.10 	 0.0000 	 0.8670 	 17 	 1 
125.20 	 0.0000 	 0.8633 	 17 	 11 
125.30 	 0.0000 	 0.8608 	 17 	 9 
125.40 	 3.0414 	 0.8587 	 17 	 9 
125.50 	 0.0000 	 0.8576 	 17 	 1 
125.60 	 0.0000 	 0.8584 	 17 	 1 
125.70 	 0.0000 	 0.8569 	 17 	 0 
125.80 	 0.0000 	 0.8552 	 17 	 11 
125.90 	 0.0000 	 0.8547 	 17 	 0 
126.00 	 0.0000 	 0.8547 	 17 	 0 
126.10 	 3.0414 	 0.8551 	 17 	 9 
126.20 	 3.0414 	 0.8564 	 17 	 1 
126.30 	 3.0414 	 0.8554 	 17 	 1 
126.40 	 0.0000 	 0.8577 	 17 	 1 
126.50 	 0.0000 	 0.8584 	 17 	 1 
126.60 	 0.0000 	 0.8581 	 17 	 1 
126.70 	 0.0000 	 0.8526 	 17 	 1 
126.80 	 0.0000 	 0.8504 	 17 	 9 
126.90 	 0.0000 	 0.8502 	 17 	 7 
127.00 	 0.0000 	 0.8482 	 17 	 13 
127.10 	 0.0000 	 0.8474 	 17 	 0 
127.20 	 0.0000 	 0.8487 	 17 	 0 
127.30 	 3.0414 	 0.8508 	 17 	 12 
127.40 	 6.0827 	 0.8503 	 17 	 1 
127.50 	 0.0000 	 0.8494 	 17 	 1 
127.60 	 0.0000 	 0.8489 	 17 	 5 
127.70 	 0.0000 	 0.8505 	 17 	 5 
127.80 	 0.0000 	 0.8512 	 17 	 5 
127.90 	 0.0000 	 0.8506 	 18 	 11 
128.00 	 0.0000 	 0.8510 	 18 	 2 
128.10 	 0.0000 	 0.8509 	 18 	 2 
128.20 	 0.0000 	 0.8514 	 18 	 2 
128.30 	 0.0000 	 0.8512 	 18 	 12 
128.40 	 0.0000 	 0.8499 	 18 	 0 
128.50 	 0.0000 	 0.8509 	 18 	 0 
128.60 	 3.0414 	 0.8514 	 18 	 3 
128.70 	 6.0827 	 0.8523 	 18 	 1 
128.80 	 0.0000 	 0.8523 	 18 	 1 
128.90 	 0.0000 	 0.8506 	 18 	 1 
129.00 	 0.0000 	 0.8513 	 18 	 10 
129.10 	 0.0000 	 0.8503 	 18 	 5 
129.20 	 0.0000 	 0.8505 	 18 	 2 
129.30 	 0.0000 	 0.8501 	 18 	 2 
129.40 	 0.0000 	 0.8476 	 18 	 2 
129.50 	 0.0000 	 0.8457 	 18 	 2 
129.60 	 0.0000 	 0.8432 	 18 	 2 
129.70 	 3.0414 	 0.8417 	 18 	 6 
129.80 	 0.0000 	 0.8375 	 18 	 6 
129.90 	 3.0414 	 0.8345 	 18 	 3 
130.00 	 0.0000 	 0.8340 	 18 	 3 
130.10 	 3.0414 	 0.8316 	 18 	 1 
130.20 	 0.0000 	 0.8308 	 18 	 9 
130.30 	 0.0000 	 0.8284 	 18 	 13 
130.40 	 0.0000 	 0.8282 	 18 	 2 
130.50 	 0.0000 	 0.8299 	 18 	 2 
130.60 	 0.0000 	 0.8301 	 18 	 2 
130.70 	 3.0414 	 0.8291 	 18 	 6 
130.80 	 0.0000 	 0.8302 	 19 	 6 
130.90 	 0.0000 	 0.8297 	 19 	 12 
131.00 	 0.0000 	 0.8306 	 19 	 3 
131.10 	 0.0000 	 0.8309 	 19 	 3 
131.20 	 3.0414 	 0.8330 	 19 	 3 
131.30 	 0.0000 	 0.8339 	 19 	 0 
131.40 	 3.0414 	 0.8349 	 19 	 1 
131.50 	 0.0000 	 0.8362 	 19 	 1 
131.60 	 0.0000 	 0.8368 	 19 	 9 
131.70 	 3.0414 	 0.8377 	 19 	 9 
131.80 	 0.0000 	 0.8383 	 19 	 2 
131.90 	 0.0000 	 0.8375 	 19 	 9 
132.00 	 0.0000 	 0.8380 	 19 	 15 
132.10 	 0.0000 	 0.8380 	 19 	 7 
132.20 	 0.0000 	 0.8391 	 19 	 10 
132.30 	 0.0000 	 0.8383 	 19 	 10 
132.40 	 0.0000 	 0.8396 	 19 	 3 
132.50 	 0.0000 	 0.8400 	 19 	 0 
132.60 	 3.0414 	 0.8432 	 19 	 7 
132.70 	 3.0414 	 0.8433 	 19 	 1 
132.80 	 0.0000 	 0.8437 	 19 	 11 
132.90 	 3.0414 	 0.8439 	 19 	 1 
133.00 	 0.0000 	 0.8452 	 19 	 2 
133.10 	 0.0000 	 0.8440 	 19 	 2 
133.20 	 0.0000 	 0.8438 	 19 	 8 
133.30 	 3.0414 	 0.8436 	 19 	 8 
133.40 	 0.0000 	 0.8421 	 19 	 10 
133.50 	 0.0000 	 0.8408 	 19 	 10 
133.60 	 0.0000 	 0.8399 	 19 	 3 
133.70 	 0.0000 	 0.8371 	 19 	 10 
133.80 	 0.0000 	 0.8354 	 0 	 0 
133.90 	 0.0000 	 0.8342 	 0 	 0 
134.00 	 0.0000 	 0.8329 	 0 	 0 
134.10 	 3.0414 	 0.8306 	 0 	 4 
134.20 	 3.0414 	 0.8290 	 0 	 4 
134.30 	 0.0000 	 0.8278 	 0 	 4 
134.40 	 3.0414 	 0.8268 	 0 	 2 
134.50 	 0.0000 	 0.8273 	 0 	 11 
134.60 	 0.0000 	 0.8263 	 0 	 14 
134.70 	 0.0000 	 0.8267 	 0 	 10 
134.80 	 0.0000 	 0.8257 	 0 	 3 
134.90 	 0.0000 	 0.8265 	 0 	 10 
135.00 	 0.0000 	 0.8270 	 0 	 10 
135.10 	 0.0000 	 0.8276 	 0 	 0 
135.20 	 0.0000 	 0.8272 	 0 	 0 
135.30 	 3.0414 	 0.8233 	 0 	 4 
135.40 	 3.0414 	 0.8214 	 0 	 4 
135.50 	 0.0000 	 0.8205 	 0 	 4 
135.60 	 3.0414 	 0.8204 	 0 	 1 
135.70 	 0.0000 	 0.8214 	 0 	 1 
135.80 	 0.0000 	 0.8227 	 0 	 5 
135.90 	 0.0000 	 0.8240 	 0 	 8 
136.00 	 0.0000 	 0.8255 	 0 	 3 
136.10 	 0.0000 	 0.8263 	 0 	 3 
136.20 	 0.0000 	 0.8267 	 0 	 9 
136.30 	 0.0000 	 0.8267 	 0 	 9 
136.40 	 0.0000 	 0.8281 	 0 	 0 
136.50 	 3.0414 	 0.8319 	 1 	 4 
136.60 	 0.0000 	 0.8330 	 1 	 4 
136.70 	 0.0000 	 0.8349 	 1 	 9 
136.80 	 6.0827 	 0.8357 	 1 	 9 
136.90 	 0.0000 	 0.8358 	 1 	 9 
137.00 	 0.0000 	 0.8368 	 1 	 9 
137.10 	 0.0000 	 0.8392 	 1 	 5 
137.20 	 0.0000 	 0.8380 	 1 	 5 
137.30 	 0.0000 	 0.8372 	 1 	 5 
137.40 	 0.0000 	 0.8363 	 1 	 10 
137.50 	 0.0000 	 0.8361 	 1 	 2 
137.60 	 0.0000 	 0.8377 	 1 	 6 
137.70 	 0.0000 	 0.8374 	 1 	 0 
137.80 	 3.0414 	 0.8368 	 1 	 11 
137.90 	 3.0414 	 0.8366 	 1 	 9 
138.00 	 3.0414 	 0.8377 	 1 	 9 
138.10 	 0.0000 	 0.8385 	 1 	 9 
138.20 	 0.0000 	 0.8403 	 1 	 5 
138.30 	 0.0000 	 0.8408 	 1 	 5 
138.40 	 0.0000 	 0.8413 	 1 	 3 
138.50 	 0.0000 	 0.8405 	 1 	 3 
138.60 	 0.0000 	 0.8399 	 1 	 10 
138.70 	 0.0000 	 0.8390 	 1 	 9 
138.80 	 0.0000 	 0.8370 	 1 	 6 
138.90 	 0.0000 	 0.8363 	 1 	 0 
139.00 	 0.0000 	 0.8365 	 1 	 0 
139.10 	 3.0414 	 0.8370 	 2 	 6 
139.20 	 0.0000 	 0.8381 	 2 	 7 
139.30 	 3.0414 	 0.8380 	 2 	 3 
139.40 	 3.0414 	 0.8385 	 2 	 3 
139.50 	 0.0000 	 0.8380 	 2 	 3 
139.60 	 0.0000 	 0.8369 	 2 	 3 
139.70 	 0.0000 	 0.8352 	 2 	 3 
139.80 	 0.0000 	 0.8341 	 2 	 3 
139.90 	 0.0000 	 0.8338 	 2 	 3 
140.00 	 0.0000 	 0.8334 	 2 	 10 
140.10 	 0.0000 	 0.8316 	 2 	 10 
140.20 	 0.0000 	 0.8304 	 2 	 13 
140.30 	 0.0000 	 0.8310 	 2 	 0 
140.40 	 3.0414 	 0.8308 	 2 	 2 
140.50 	 3.0414 	 0.8284 	 2 	 9 
140.60 	 0.0000 	 0.8295 	 2 	 7 
140.70 	 3.0414 	 0.8309 	 2 	 3 
140.80 	 0.0000 	 0.8291 	 2 	 3 
140.90 	 0.0000 	 0.8281 	 2 	 4 
141.00 	 0.0000 	 0.8289 	 2 	 10 
141.10 	 0.0000 	 0.8295 	 2 	 10 
141.20 	 0.0000 	 0.8297 	 2 	 10 
141.30 	 0.0000 	 0.8298 	 2 	 4 
141.40 	 0.0000 	 0.8303 	 2 	 11 
141.50 	 0.0000 	 0.8303 	 2 	 13 
141.60 	 3.0414 	 0.8300 	 2 	 11 
141.70 	 0.0000 	 0.8297 	 3 	 3 
141.80 	 0.0000 	 0.8318 	 3 	 4 
141.90 	 6.0827 	 0.8330 	 3 	 4 
142.00 	 0.0000 	 0.8357 	 3 	 4 
142.10 	 0.0000 	 0.8357 	 3 	 10 
142.20 	 0.0000 	 0.8362 	 3 	 10 
142.30 	 0.0000 	 0.8386 	 3 	 10 
142.40 	 0.0000 	 0.8392 	 3 	 4 
142.50 	 0.0000 	 0.8418 	 3 	 4 
142.60 	 0.0000 	 0.8425 	 3 	 4 
142.70 	 0.0000 	 0.8433 	 3 	 4 
142.80 	 0.0000 	 0.8450 	 3 	 4 
142.90 	 3.0414 	 0.8464 	 3 	 9 
143.00 	 3.0414 	 0.8501 	 3 	 10 
143.10 	 0.0000 	 0.8526 	 3 	 3 
143.20 	 3.0414 	 0.8545 	 3 	 11 
143.30 	 0.0000 	 0.8567 	 3 	 4 
143.40 	 0.0000 	 0.8589 	 3 	 4 
143.50 	 0.0000 	 0.8613 	 3 	 10 
143.60 	 0.0000 	 0.8604 	 3 	 10 
143.70 	 0.0000 	 0.8624 	 3 	 0 
143.80 	 0.0000 	 0.8627 	 3 	 0 
143.90 	 0.0000 	 0.8629 	 3 	 0 
144.00 	 0.0000 	 0.8642 	 3 	 0 
144.10 	 3.0414 	 0.8663 	 3 	 9 
144.20 	 3.0414 	 0.8694 	 3 	 11 
144.30 	 0.0000 	 0.8719 	 3 	 11 
144.40 	 3.0414 	 0.8730 	 3 	 11 
144.50 	 0.0000 	 0.8741 	 3 	 10 
144.60 	 0.0000 	 0.8740 	 3 	 5 
144.70 	 0.0000 	 0.8768 	 4 	 10 
144.80 	 0.0000 	 0.8776 	 4 	 10 
144.90 	 0.0000 	 0.8789 	 4 	 8 
145.00 	 0.0000 	 0.8800 	 4 	 0 
145.10 	 0.0000 	 0.8789 	 4 	 0 
145.20 	 0.0000 	 0.8795 	 4 	 11 
145.30 	 3.0414 	 0.8783 	 4 	 11 
145.40 	 3.0414 	 0.8808 	 4 	 9 
145.50 	 0.0000 	 0.8830 	 4 	 7 
145.60 	 3.0414 	 0.8854 	 4 	 11 
145.70 	 0.0000 	 0.8884 	 4 	 11 
145.80 	 0.0000 	 0.8876 	 4 	 16 
145.90 	 0.0000 	 0.8892 	 4 	 10 
146.00 	 0.0000 	 0.8881 	 4 	 5 
146.10 	 0.0000 	 0.8877 	 4 	 18 
146.20 	 0.0000 	 0.8847 	 4 	 12 
146.30 	 3.0414 	 0.8845 	 4 	 4 
146.40 	 3.0414 	 0.8836 	 4 	 4 
146.50 	 3.0414 	 0.8823 	 4 	 1 
146.60 	 0.0000 	 0.8836 	 4 	 1 
146.70 	 0.0000 	 0.8842 	 4 	 1 
146.80 	 0.0000 	 0.8836 	 4 	 5 
146.90 	 0.0000 	 0.8829 	 4 	 16 
147.00 	 0.0000 	 0.8827 	 4 	 5 
147.10 	 0.0000 	 0.8848 	 4 	 17 
147.20 	 0.0000 	 0.8856 	 4 	 17 
147.30 	 0.0000 	 0.8860 	 4 	 6 
147.40 	 3.0414 	 0.8862 	 5 	 6 
147.50 	 3.0414 	 0.8868 	 5 	 12 
147.60 	 0.0000 	 0.8882 	 5 	 19 
147.70 	 3.0414 	 0.8880 	 5 	 1 
147.80 	 0.0000 	 0.8899 	 5 	 1 
147.90 	 0.0000 	 0.8910 	 5 	 6 
148.00 	 0.0000 	 0.8941 	 5 	 9 
148.10 	 0.0000 	 0.8943 	 5 	 9 
148.20 	 0.0000 	 0.8943 	 5 	 9 
148.30 	 0.0000 	 0.8955 	 5 	 12 
148.40 	 0.0000 	 0.8971 	 5 	 0 
148.50 	 3.0414 	 0.8996 	 5 	 0 
148.60 	 0.0000 	 0.9023 	 5 	 0 
148.70 	 3.0414 	 0.9044 	 5 	 6 
148.80 	 0.0000 	 0.9055 	 5 	 6 
148.90 	 0.0000 	 0.9059 	 5 	 19 
149.00 	 0.0000 	 0.9072 	 5 	 19 
149.10 	 3.0414 	 0.9094 	 5 	 0 
149.20 	 0.0000 	 0.9076 	 5 	 0 
149.30 	 0.0000 	 0.9089 	 5 	 0 
149.40 	 0.0000 	 0.9054 	 5 	 0 
149.50 	 0.0000 	 0.9037 	 5 	 0 
149.60 	 3.0414 	 0.9015 	 5 	 0 
149.70 	 0.0000 	 0.9010 	 5 	 0 
149.80 	 0.0000 	 0.9014 	 5 	 0 
149.90 	 3.0414 	 0.9003 	 5 	 10 
150.00 	 0.0000 	 0.9018 	 5 	 10 
150.10 	 0.0000 	 0.9030 	 5 	 10 
150.20 	 0.0000 	 0.9045 	 5 	 0 
150.30 	 3.0414 	 0.9051 	 6 	 0 
150.40 	 3.0414 	 0.9044 	 6 	 7 
150.50 	 0.0000 	 0.9039 	 6 	 0 
150.60 	 0.0000 	 0.9046 	 6 	 0 
150.70 	 0.0000 	 0.9048 	 6 	 0 
150.80 	 0.0000 	 0.9033 	 6 	 0 
150.90 	 0.0000 	 0.9050 	 6 	 0 
151.00 	 3.0414 	 0.9032 	 6 	 10 
151.10 	 3.0414 	 0.9017 	 6 	 10 
151.20 	 3.0414 	 0.9013 	 6 	 1 
151.30 	 0.0000 	 0.9007 	 6 	 1 
151.40 	 0.0000 	 0.9000 	 6 	 9 
151.50 	 0.0000 	 0.8989 	 6 	 9 
151.60 	 0.0000 	 0.8998 	 6 	 9 
151.70 	 0.0000 	 0.9012 	 6 	 0 
151.80 	 0.0000 	 0.9008 	 6 	 0 
151.90 	 0.0000 	 0.9019 	 6 	 0 
152.00 	 6.0827 	 0.9026 	 6 	 1 
152.10 	 0.0000 	 0.9039 	 6 	 1 
152.20 	 3.0414 	 0.9061 	 6 	 1 
152.30 	 0.0000 	 0.9088 	 6 	 1 
152.40 	 0.0000 	 0.9089 	 6 	 1 
152.50 	 0.0000 	 0.9093 	 6 	 1 
152.60 	 0.0000 	 0.9109 	 6 	 1 
152.70 	 0.0000 	 0.9128 	 6 	 9 
152.80 	 0.0000 	 0.9137 	 6 	 17 
152.90 	 0.0000 	 0.9127 	 6 	 11 
153.00 	 0.0000 	 0.9116 	 6 	 0 
153.10 	 3.0414 	 0.9141 	 6 	 3 
153.20 	 3.0414 	 0.9158 	 6 	 1 
153.30 	 3.0414 	 0.9161 	 6 	 1 
153.40 	 0.0000 	 0.9166 	 6 	 1 
153.50 	 0.0000 	 0.9174 	 7 	 1 
153.60 	 0.0000 	 0.9184 	 7 	 1 
153.70 	 0.0000 	 0.9166 	 7 	 6 
153.80 	 0.0000 	 0.9150 	 7 	 6 
153.90 	 0.0000 	 0.9157 	 7 	 2 
154.00 	 3.0414 	 0.9137 	 7 	 2 
154.10 	 0.0000 	 0.9121 	 7 	 2 
154.20 	 0.0000 	 0.9083 	 7 	 0 
154.30 	 0.0000 	 0.9078 	 7 	 0 
154.40 	 3.0414 	 0.9064 	 7 	 6 
154.50 	 3.0414 	 0.9016 	 7 	 1 
154.60 	 0.0000 	 0.8993 	 7 	 1 
154.70 	 0.0000 	 0.8959 	 7 	 7 
154.80 	 0.0000 	 0.8936 	 7 	 2 
154.90 	 0.0000 	 0.8915 	 7 	 2 
155.00 	 0.0000 	 0.8920 	 7 	 2 
155.10 	 0.0000 	 0.8899 	 7 	 2 
155.20 	 0.0000 	 0.8912 	 7 	 2 
155.30 	 0.0000 	 0.8904 	 7 	 0 
155.40 	 3.0414 	 0.8905 	 7 	 0 
155.50 	 3.0414 	 0.8918 	 7 	 18 
155.60 	 0.0000 	 0.8936 	 7 	 18 
155.70 	 0.0000 	 0.8941 	 7 	 12 
155.80 	 3.0414 	 0.8930 	 7 	 7 
155.90 	 0.0000 	 0.8924 	 7 	 15 
156.00 	 0.0000 	 0.8929 	 7 	 2 
156.10 	 0.0000 	 0.8925 	 7 	 2 
156.20 	 3.0414 	 0.8929 	 7 	 2 
156.30 	 0.0000 	 0.8930 	 7 	 2 
156.40 	 0.0000 	 0.8942 	 7 	 3 
156.50 	 0.0000 	 0.8943 	 7 	 0 
156.60 	 0.0000 	 0.8922 	 8 	 0 
156.70 	 0.0000 	 0.8914 	 8 	 0 
156.80 	 3.0414 	 0.8904 	 8 	 7 
156.90 	 3.0414 	 0.8898 	 8 	 7 
157.00 	 3.0414 	 0.8874 	 8 	 7 
157.10 	 0.0000 	 0.8857 	 8 	 7 
157.20 	 0.0000 	 0.8826 	 8 	 19 
157.30 	 0.0000 	 0.8804 	 8 	 2 
157.40 	 0.0000 	 0.8820 	 8 	 7 
157.50 	 0.0000 	 0.8822 	 8 	 3 
157.60 	 0.0000 	 0.8827 	 8 	 8 
157.70 	 0.0000 	 0.8827 	 8 	 3 
157.80 	 0.0000 	 0.8846 	 8 	 3 
157.90 	 3.0414 	 0.8833 	 8 	 3 
158.00 	 0.0000 	 0.8822 	 8 	 7 
158.10 	 3.0414 	 0.8787 	 8 	 7 
158.20 	 3.0414 	 0.8793 	 8 	 1 
158.30 	 0.0000 	 0.8791 	 8 	 7 
158.40 	 0.0000 	 0.8825 	 8 	 5 
158.50 	 0.0000 	 0.8847 	 8 	 2 
158.60 	 0.0000 	 0.8857 	 8 	 0 
158.70 	 0.0000 	 0.8860 	 8 	 0 
158.80 	 0.0000 	 0.8844 	 8 	 0 
158.90 	 0.0000 	 0.8854 	 8 	 0 
159.00 	 3.0414 	 0.8856 	 8 	 0 
159.10 	 0.0000 	 0.8850 	 8 	 0 
159.20 	 0.0000 	 0.8825 	 8 	 0 
159.30 	 0.0000 	 0.8812 	 8 	 0 
159.40 	 6.0827 	 0.8787 	 8 	 1 
159.50 	 0.0000 	 0.8773 	 9 	 1 
159.60 	 0.0000 	 0.8751 	 9 	 4 
159.70 	 0.0000 	 0.8749 	 9 	 2 
159.80 	 0.0000 	 0.8754 	 9 	 0 
159.90 	 0.0000 	 0.8762 	 9 	 8 
160.00 	 0.0000 	 0.8762 	 9 	 8 
160.10 	 0.0000 	 0.8770 	 9 	 8 
160.20 	 0.0000 	 0.8792 	 9 	 0 
160.30 	 6.0827 	 0.8824 	 9 	 14 
160.40 	 0.0000 	 0.8857 	 9 	 4 
160.50 	 3.0414 	 0.8889 	 9 	 4 
160.60 	 0.0000 	 0.8935 	 9 	 4 
160.70 	 0.0000 	 0.8970 	 9 	 1 
160.80 	 0.0000 	 0.8995 	 9 	 4 
160.90 	 0.0000 	 0.9012 	 9 	 8 
161.00 	 0.0000 	 0.9051 	 9 	 2 
161.10 	 3.0414 	 0.9092 	 9 	 8 
161.20 	 0.0000 	 0.9130 	 9 	 3 
161.30 	 3.0414 	 0.9149 	 9 	 3 
161.40 	 3.0414 	 0.9183 	 9 	 1 
161.50 	 0.0000 	 0.9199 	 9 	 1 
161.60 	 0.0000 	 0.9191 	 9 	 1 
161.70 	 0.0000 	 0.9195 	 9 	 1 
161.80 	 0.0000 	 0.9202 	 9 	 1 
161.90 	 3.0414 	 0.9220 	 9 	 1 
162.00 	 0.0000 	 0.9211 	 9 	 1 
162.10 	 0.0000 	 0.9191 	 10 	 10 
162.20 	 3.0414 	 0.9188 	 10 	 1 
162.30 	 0.0000 	 0.9176 	 10 	 1 
162.40 	 0.0000 	 0.9179 	 10 	 2 
162.50 	 0.0000 	 0.9178 	 10 	 2 
162.60 	 3.0414 	 0.9140 	 10 	 1 
162.70 	 0.0000 	 0.9126 	 10 	 9 
162.80 	 0.0000 	 0.9128 	 10 	 1 
162.90 	 0.0000 	 0.9122 	 10 	 1 
163.00 	 0.0000 	 0.9109 	 10 	 1 
163.10 	 0.0000 	 0.9118 	 10 	 1 
163.20 	 0.0000 	 0.9104 	 10 	 0 
163.30 	 3.0414 	 0.9104 	 10 	 2 
163.40 	 0.0000 	 0.9130 	 10 	 2 
163.50 	 3.0414 	 0.9168 	 10 	 5 
163.60 	 0.0000 	 0.9173 	 10 	 2 
163.70 	 0.0000 	 0.9185 	 10 	 5 
163.80 	 3.0414 	 0.9168 	 10 	 1 
163.90 	 0.0000 	 0.9184 	 10 	 1 
164.00 	 0.0000 	 0.9172 	 10 	 3 
164.10 	 0.0000 	 0.9141 	 10 	 1 
164.20 	 0.0000 	 0.9141 	 10 	 4 
164.30 	 0.0000 	 0.9149 	 10 	 0 
164.40 	 0.0000 	 0.9134 	 10 	 0 
164.50 	 0.0000 	 0.9109 	 10 	 0 
164.60 	 3.0414 	 0.9118 	 11 	 2 
164.70 	 3.0414 	 0.9121 	 11 	 2 
164.80 	 3.0414 	 0.9135 	 11 	 1 
164.90 	 0.0000 	 0.9152 	 11 	 2 
165.00 	 0.0000 	 0.9126 	 11 	 15 
165.10 	 0.0000 	 0.9118 	 11 	 0 
165.20 	 0.0000 	 0.9117 	 11 	 0 
165.30 	 0.0000 	 0.9105 	 11 	 0 
165.40 	 3.0414 	 0.9089 	 11 	 3 
165.50 	 3.0414 	 0.9083 	 11 	 1 
165.60 	 0.0000 	 0.9057 	 11 	 1 
165.70 	 0.0000 	 0.9019 	 11 	 2 
165.80 	 0.0000 	 0.8999 	 11 	 2 
165.90 	 0.0000 	 0.9006 	 11 	 2 
166.00 	 0.0000 	 0.8984 	 11 	 0 
166.10 	 3.0414 	 0.9005 	 11 	 1 
166.20 	 3.0414 	 0.8987 	 11 	 1 
166.30 	 0.0000 	 0.8981 	 11 	 1 
166.40 	 0.0000 	 0.8983 	 11 	 1 
166.50 	 0.0000 	 0.8984 	 11 	 3 
166.60 	 0.0000 	 0.9008 	 11 	 2 
166.70 	 3.0414 	 0.9020 	 11 	 2 
166.80 	 0.0000 	 0.8997 	 11 	 2 
166.90 	 3.0414 	 0.9001 	 11 	 4 
167.00 	 0.0000 	 0.8998 	 11 	 16 
167.10 	 0.0000 	 0.9000 	 11 	 1 
167.20 	 0.0000 	 0.8978 	 11 	 1 
167.30 	 0.0000 	 0.8974 	 11 	 1 
167.40 	 0.0000 	 0.8954 	 12 	 1 
167.50 	 3.0414 	 0.8920 	 12 	 1 
167.60 	 0.0000 	 0.8902 	 12 	 1 
167.70 	 3.0414 	 0.8900 	 12 	 1 
167.80 	 0.0000 	 0.8872 	 12 	 2 
167.90 	 0.0000 	 0.8852 	 12 	 2 
168.00 	 0.0000 	 0.8839 	 12 	 11 
168.10 	 3.0414 	 0.8821 	 12 	 1 
168.20 	 0.0000 	 0.8821 	 12 	 1 
168.30 	 0.0000 	 0.8841 	 12 	 2 
168.40 	 0.0000 	 0.8856 	 12 	 5 
168.50 	 0.0000 	 0.8873 	 12 	 5 
168.60 	 0.0000 	 0.8900 	 12 	 0 
168.70 	 0.0000 	 0.8942 	 12 	 0 
168.80 	 6.0827 	 0.8964 	 12 	 1 
168.90 	 0.0000 	 0.8996 	 12 	 1 
169.00 	 0.0000 	 0.9031 	 12 	 1 
169.10 	 0.0000 	 0.9057 	 12 	 2 
169.20 	 0.0000 	 0.9073 	 12 	 7 
169.30 	 3.0414 	 0.9092 	 12 	 2 
169.40 	 0.0000 	 0.9111 	 12 	 2 
169.50 	 0.0000 	 0.9127 	 12 	 4 
169.60 	 0.0000 	 0.9137 	 12 	 3 
169.70 	 0.0000 	 0.9144 	 13 	 0 
169.80 	 0.0000 	 0.9145 	 13 	 0 
169.90 	 3.0414 	 0.9142 	 13 	 17 
170.00 	 0.0000 	 0.9146 	 13 	 2 
170.10 	 3.0414 	 0.9184 	 13 	 2 
170.20 	 3.0414 	 0.9168 	 13 	 1 
170.30 	 0.0000 	 0.9174 	 13 	 13 
170.40 	 0.0000 	 0.9183 	 13 	 1 
170.50 	 0.0000 	 0.9166 	 13 	 1 
170.60 	 0.0000 	 0.9172 	 13 	 1 
170.70 	 0.0000 	 0.9158 	 13 	 2 
170.80 	 0.0000 	 0.9135 	 13 	 2 
170.90 	 0.0000 	 0.9142 	 13 	 0 
171.00 	 0.0000 	 0.9162 	 13 	 0 
171.10 	 0.0000 	 0.9156 	 13 	 0 
171.20 	 3.0414 	 0.9178 	 13 	 18 
171.30 	 6.0827 	 0.9182 	 13 	 1 
171.40 	 0.0000 	 0.9201 	 13 	 1 
171.50 	 0.0000 	 0.9221 	 13 	 3 
171.60 	 0.0000 	 0.9231 	 13 	 3 
171.70 	 0.0000 	 0.9231 	 13 	 4 
171.80 	 0.0000 	 0.9195 	 13 	 4 
171.90 	 0.0000 	 0.9157 	 13 	 4 
172.00 	 0.0000 	 0.9148 	 13 	 0 
172.10 	 0.0000 	 0.9156 	 14 	 0 
172.20 	 3.0414 	 0.9152 	 14 	 3 
172.30 	 0.0000 	 0.9145 	 14 	 14 
172.40 	 3.0414 	 0.9103 	 14 	 18 
172.50 	 3.0414 	 0.9088 	 14 	 1 
172.60 	 0.0000 	 0.9094 	 14 	 4 
172.70 	 0.0000 	 0.9098 	 14 	 4 
172.80 	 0.0000 	 0.9098 	 14 	 3 
172.90 	 0.0000 	 0.9106 	 14 	 3 
173.00 	 0.0000 	 0.9097 	 14 	 3 
173.10 	 0.0000 	 0.9108 	 14 	 2 
173.20 	 0.0000 	 0.9119 	 14 	 2 
173.30 	 3.0414 	 0.9134 	 14 	 2 
173.40 	 3.0414 	 0.9137 	 14 	 18 
173.50 	 0.0000 	 0.9147 	 14 	 3 
173.60 	 0.0000 	 0.9174 	 14 	 3 
173.70 	 3.0414 	 0.9190 	 14 	 3 
173.80 	 0.0000 	 0.9193 	 14 	 3 
173.90 	 0.0000 	 0.9199 	 14 	 1 
174.00 	 0.0000 	 0.9218 	 14 	 2 
174.10 	 0.0000 	 0.9221 	 14 	 4 
174.20 	 0.0000 	 0.9214 	 14 	 4 
174.30 	 0.0000 	 0.9178 	 14 	 4 
174.40 	 3.0414 	 0.9155 	 14 	 4 
174.50 	 0.0000 	 0.9146 	 15 	 9 
174.60 	 3.0414 	 0.9154 	 15 	 5 
174.70 	 0.0000 	 0.9184 	 15 	 16 
174.80 	 3.0414 	 0.9163 	 15 	 1 
174.90 	 0.0000 	 0.9128 	 15 	 18 
175.00 	 0.0000 	 0.9113 	 15 	 18 
175.10 	 0.0000 	 0.9095 	 15 	 3 
175.20 	 0.0000 	 0.9085 	 15 	 3 
175.30 	 0.0000 	 0.9069 	 15 	 4 
175.40 	 0.0000 	 0.9056 	 15 	 9 
175.50 	 0.0000 	 0.9029 	 15 	 15 
175.60 	 0.0000 	 0.8992 	 15 	 10 
175.70 	 0.0000 	 0.8983 	 15 	 4 
175.80 	 3.0414 	 0.8936 	 15 	 16 
175.90 	 0.0000 	 0.8932 	 15 	 3 
176.00 	 6.0827 	 0.8921 	 15 	 1 
176.10 	 0.0000 	 0.8897 	 15 	 1 
176.20 	 0.0000 	 0.8903 	 15 	 16 
176.30 	 0.0000 	 0.8898 	 15 	 8 
176.40 	 0.0000 	 0.8874 	 15 	 4 
176.50 	 0.0000 	 0.8876 	 15 	 4 
176.60 	 0.0000 	 0.8875 	 15 	 4 
176.70 	 0.0000 	 0.8850 	 15 	 13 
176.80 	 0.0000 	 0.8832 	 15 	 15 
176.90 	 0.0000 	 0.8842 	 15 	 0 
177.00 	 0.0000 	 0.8842 	 15 	 0 
177.10 	 3.0414 	 0.8816 	 16 	 0 
177.20 	 3.0414 	 0.8807 	 16 	 12 
177.30 	 3.0414 	 0.8794 	 16 	 1 
177.40 	 0.0000 	 0.8792 	 16 	 8 
177.50 	 0.0000 	 0.8796 	 16 	 3 
177.60 	 0.0000 	 0.8799 	 16 	 3 
177.70 	 0.0000 	 0.8805 	 16 	 18 
177.80 	 3.0414 	 0.8811 	 16 	 18 
177.90 	 0.0000 	 0.8819 	 16 	 0 
178.00 	 0.0000 	 0.8841 	 16 	 4 
178.10 	 0.0000 	 0.8881 	 16 	 0 
178.20 	 0.0000 	 0.8899 	 16 	 0 
178.30 	 0.0000 	 0.8918 	 16 	 0 
178.40 	 0.0000 	 0.8922 	 16 	 0 
178.50 	 0.0000 	 0.8952 	 16 	 0 
178.60 	 3.0414 	 0.8998 	 16 	 16 
178.70 	 0.0000 	 0.9033 	 16 	 16 
178.80 	 6.0827 	 0.9067 	 16 	 1 
178.90 	 0.0000 	 0.9086 	 16 	 17 
179.00 	 0.0000 	 0.9089 	 16 	 0 
179.10 	 0.0000 	 0.9108 	 16 	 0 
179.20 	 0.0000 	 0.9137 	 16 	 0 
179.30 	 0.0000 	 0.9133 	 16 	 0 
179.40 	 3.0414 	 0.9122 	 16 	 5 
179.50 	 0.0000 	 0.9141 	 16 	 6 
179.60 	 0.0000 	 0.9138 	 16 	 14 
179.70 	 0.0000 	 0.9144 	 16 	 14 
179.80 	 3.0414 	 0.9139 	 16 	 1 
179.90 	 0.0000 	 0.9127 	 16 	 7 
180.00 	 3.0414 	 0.9148 	 17 	 17 
180.10 	 0.0000 	 0.9148 	 17 	 17 
180.20 	 0.0000 	 0.9143 	 17 	 4 
180.30 	 0.0000 	 0.9146 	 17 	 9 
180.40 	 0.0000 	 0.9152 	 17 	 5 
180.50 	 0.0000 	 0.9166 	 17 	 6 
180.60 	 0.0000 	 0.9179 	 17 	 6 
180.70 	 3.0414 	 0.9197 	 17 	 6 
180.80 	 6.0827 	 0.9233 	 17 	 1 
180.90 	 0.0000 	 0.9248 	 17 	 1 
181.00 	 0.0000 	 0.9262 	 17 	 1 
181.10 	 0.0000 	 0.9245 	 17 	 8 
181.20 	 0.0000 	 0.9258 	 17 	 1 
181.30 	 0.0000 	 0.9253 	 17 	 6 
181.40 	 0.0000 	 0.9252 	 17 	 6 
181.50 	 0.0000 	 0.9256 	 17 	 6 
181.60 	 0.0000 	 0.9244 	 17 	 6 
181.70 	 0.0000 	 0.9265 	 17 	 9 
181.80 	 3.0414 	 0.9241 	 17 	 6 
181.90 	 3.0414 	 0.9218 	 17 	 6 
182.00 	 3.0414 	 0.9202 	 17 	 1 
182.10 	 0.0000 	 0.9183 	 17 	 14 
182.20 	 0.0000 	 0.9151 	 17 	 16 
182.30 	 0.0000 	 0.9138 	 17 	 9 
182.40 	 0.0000 	 0.9127 	 17 	 8 
182.50 	 0.0000 	 0.9104 	 17 	 8 
182.60 	 0.0000 	 0.9078 	 17 	 8 
182.70 	 3.0414 	 0.9071 	 17 	 8 
182.80 	 0.0000 	 0.9064 	 17 	 7 
182.90 	 3.0414 	 0.9059 	 17 	 7 
183.00 	 0.0000 	 0.9056 	 17 	 7 
183.10 	 0.0000 	 0.9047 	 18 	 7 
183.20 	 0.0000 	 0.9046 	 18 	 7 
183.30 	 0.0000 	 0.9047 	 18 	 8 
183.40 	 0.0000 	 0.9076 	 18 	 0 
183.50 	 6.0827 	 0.9113 	 18 	 2 
183.60 	 0.0000 	 0.9139 	 18 	 2 
183.70 	 0.0000 	 0.9171 	 18 	 2 
183.80 	 3.0414 	 0.9213 	 18 	 9 
183.90 	 0.0000 	 0.9236 	 18 	 9 
184.00 	 0.0000 	 0.9257 	 18 	 7 
184.10 	 0.0000 	 0.9274 	 18 	 9 
184.20 	 0.0000 	 0.9299 	 18 	 7 
184.30 	 0.0000 	 0.9310 	 18 	 7 
184.40 	 0.0000 	 0.9300 	 18 	 7 
184.50 	 3.0414 	 0.9320 	 18 	 2 
184.60 	 0.0000 	 0.9337 	 18 	 7 
184.70 	 6.0827 	 0.9319 	 18 	 7 
184.80 	 0.0000 	 0.9320 	 18 	 7 
184.90 	 0.0000 	 0.9336 	 18 	 8 
185.00 	 0.0000 	 0.9350 	 18 	 8 
185.10 	 0.0000 	 0.9364 	 18 	 7 
185.20 	 0.0000 	 0.9351 	 18 	 9 
185.30 	 3.0414 	 0.9348 	 18 	 9 
185.40 	 0.0000 	 0.9351 	 18 	 9 
185.50 	 0.0000 	 0.9355 	 18 	 6 
185.60 	 3.0414 	 0.9354 	 18 	 8 
185.70 	 0.0000 	 0.9370 	 18 	 8 
185.80 	 0.0000 	 0.9366 	 18 	 8 
185.90 	 0.0000 	 0.9358 	 18 	 2 
186.00 	 0.0000 	 0.9353 	 19 	 3 
186.10 	 3.0414 	 0.9373 	 19 	 3 
186.20 	 3.0414 	 0.9388 	 19 	 3 
186.30 	 0.0000 	 0.9393 	 19 	 3 
186.40 	 0.0000 	 0.9416 	 19 	 3 
186.50 	 0.0000 	 0.9423 	 19 	 8 
186.60 	 0.0000 	 0.9433 	 19 	 8 
186.70 	 0.0000 	 0.9455 	 19 	 8 
186.80 	 3.0414 	 0.9445 	 19 	 10 
186.90 	 0.0000 	 0.9454 	 19 	 8 
187.00 	 0.0000 	 0.9465 	 19 	 8 
187.10 	 0.0000 	 0.9462 	 19 	 8 
187.20 	 3.0414 	 0.9476 	 19 	 8 
187.30 	 0.0000 	 0.9495 	 19 	 8 
187.40 	 3.0414 	 0.9525 	 19 	 8 
187.50 	 0.0000 	 0.9538 	 19 	 9 
187.60 	 0.0000 	 0.9562 	 19 	 4 
187.70 	 0.0000 	 0.9603 	 19 	 13 
187.80 	 3.0414 	 0.9625 	 19 	 13 
187.90 	 0.0000 	 0.9633 	 19 	 8 
188.00 	 0.0000 	 0.9660 	 19 	 10 
188.10 	 0.0000 	 0.9649 	 19 	 7 
188.20 	 0.0000 	 0.9641 	 19 	 7 
188.30 	 0.0000 	 0.9611 	 19 	 7 
188.40 	 3.0414 	 0.9577 	 19 	 9 
188.50 	 0.0000 	 0.9548 	 19 	 8 
188.60 	 6.0827 	 0.9545 	 0 	 1 
188.70 	 0.0000 	 0.9543 	 0 	 9 
188.80 	 0.0000 	 0.9548 	 0 	 10 
188.90 	 0.0000 	 0.9569 	 0 	 10 
189.00 	 0.0000 	 0.9574 	 0 	 11 
189.10 	 3.0414 	 0.9571 	 0 	 9 
189.20 	 0.0000 	 0.9574 	 0 	 11 
189.30 	 0.0000 	 0.9562 	 0 	 11 
189.40 	 3.0414 	 0.9559 	 0 	 11 
189.50 	 0.0000 	 0.9575 	 0 	 11 
189.60 	 0.0000 	 0.9593 	 0 	 9 
189.70 	 3.0414 	 0.9612 	 0 	 1 
189.80 	 0.0000 	 0.9632 	 0 	 9 
189.90 	 0.0000 	 0.9634 	 0 	 9 
190.00 	 0.0000 	 0.9607 	 0 	 9 
190.10 	 0.0000 	 0.9598 	 0 	 5 
190.20 	 3.0414 	 0.9565 	 0 	 5 
190.30 	 3.0414 	 0.9562 	 0 	 15 
190.40 	 0.0000 	 0.9558 	 0 	 8 
190.50 	 0.0000 	 0.9551 	 0 	 8 
190.60 	 0.0000 	 0.9546 	 0 	 11 
190.70 	 0.0000 	 0.9548 	 0 	 8 
190.80 	 0.0000 	 0.9535 	 0 	 9 
190.90 	 0.0000 	 0.9557 	 0 	 9 
191.00 	 3.0414 	 0.9554 	 0 	 19 
191.10 	 0.0000 	 0.9566 	 0 	 10 
191.20 	 0.0000 	 0.9570 	 0 	 10 
191.30 	 0.0000 	 0.9585 	 0 	 10 
191.40 	 3.0414 	 0.9594 	 1 	 9 
191.50 	 0.0000 	 0.9606 	 1 	 9 
191.60 	 3.0414 	 0.9624 	 1 	 7 
191.70 	 0.0000 	 0.9649 	 1 	 9 
191.80 	 0.0000 	 0.9667 	 1 	 10 
191.90 	 0.0000 	 0.9701 	 1 	 12 
192.00 	 0.0000 	 0.9711 	 1 	 19 
192.10 	 0.0000 	 0.9711 	 1 	 12 
192.20 	 0.0000 	 0.9715 	 1 	 10 
192.30 	 3.0414 	 0.9711 	 1 	 8 
192.40 	 0.0000 	 0.9709 	 1 	 8 
192.50 	 3.0414 	 0.9663 	 1 	 18 
192.60 	 3.0414 	 0.9658 	 1 	 6 
192.70 	 0.0000 	 0.9650 	 1 	 2 
192.80 	 0.0000 	 0.9646 	 1 	 2 
192.90 	 0.0000 	 0.9610 	 1 	 7 
193.00 	 0.0000 	 0.9596 	 1 	 9 
193.10 	 0.0000 	 0.9582 	 1 	 10 
193.20 	 0.0000 	 0.9539 	 1 	 10 
193.30 	 0.0000 	 0.9504 	 1 	 0 
193.40 	 0.0000 	 0.9494 	 1 	 0 
193.50 	 0.0000 	 0.9465 	 1 	 0 
193.60 	 3.0414 	 0.9449 	 1 	 0 
193.70 	 6.0827 	 0.9433 	 1 	 10 
193.80 	 0.0000 	 0.9404 	 1 	 10 
193.90 	 0.0000 	 0.9419 	 2 	 11 
194.00 	 0.0000 	 0.9428 	 2 	 13 
194.10 	 0.0000 	 0.9430 	 2 	 11 
194.20 	 0.0000 	 0.9440 	 2 	 10 
194.30 	 0.0000 	 0.9458 	 2 	 8 
194.40 	 0.0000 	 0.9444 	 2 	 10 
194.50 	 0.0000 	 0.9487 	 2 	 0 
194.60 	 0.0000 	 0.9528 	 2 	 0 
194.70 	 6.0827 	 0.9557 	 2 	 11 
194.80 	 0.0000 	 0.9557 	 2 	 6 
194.90 	 0.0000 	 0.9568 	 2 	 11 
195.00 	 0.0000 	 0.9575 	 2 	 11 
195.10 	 3.0414 	 0.9594 	 2 	 10 
195.20 	 0.0000 	 0.9611 	 2 	 10 
195.30 	 0.0000 	 0.9632 	 2 	 3 
195.40 	 0.0000 	 0.9635 	 2 	 3 
195.50 	 3.0414 	 0.9640 	 2 	 8 
195.60 	 0.0000 	 0.9676 	 2 	 8 
195.70 	 0.0000 	 0.9649 	 2 	 0 
195.80 	 0.0000 	 0.9640 	 2 	 0 
195.90 	 6.0827 	 0.9631 	 2 	 1 
196.00 	 0.0000 	 0.9610 	 2 	 1 
196.10 	 3.0414 	 0.9625 	 2 	 1 
196.20 	 0.0000 	 0.9637 	 2 	 1 
196.30 	 0.0000 	 0.9620 	 2 	 1 
196.40 	 0.0000 	 0.9628 	 2 	 11 
196.50 	 0.0000 	 0.9636 	 3 	 7 
196.60 	 0.0000 	 0.9652 	 3 	 14 
196.70 	 0.0000 	 0.9659 	 3 	 12 
196.80 	 0.0000 	 0.9663 	 3 	 0 
196.90 	 0.0000 	 0.9650 	 3 	 0 
197.00 	 3.0414 	 0.9636 	 3 	 14 
197.10 	 3.0414 	 0.9645 	 3 	 1 
197.20 	 0.0000 	 0.9628 	 3 	 12 
197.30 	 3.0414 	 0.9631 	 3 	 7 
197.40 	 0.0000 	 0.9653 	 3 	 7 
197.50 	 0.0000 	 0.9655 	 3 	 7 
197.60 	 0.0000 	 0.9679 	 3 	 11 
197.70 	 0.0000 	 0.9696 	 3 	 0 
197.80 	 3.0414 	 0.9732 	 3 	 4 
197.90 	 0.0000 	 0.9769 	 3 	 4 
198.00 	 0.0000 	 0.9795 	 3 	 6 
198.10 	 0.0000 	 0.9818 	 3 	 0 
198.20 	 3.0414 	 0.9848 	 3 	 7 
198.30 	 0.0000 	 0.9844 	 3 	 9 
198.40 	 3.0414 	 0.9866 	 3 	 1 
198.50 	 0.0000 	 0.9887 	 3 	 12 
198.60 	 0.0000 	 0.9899 	 3 	 2 
198.70 	 0.0000 	 0.9915 	 3 	 2 
198.80 	 0.0000 	 0.9916 	 3 	 7 
198.90 	 0.0000 	 0.9943 	 3 	 7 
199.00 	 3.0414 	 0.9934 	 4 	 8 
199.10 	 0.0000 	 0.9925 	 4 	 8 
199.20 	 3.0414 	 0.9904 	 4 	 8 
199.30 	 3.0414 	 0.9891 	 4 	 1 
199.40 	 0.0000 	 0.9889 	 4 	 1 
199.50 	 0.0000 	 0.9888 	 4 	 1 
199.60 	 0.0000 	 0.9909 	 4 	 7 
199.70 	 0.0000 	 0.9925 	 4 	 7 
199.80 	 3.0414 	 0.9959 	 4 	 7 
199.90 	 3.0414 	 0.9982 	 4 	 7 
200.00 	 0.0000 	 0.9997 	 4 	 8 
