# Optimal flow and avg speed dependent on time 
 # Aggressives: 150 
 # Velocity factor: 0.3 
0.10 	 0.0000 	 0.8285 	 14 	 0 
0.20 	 5.5556 	 0.8279 	 14 	 9 
0.30 	 2.7778 	 0.8293 	 14 	 1 
0.40 	 0.0000 	 0.8289 	 14 	 1 
0.50 	 0.0000 	 0.8278 	 14 	 1 
0.60 	 0.0000 	 0.8279 	 14 	 1 
0.70 	 0.0000 	 0.8258 	 14 	 1 
0.80 	 0.0000 	 0.8232 	 14 	 0 
0.90 	 0.0000 	 0.8250 	 14 	 0 
1.00 	 0.0000 	 0.8246 	 14 	 0 
1.10 	 0.0000 	 0.8238 	 14 	 0 
1.20 	 0.0000 	 0.8225 	 14 	 0 
1.30 	 0.0000 	 0.8208 	 14 	 0 
1.40 	 5.5556 	 0.8189 	 14 	 9 
1.50 	 2.7778 	 0.8192 	 14 	 13 
1.60 	 0.0000 	 0.8189 	 14 	 13 
1.70 	 0.0000 	 0.8191 	 14 	 13 
1.80 	 0.0000 	 0.8185 	 14 	 13 
1.90 	 0.0000 	 0.8169 	 14 	 13 
2.00 	 0.0000 	 0.8156 	 14 	 0 
2.10 	 0.0000 	 0.8155 	 14 	 0 
2.20 	 0.0000 	 0.8157 	 14 	 0 
2.30 	 0.0000 	 0.8171 	 14 	 0 
2.40 	 0.0000 	 0.8174 	 14 	 0 
2.50 	 0.0000 	 0.8177 	 14 	 0 
2.60 	 5.5556 	 0.8171 	 14 	 13 
2.70 	 2.7778 	 0.8169 	 14 	 13 
2.80 	 0.0000 	 0.8171 	 14 	 13 
2.90 	 0.0000 	 0.8175 	 14 	 13 
3.00 	 0.0000 	 0.8182 	 14 	 13 
3.10 	 0.0000 	 0.8188 	 14 	 1 
3.20 	 0.0000 	 0.8194 	 14 	 0 
3.30 	 0.0000 	 0.8217 	 14 	 0 
3.40 	 0.0000 	 0.8229 	 14 	 0 
3.50 	 0.0000 	 0.8241 	 14 	 0 
3.60 	 0.0000 	 0.8229 	 14 	 0 
3.70 	 0.0000 	 0.8223 	 14 	 0 
3.80 	 5.5556 	 0.8210 	 14 	 9 
3.90 	 2.7778 	 0.8209 	 14 	 1 
4.00 	 0.0000 	 0.8208 	 14 	 13 
4.10 	 0.0000 	 0.8218 	 14 	 13 
4.20 	 0.0000 	 0.8238 	 14 	 13 
4.30 	 0.0000 	 0.8239 	 14 	 13 
4.40 	 0.0000 	 0.8231 	 14 	 0 
4.50 	 0.0000 	 0.8239 	 14 	 0 
4.60 	 0.0000 	 0.8247 	 14 	 0 
4.70 	 0.0000 	 0.8256 	 14 	 0 
4.80 	 0.0000 	 0.8257 	 14 	 0 
4.90 	 0.0000 	 0.8251 	 14 	 0 
5.00 	 5.5556 	 0.8239 	 14 	 7 
5.10 	 2.7778 	 0.8246 	 14 	 1 
5.20 	 0.0000 	 0.8256 	 14 	 13 
5.30 	 0.0000 	 0.8250 	 14 	 13 
5.40 	 0.0000 	 0.8262 	 14 	 13 
5.50 	 0.0000 	 0.8257 	 14 	 13 
5.60 	 0.0000 	 0.8237 	 14 	 13 
5.70 	 0.0000 	 0.8233 	 14 	 13 
5.80 	 0.0000 	 0.8235 	 14 	 13 
5.90 	 0.0000 	 0.8225 	 14 	 0 
6.00 	 0.0000 	 0.8225 	 14 	 0 
6.10 	 0.0000 	 0.8230 	 14 	 0 
6.20 	 5.5556 	 0.8237 	 14 	 7 
6.30 	 2.7778 	 0.8240 	 14 	 1 
6.40 	 0.0000 	 0.8232 	 14 	 13 
6.50 	 0.0000 	 0.8232 	 14 	 13 
6.60 	 0.0000 	 0.8222 	 14 	 13 
6.70 	 0.0000 	 0.8215 	 14 	 13 
6.80 	 0.0000 	 0.8197 	 14 	 13 
6.90 	 0.0000 	 0.8201 	 14 	 13 
7.00 	 0.0000 	 0.8193 	 14 	 13 
7.10 	 0.0000 	 0.8192 	 14 	 13 
7.20 	 0.0000 	 0.8193 	 14 	 0 
7.30 	 0.0000 	 0.8148 	 14 	 0 
7.40 	 8.3333 	 0.8145 	 14 	 1 
7.50 	 0.0000 	 0.8154 	 14 	 13 
7.60 	 0.0000 	 0.8157 	 14 	 13 
7.70 	 0.0000 	 0.8152 	 14 	 13 
7.80 	 0.0000 	 0.8155 	 14 	 13 
7.90 	 0.0000 	 0.8140 	 14 	 13 
8.00 	 0.0000 	 0.8137 	 14 	 13 
8.10 	 0.0000 	 0.8129 	 14 	 13 
8.20 	 0.0000 	 0.8132 	 14 	 13 
8.30 	 0.0000 	 0.8139 	 14 	 13 
8.40 	 0.0000 	 0.8143 	 14 	 13 
8.50 	 0.0000 	 0.8114 	 14 	 13 
8.60 	 8.3333 	 0.8096 	 14 	 13 
8.70 	 0.0000 	 0.8087 	 14 	 13 
8.80 	 0.0000 	 0.8082 	 14 	 13 
8.90 	 0.0000 	 0.8085 	 14 	 13 
9.00 	 0.0000 	 0.8080 	 14 	 13 
9.10 	 0.0000 	 0.8054 	 14 	 13 
9.20 	 0.0000 	 0.8061 	 14 	 13 
9.30 	 0.0000 	 0.8070 	 14 	 13 
9.40 	 0.0000 	 0.8063 	 14 	 13 
9.50 	 0.0000 	 0.8047 	 14 	 13 
9.60 	 0.0000 	 0.8027 	 14 	 13 
9.70 	 0.0000 	 0.7994 	 14 	 13 
9.80 	 8.3333 	 0.7982 	 14 	 13 
9.90 	 0.0000 	 0.7995 	 14 	 13 
10.00 	 0.0000 	 0.8002 	 14 	 13 
10.10 	 0.0000 	 0.8005 	 14 	 13 
10.20 	 0.0000 	 0.8000 	 14 	 13 
10.30 	 0.0000 	 0.8006 	 14 	 13 
10.40 	 0.0000 	 0.7999 	 14 	 13 
10.50 	 0.0000 	 0.8007 	 14 	 13 
10.60 	 0.0000 	 0.8007 	 14 	 13 
10.70 	 0.0000 	 0.8024 	 14 	 13 
10.80 	 0.0000 	 0.8025 	 14 	 13 
10.90 	 0.0000 	 0.8017 	 14 	 13 
11.00 	 8.3333 	 0.8023 	 14 	 13 
11.10 	 0.0000 	 0.8027 	 14 	 13 
11.20 	 0.0000 	 0.8029 	 14 	 13 
11.30 	 0.0000 	 0.8036 	 14 	 13 
11.40 	 0.0000 	 0.8038 	 14 	 13 
11.50 	 0.0000 	 0.8023 	 14 	 13 
11.60 	 0.0000 	 0.8027 	 14 	 13 
11.70 	 0.0000 	 0.8030 	 14 	 13 
11.80 	 0.0000 	 0.8030 	 14 	 13 
11.90 	 0.0000 	 0.8048 	 14 	 13 
12.00 	 0.0000 	 0.8061 	 14 	 13 
12.10 	 0.0000 	 0.8062 	 14 	 13 
12.20 	 8.3333 	 0.8068 	 14 	 13 
12.30 	 0.0000 	 0.8075 	 14 	 13 
12.40 	 0.0000 	 0.8072 	 14 	 13 
12.50 	 0.0000 	 0.8079 	 14 	 13 
12.60 	 0.0000 	 0.8079 	 14 	 13 
12.70 	 0.0000 	 0.8088 	 14 	 13 
12.80 	 0.0000 	 0.8101 	 14 	 13 
12.90 	 0.0000 	 0.8109 	 14 	 13 
13.00 	 0.0000 	 0.8116 	 14 	 13 
13.10 	 0.0000 	 0.8135 	 14 	 13 
13.20 	 0.0000 	 0.8096 	 14 	 13 
13.30 	 0.0000 	 0.8096 	 14 	 13 
13.40 	 8.3333 	 0.8079 	 14 	 13 
13.50 	 0.0000 	 0.8075 	 14 	 13 
13.60 	 0.0000 	 0.8072 	 14 	 13 
13.70 	 0.0000 	 0.8012 	 14 	 13 
13.80 	 0.0000 	 0.8008 	 14 	 13 
13.90 	 0.0000 	 0.7991 	 14 	 13 
14.00 	 0.0000 	 0.7979 	 14 	 13 
14.10 	 0.0000 	 0.7973 	 14 	 13 
14.20 	 0.0000 	 0.7976 	 14 	 13 
14.30 	 0.0000 	 0.7986 	 14 	 13 
14.40 	 0.0000 	 0.7985 	 14 	 13 
14.50 	 0.0000 	 0.7998 	 14 	 13 
14.60 	 8.3333 	 0.7998 	 14 	 13 
14.70 	 0.0000 	 0.8021 	 14 	 13 
14.80 	 0.0000 	 0.8017 	 14 	 13 
14.90 	 0.0000 	 0.8032 	 14 	 13 
15.00 	 0.0000 	 0.8036 	 14 	 13 
15.10 	 0.0000 	 0.8030 	 14 	 13 
15.20 	 0.0000 	 0.8018 	 14 	 13 
15.30 	 0.0000 	 0.8022 	 14 	 13 
15.40 	 0.0000 	 0.8018 	 14 	 13 
15.50 	 0.0000 	 0.8007 	 14 	 13 
15.60 	 0.0000 	 0.7993 	 14 	 13 
15.70 	 0.0000 	 0.7990 	 14 	 13 
15.80 	 8.3333 	 0.7965 	 14 	 13 
15.90 	 0.0000 	 0.7981 	 14 	 13 
16.00 	 0.0000 	 0.7981 	 14 	 13 
16.10 	 0.0000 	 0.7983 	 14 	 13 
16.20 	 0.0000 	 0.7973 	 14 	 13 
16.30 	 0.0000 	 0.7988 	 14 	 13 
16.40 	 0.0000 	 0.7979 	 14 	 13 
16.50 	 0.0000 	 0.7978 	 14 	 13 
16.60 	 0.0000 	 0.7967 	 14 	 13 
16.70 	 0.0000 	 0.7950 	 14 	 13 
16.80 	 0.0000 	 0.7932 	 14 	 13 
16.90 	 0.0000 	 0.7911 	 14 	 13 
17.00 	 8.3333 	 0.7911 	 14 	 13 
17.10 	 0.0000 	 0.7898 	 14 	 13 
17.20 	 0.0000 	 0.7905 	 14 	 13 
17.30 	 0.0000 	 0.7904 	 14 	 13 
17.40 	 0.0000 	 0.7913 	 14 	 13 
17.50 	 0.0000 	 0.7915 	 14 	 13 
17.60 	 0.0000 	 0.7915 	 14 	 13 
17.70 	 0.0000 	 0.7915 	 14 	 13 
17.80 	 0.0000 	 0.7900 	 14 	 13 
17.90 	 0.0000 	 0.7894 	 14 	 13 
18.00 	 0.0000 	 0.7814 	 14 	 13 
18.10 	 0.0000 	 0.7789 	 14 	 13 
18.20 	 8.3333 	 0.7797 	 14 	 13 
18.30 	 0.0000 	 0.7806 	 14 	 13 
18.40 	 0.0000 	 0.7819 	 14 	 13 
18.50 	 0.0000 	 0.7825 	 14 	 13 
18.60 	 0.0000 	 0.7835 	 14 	 13 
18.70 	 0.0000 	 0.7821 	 14 	 13 
18.80 	 0.0000 	 0.7848 	 14 	 13 
18.90 	 0.0000 	 0.7855 	 14 	 13 
19.00 	 0.0000 	 0.7865 	 14 	 13 
19.10 	 0.0000 	 0.7871 	 14 	 13 
19.20 	 0.0000 	 0.7874 	 14 	 13 
19.30 	 0.0000 	 0.7877 	 14 	 13 
19.40 	 8.3333 	 0.7871 	 14 	 13 
19.50 	 0.0000 	 0.7867 	 14 	 13 
19.60 	 0.0000 	 0.7848 	 14 	 13 
19.70 	 0.0000 	 0.7849 	 14 	 13 
19.80 	 0.0000 	 0.7839 	 14 	 13 
19.90 	 0.0000 	 0.7834 	 14 	 13 
20.00 	 0.0000 	 0.7835 	 14 	 13 
20.10 	 0.0000 	 0.7837 	 14 	 13 
20.20 	 0.0000 	 0.7841 	 14 	 13 
20.30 	 0.0000 	 0.7835 	 14 	 13 
20.40 	 0.0000 	 0.7837 	 14 	 13 
20.50 	 0.0000 	 0.7838 	 14 	 13 
20.60 	 8.3333 	 0.7844 	 14 	 13 
20.70 	 0.0000 	 0.7842 	 14 	 13 
20.80 	 0.0000 	 0.7844 	 14 	 13 
20.90 	 0.0000 	 0.7835 	 14 	 13 
21.00 	 0.0000 	 0.7834 	 14 	 13 
21.10 	 0.0000 	 0.7826 	 14 	 13 
21.20 	 0.0000 	 0.7840 	 14 	 13 
21.30 	 0.0000 	 0.7861 	 14 	 13 
21.40 	 0.0000 	 0.7862 	 14 	 13 
21.50 	 0.0000 	 0.7859 	 14 	 13 
21.60 	 2.7778 	 0.7857 	 14 	 13 
21.70 	 0.0000 	 0.7865 	 14 	 13 
21.80 	 5.5556 	 0.7864 	 14 	 13 
21.90 	 0.0000 	 0.7854 	 14 	 13 
22.00 	 0.0000 	 0.7844 	 14 	 13 
22.10 	 0.0000 	 0.7857 	 14 	 13 
22.20 	 0.0000 	 0.7856 	 14 	 13 
22.30 	 0.0000 	 0.7864 	 14 	 13 
22.40 	 0.0000 	 0.7868 	 14 	 13 
22.50 	 0.0000 	 0.7861 	 14 	 13 
22.60 	 0.0000 	 0.7863 	 14 	 13 
22.70 	 0.0000 	 0.7868 	 14 	 12 
22.80 	 2.7778 	 0.7884 	 14 	 13 
22.90 	 2.7778 	 0.7881 	 14 	 13 
23.00 	 2.7778 	 0.7886 	 14 	 13 
23.10 	 0.0000 	 0.7895 	 14 	 13 
23.20 	 0.0000 	 0.7886 	 14 	 13 
23.30 	 0.0000 	 0.7896 	 14 	 13 
23.40 	 0.0000 	 0.7901 	 14 	 12 
23.50 	 0.0000 	 0.7913 	 14 	 12 
23.60 	 0.0000 	 0.7916 	 14 	 12 
23.70 	 0.0000 	 0.7917 	 14 	 12 
23.80 	 0.0000 	 0.7911 	 14 	 13 
23.90 	 2.7778 	 0.7932 	 14 	 13 
24.00 	 5.5556 	 0.7948 	 14 	 13 
24.10 	 0.0000 	 0.7877 	 14 	 13 
24.20 	 0.0000 	 0.7885 	 14 	 12 
24.30 	 0.0000 	 0.7874 	 14 	 12 
24.40 	 0.0000 	 0.7878 	 14 	 12 
24.50 	 0.0000 	 0.7889 	 14 	 12 
24.60 	 0.0000 	 0.7897 	 14 	 12 
24.70 	 0.0000 	 0.7897 	 14 	 12 
24.80 	 0.0000 	 0.7895 	 14 	 12 
24.90 	 0.0000 	 0.7907 	 14 	 13 
25.00 	 2.7778 	 0.7900 	 14 	 13 
25.10 	 2.7778 	 0.7906 	 14 	 12 
25.20 	 2.7778 	 0.7918 	 14 	 12 
25.30 	 0.0000 	 0.7923 	 14 	 12 
25.40 	 0.0000 	 0.7911 	 14 	 12 
25.50 	 0.0000 	 0.7914 	 14 	 12 
25.60 	 0.0000 	 0.7914 	 14 	 12 
25.70 	 0.0000 	 0.7924 	 14 	 12 
25.80 	 0.0000 	 0.7931 	 14 	 12 
25.90 	 0.0000 	 0.7939 	 14 	 12 
26.00 	 0.0000 	 0.7936 	 14 	 12 
26.10 	 0.0000 	 0.7939 	 14 	 12 
26.20 	 2.7778 	 0.7936 	 14 	 12 
26.30 	 5.5556 	 0.7938 	 14 	 13 
26.40 	 0.0000 	 0.7951 	 14 	 13 
26.50 	 0.0000 	 0.7947 	 14 	 13 
26.60 	 0.0000 	 0.7928 	 14 	 13 
26.70 	 0.0000 	 0.7942 	 14 	 13 
26.80 	 0.0000 	 0.7929 	 14 	 13 
26.90 	 0.0000 	 0.7924 	 14 	 13 
27.00 	 0.0000 	 0.7930 	 14 	 13 
27.10 	 0.0000 	 0.7919 	 14 	 13 
27.20 	 0.0000 	 0.7923 	 14 	 12 
27.30 	 2.7778 	 0.7915 	 14 	 12 
27.40 	 0.0000 	 0.7896 	 14 	 12 
27.50 	 5.5556 	 0.7887 	 14 	 12 
27.60 	 0.0000 	 0.7893 	 14 	 12 
27.70 	 0.0000 	 0.7889 	 14 	 13 
27.80 	 0.0000 	 0.7882 	 14 	 13 
27.90 	 0.0000 	 0.7871 	 14 	 13 
28.00 	 0.0000 	 0.7868 	 14 	 13 
28.10 	 0.0000 	 0.7857 	 14 	 13 
28.20 	 0.0000 	 0.7853 	 14 	 13 
28.30 	 0.0000 	 0.7846 	 14 	 13 
28.40 	 0.0000 	 0.7837 	 14 	 13 
28.50 	 2.7778 	 0.7818 	 14 	 13 
28.60 	 5.5556 	 0.7815 	 14 	 12 
28.70 	 0.0000 	 0.7816 	 14 	 13 
28.80 	 0.0000 	 0.7810 	 14 	 13 
28.90 	 0.0000 	 0.7814 	 14 	 13 
29.00 	 0.0000 	 0.7820 	 14 	 13 
29.10 	 0.0000 	 0.7805 	 14 	 12 
29.20 	 0.0000 	 0.7806 	 14 	 13 
29.30 	 0.0000 	 0.7816 	 14 	 13 
29.40 	 5.5556 	 0.7827 	 14 	 13 
29.50 	 0.0000 	 0.7830 	 14 	 13 
29.60 	 0.0000 	 0.7821 	 14 	 13 
29.70 	 2.7778 	 0.7748 	 14 	 13 
29.80 	 0.0000 	 0.7703 	 14 	 13 
29.90 	 0.0000 	 0.7629 	 14 	 13 
30.00 	 0.0000 	 0.7630 	 14 	 12 
30.10 	 0.0000 	 0.7654 	 14 	 12 
30.20 	 0.0000 	 0.7649 	 14 	 12 
30.30 	 2.7778 	 0.7634 	 14 	 12 
30.40 	 0.0000 	 0.7629 	 14 	 12 
30.50 	 0.0000 	 0.7622 	 14 	 12 
30.60 	 5.5556 	 0.7628 	 14 	 12 
30.70 	 0.0000 	 0.7639 	 14 	 12 
30.80 	 0.0000 	 0.7638 	 14 	 13 
30.90 	 0.0000 	 0.7633 	 14 	 13 
31.00 	 0.0000 	 0.7639 	 14 	 13 
31.10 	 0.0000 	 0.7636 	 14 	 13 
31.20 	 0.0000 	 0.7633 	 14 	 12 
31.30 	 0.0000 	 0.7631 	 14 	 12 
31.40 	 0.0000 	 0.7654 	 14 	 13 
31.50 	 0.0000 	 0.7646 	 14 	 12 
31.60 	 2.7778 	 0.7645 	 14 	 13 
31.70 	 0.0000 	 0.7670 	 14 	 13 
31.80 	 5.5556 	 0.7666 	 14 	 13 
31.90 	 0.0000 	 0.7682 	 14 	 13 
32.00 	 0.0000 	 0.7682 	 14 	 13 
32.10 	 0.0000 	 0.7693 	 14 	 13 
32.20 	 0.0000 	 0.7700 	 14 	 13 
32.30 	 0.0000 	 0.7716 	 14 	 11 
32.40 	 0.0000 	 0.7703 	 14 	 12 
32.50 	 0.0000 	 0.7738 	 14 	 12 
32.60 	 0.0000 	 0.7724 	 14 	 13 
32.70 	 0.0000 	 0.7745 	 14 	 13 
32.80 	 2.7778 	 0.7734 	 14 	 13 
32.90 	 2.7778 	 0.7743 	 14 	 13 
33.00 	 0.0000 	 0.7744 	 14 	 13 
33.10 	 2.7778 	 0.7746 	 14 	 13 
33.20 	 0.0000 	 0.7771 	 14 	 13 
33.30 	 0.0000 	 0.7773 	 14 	 13 
33.40 	 0.0000 	 0.7769 	 14 	 13 
33.50 	 0.0000 	 0.7772 	 14 	 13 
33.60 	 0.0000 	 0.7772 	 14 	 13 
33.70 	 0.0000 	 0.7767 	 14 	 12 
33.80 	 0.0000 	 0.7774 	 14 	 12 
33.90 	 0.0000 	 0.7772 	 14 	 12 
34.00 	 2.7778 	 0.7783 	 14 	 12 
34.10 	 2.7778 	 0.7795 	 14 	 12 
34.20 	 2.7778 	 0.7790 	 14 	 13 
34.30 	 0.0000 	 0.7793 	 14 	 13 
34.40 	 0.0000 	 0.7790 	 14 	 13 
34.50 	 0.0000 	 0.7804 	 14 	 13 
34.60 	 0.0000 	 0.7804 	 14 	 13 
34.70 	 0.0000 	 0.7814 	 14 	 13 
34.80 	 0.0000 	 0.7810 	 14 	 13 
34.90 	 0.0000 	 0.7800 	 14 	 13 
35.00 	 0.0000 	 0.7809 	 14 	 13 
35.10 	 0.0000 	 0.7813 	 14 	 13 
35.20 	 0.0000 	 0.7813 	 14 	 13 
35.30 	 2.7778 	 0.7809 	 14 	 13 
35.40 	 0.0000 	 0.7803 	 14 	 13 
35.50 	 2.7778 	 0.7811 	 14 	 13 
35.60 	 0.0000 	 0.7810 	 14 	 13 
35.70 	 2.7778 	 0.7818 	 14 	 13 
35.80 	 0.0000 	 0.7819 	 14 	 13 
35.90 	 0.0000 	 0.7815 	 14 	 12 
36.00 	 0.0000 	 0.7823 	 14 	 11 
36.10 	 0.0000 	 0.7817 	 14 	 11 
36.20 	 2.7778 	 0.7810 	 14 	 11 
36.30 	 0.0000 	 0.7821 	 14 	 13 
36.40 	 0.0000 	 0.7815 	 14 	 13 
36.50 	 0.0000 	 0.7809 	 14 	 13 
36.60 	 2.7778 	 0.7802 	 14 	 12 
36.70 	 0.0000 	 0.7804 	 14 	 13 
36.80 	 0.0000 	 0.7785 	 14 	 12 
36.90 	 0.0000 	 0.7709 	 14 	 12 
37.00 	 0.0000 	 0.7690 	 14 	 12 
37.10 	 2.7778 	 0.7685 	 14 	 13 
37.20 	 0.0000 	 0.7688 	 14 	 13 
37.30 	 0.0000 	 0.7677 	 14 	 13 
37.40 	 2.7778 	 0.7680 	 14 	 11 
37.50 	 2.7778 	 0.7671 	 14 	 11 
37.60 	 0.0000 	 0.7686 	 14 	 12 
37.70 	 0.0000 	 0.7688 	 14 	 12 
37.80 	 0.0000 	 0.7692 	 14 	 12 
37.90 	 0.0000 	 0.7719 	 14 	 12 
38.00 	 0.0000 	 0.7741 	 14 	 12 
38.10 	 0.0000 	 0.7718 	 14 	 12 
38.20 	 2.7778 	 0.7728 	 14 	 12 
38.30 	 0.0000 	 0.7742 	 14 	 12 
38.40 	 0.0000 	 0.7743 	 14 	 13 
38.50 	 0.0000 	 0.7725 	 14 	 11 
38.60 	 5.5556 	 0.7710 	 14 	 13 
38.70 	 0.0000 	 0.7729 	 14 	 13 
38.80 	 0.0000 	 0.7725 	 14 	 13 
38.90 	 0.0000 	 0.7697 	 14 	 13 
39.00 	 0.0000 	 0.7700 	 14 	 13 
39.10 	 0.0000 	 0.7680 	 14 	 13 
39.20 	 2.7778 	 0.7684 	 14 	 13 
39.30 	 0.0000 	 0.7692 	 14 	 10 
39.40 	 0.0000 	 0.7689 	 14 	 13 
39.50 	 2.7778 	 0.7676 	 14 	 13 
39.60 	 0.0000 	 0.7661 	 14 	 13 
39.70 	 0.0000 	 0.7665 	 14 	 13 
39.80 	 0.0000 	 0.7666 	 14 	 13 
39.90 	 0.0000 	 0.7681 	 14 	 13 
40.00 	 2.7778 	 0.7681 	 14 	 13 
40.10 	 0.0000 	 0.7662 	 14 	 10 
40.20 	 0.0000 	 0.7649 	 14 	 13 
40.30 	 0.0000 	 0.7658 	 14 	 10 
40.40 	 2.7778 	 0.7665 	 14 	 13 
40.50 	 0.0000 	 0.7665 	 14 	 13 
40.60 	 0.0000 	 0.7658 	 14 	 13 
40.70 	 0.0000 	 0.7649 	 14 	 13 
40.80 	 0.0000 	 0.7654 	 14 	 13 
40.90 	 0.0000 	 0.7653 	 14 	 13 
41.00 	 0.0000 	 0.7672 	 14 	 10 
41.10 	 0.0000 	 0.7654 	 14 	 13 
41.20 	 2.7778 	 0.7644 	 14 	 13 
41.30 	 0.0000 	 0.7647 	 14 	 13 
41.40 	 0.0000 	 0.7660 	 14 	 13 
41.50 	 0.0000 	 0.7655 	 14 	 13 
41.60 	 0.0000 	 0.7672 	 14 	 13 
41.70 	 0.0000 	 0.7656 	 14 	 13 
41.80 	 0.0000 	 0.7659 	 14 	 13 
41.90 	 0.0000 	 0.7661 	 14 	 13 
42.00 	 5.5556 	 0.7664 	 14 	 13 
42.10 	 0.0000 	 0.7675 	 14 	 13 
42.20 	 0.0000 	 0.7684 	 14 	 13 
42.30 	 0.0000 	 0.7627 	 14 	 13 
42.40 	 0.0000 	 0.7614 	 14 	 11 
42.50 	 0.0000 	 0.7620 	 14 	 11 
42.60 	 0.0000 	 0.7614 	 14 	 11 
42.70 	 0.0000 	 0.7624 	 14 	 10 
42.80 	 2.7778 	 0.7617 	 14 	 12 
42.90 	 2.7778 	 0.7605 	 14 	 12 
43.00 	 0.0000 	 0.7613 	 14 	 12 
43.10 	 0.0000 	 0.7611 	 14 	 12 
43.20 	 0.0000 	 0.7606 	 14 	 12 
43.30 	 0.0000 	 0.7604 	 14 	 12 
43.40 	 2.7778 	 0.7604 	 14 	 12 
43.50 	 0.0000 	 0.7609 	 14 	 12 
43.60 	 0.0000 	 0.7610 	 14 	 12 
43.70 	 0.0000 	 0.7536 	 14 	 11 
43.80 	 2.7778 	 0.7524 	 14 	 11 
43.90 	 0.0000 	 0.7523 	 14 	 11 
44.00 	 2.7778 	 0.7534 	 14 	 11 
44.10 	 0.0000 	 0.7534 	 14 	 11 
44.20 	 0.0000 	 0.7557 	 14 	 12 
44.30 	 0.0000 	 0.7551 	 14 	 12 
44.40 	 0.0000 	 0.7569 	 14 	 12 
44.50 	 0.0000 	 0.7567 	 14 	 12 
44.60 	 0.0000 	 0.7572 	 14 	 12 
44.70 	 2.7778 	 0.7587 	 14 	 12 
44.80 	 0.0000 	 0.7581 	 14 	 12 
44.90 	 0.0000 	 0.7606 	 14 	 12 
45.00 	 0.0000 	 0.7601 	 14 	 11 
45.10 	 0.0000 	 0.7605 	 14 	 11 
45.20 	 0.0000 	 0.7611 	 14 	 12 
45.30 	 0.0000 	 0.7626 	 14 	 12 
45.40 	 0.0000 	 0.7631 	 14 	 12 
45.50 	 0.0000 	 0.7620 	 14 	 12 
45.60 	 2.7778 	 0.7621 	 14 	 12 
45.70 	 0.0000 	 0.7634 	 14 	 12 
45.80 	 0.0000 	 0.7641 	 14 	 12 
45.90 	 0.0000 	 0.7643 	 14 	 13 
46.00 	 0.0000 	 0.7654 	 14 	 13 
46.10 	 0.0000 	 0.7651 	 14 	 13 
46.20 	 0.0000 	 0.7666 	 14 	 13 
46.30 	 2.7778 	 0.7661 	 14 	 13 
46.40 	 0.0000 	 0.7669 	 14 	 13 
46.50 	 0.0000 	 0.7672 	 14 	 12 
46.60 	 0.0000 	 0.7682 	 14 	 12 
46.70 	 0.0000 	 0.7673 	 14 	 12 
46.80 	 0.0000 	 0.7680 	 14 	 12 
46.90 	 2.7778 	 0.7688 	 14 	 12 
47.00 	 0.0000 	 0.7679 	 14 	 13 
47.10 	 2.7778 	 0.7684 	 14 	 13 
47.20 	 0.0000 	 0.7685 	 14 	 13 
47.30 	 0.0000 	 0.7599 	 14 	 13 
47.40 	 0.0000 	 0.7605 	 14 	 13 
47.50 	 2.7778 	 0.7607 	 14 	 13 
47.60 	 0.0000 	 0.7587 	 14 	 13 
47.70 	 0.0000 	 0.7587 	 14 	 13 
47.80 	 2.7778 	 0.7580 	 14 	 13 
47.90 	 0.0000 	 0.7583 	 14 	 12 
48.00 	 0.0000 	 0.7577 	 14 	 13 
48.10 	 0.0000 	 0.7555 	 14 	 13 
48.20 	 0.0000 	 0.7554 	 14 	 13 
48.30 	 2.7778 	 0.7531 	 14 	 13 
48.40 	 0.0000 	 0.7524 	 14 	 13 
48.50 	 0.0000 	 0.7526 	 14 	 13 
48.60 	 0.0000 	 0.7522 	 14 	 13 
48.70 	 2.7778 	 0.7511 	 14 	 13 
48.80 	 0.0000 	 0.7530 	 14 	 12 
48.90 	 2.7778 	 0.7520 	 14 	 12 
49.00 	 0.0000 	 0.7529 	 14 	 13 
49.10 	 0.0000 	 0.7525 	 14 	 13 
49.20 	 0.0000 	 0.7552 	 14 	 13 
49.30 	 0.0000 	 0.7544 	 14 	 13 
49.40 	 0.0000 	 0.7559 	 14 	 13 
49.50 	 2.7778 	 0.7542 	 14 	 13 
49.60 	 2.7778 	 0.7543 	 14 	 13 
49.70 	 0.0000 	 0.7548 	 14 	 13 
49.80 	 0.0000 	 0.7538 	 14 	 13 
49.90 	 0.0000 	 0.7536 	 14 	 13 
50.00 	 0.0000 	 0.7531 	 14 	 13 
50.10 	 0.0000 	 0.7521 	 14 	 13 
50.20 	 2.7778 	 0.7527 	 14 	 13 
50.30 	 2.7778 	 0.7501 	 14 	 13 
50.40 	 0.0000 	 0.7490 	 14 	 13 
50.50 	 0.0000 	 0.7492 	 14 	 13 
50.60 	 0.0000 	 0.7474 	 14 	 13 
50.70 	 0.0000 	 0.7461 	 14 	 13 
50.80 	 2.7778 	 0.7459 	 14 	 13 
50.90 	 0.0000 	 0.7444 	 14 	 13 
51.00 	 0.0000 	 0.7446 	 14 	 13 
51.10 	 0.0000 	 0.7454 	 14 	 13 
51.20 	 2.7778 	 0.7430 	 14 	 13 
51.30 	 0.0000 	 0.7418 	 14 	 13 
51.40 	 0.0000 	 0.7414 	 14 	 13 
51.50 	 2.7778 	 0.7402 	 14 	 13 
51.60 	 0.0000 	 0.7415 	 14 	 13 
51.70 	 0.0000 	 0.7411 	 14 	 13 
51.80 	 0.0000 	 0.7409 	 14 	 13 
51.90 	 0.0000 	 0.7405 	 14 	 13 
52.00 	 2.7778 	 0.7405 	 14 	 13 
52.10 	 0.0000 	 0.7406 	 14 	 10 
52.20 	 0.0000 	 0.7390 	 14 	 10 
52.30 	 2.7778 	 0.7402 	 14 	 13 
52.40 	 0.0000 	 0.7394 	 14 	 13 
52.50 	 0.0000 	 0.7391 	 14 	 13 
52.60 	 0.0000 	 0.7386 	 14 	 13 
52.70 	 0.0000 	 0.7390 	 14 	 13 
52.80 	 0.0000 	 0.7380 	 14 	 13 
52.90 	 0.0000 	 0.7396 	 14 	 13 
53.00 	 0.0000 	 0.7400 	 14 	 12 
53.10 	 0.0000 	 0.7392 	 14 	 10 
53.20 	 2.7778 	 0.7386 	 14 	 10 
53.30 	 0.0000 	 0.7372 	 14 	 10 
53.40 	 0.0000 	 0.7373 	 14 	 12 
53.50 	 0.0000 	 0.7375 	 14 	 12 
53.60 	 0.0000 	 0.7375 	 14 	 12 
53.70 	 0.0000 	 0.7369 	 14 	 13 
53.80 	 0.0000 	 0.7361 	 14 	 12 
53.90 	 2.7778 	 0.7377 	 14 	 12 
54.00 	 0.0000 	 0.7396 	 14 	 12 
54.10 	 0.0000 	 0.7390 	 14 	 13 
54.20 	 0.0000 	 0.7395 	 14 	 13 
54.30 	 0.0000 	 0.7408 	 14 	 13 
54.40 	 0.0000 	 0.7406 	 14 	 10 
54.50 	 0.0000 	 0.7394 	 14 	 12 
54.60 	 0.0000 	 0.7397 	 14 	 12 
54.70 	 2.7778 	 0.7402 	 14 	 12 
54.80 	 0.0000 	 0.7400 	 14 	 12 
54.90 	 0.0000 	 0.7420 	 14 	 13 
55.00 	 0.0000 	 0.7417 	 14 	 13 
55.10 	 0.0000 	 0.7403 	 14 	 13 
55.20 	 2.7778 	 0.7417 	 14 	 13 
55.30 	 0.0000 	 0.7411 	 14 	 11 
55.40 	 0.0000 	 0.7396 	 14 	 12 
55.50 	 0.0000 	 0.7411 	 14 	 10 
55.60 	 2.7778 	 0.7407 	 14 	 10 
55.70 	 0.0000 	 0.7400 	 14 	 10 
55.80 	 0.0000 	 0.7402 	 14 	 10 
55.90 	 0.0000 	 0.7388 	 14 	 10 
56.00 	 2.7778 	 0.7405 	 14 	 10 
56.10 	 0.0000 	 0.7407 	 14 	 10 
56.20 	 0.0000 	 0.7418 	 14 	 13 
56.30 	 0.0000 	 0.7405 	 14 	 12 
56.40 	 2.7778 	 0.7406 	 14 	 12 
56.50 	 0.0000 	 0.7419 	 14 	 12 
56.60 	 2.7778 	 0.7410 	 14 	 10 
56.70 	 0.0000 	 0.7418 	 14 	 10 
56.80 	 0.0000 	 0.7433 	 14 	 10 
56.90 	 0.0000 	 0.7426 	 14 	 10 
57.00 	 0.0000 	 0.7429 	 14 	 10 
57.10 	 0.0000 	 0.7435 	 14 	 10 
57.20 	 0.0000 	 0.7423 	 14 	 10 
57.30 	 5.5556 	 0.7413 	 14 	 12 
57.40 	 0.0000 	 0.7276 	 14 	 12 
57.50 	 0.0000 	 0.7267 	 14 	 12 
57.60 	 0.0000 	 0.7261 	 14 	 12 
57.70 	 0.0000 	 0.7256 	 14 	 10 
57.80 	 0.0000 	 0.7243 	 14 	 10 
57.90 	 0.0000 	 0.7226 	 14 	 10 
58.00 	 0.0000 	 0.7221 	 14 	 9 
58.10 	 2.7778 	 0.7212 	 14 	 9 
58.20 	 2.7778 	 0.7202 	 14 	 9 
58.30 	 0.0000 	 0.7218 	 14 	 9 
58.40 	 0.0000 	 0.7220 	 14 	 9 
58.50 	 0.0000 	 0.7191 	 14 	 9 
58.60 	 0.0000 	 0.7222 	 14 	 9 
58.70 	 0.0000 	 0.7226 	 14 	 9 
58.80 	 2.7778 	 0.7222 	 14 	 10 
58.90 	 0.0000 	 0.7230 	 14 	 10 
59.00 	 0.0000 	 0.7231 	 14 	 11 
59.10 	 0.0000 	 0.7220 	 14 	 11 
59.20 	 0.0000 	 0.7234 	 14 	 9 
59.30 	 0.0000 	 0.7225 	 14 	 9 
59.40 	 0.0000 	 0.7238 	 14 	 9 
59.50 	 0.0000 	 0.7222 	 14 	 9 
59.60 	 2.7778 	 0.7219 	 14 	 9 
59.70 	 0.0000 	 0.7227 	 14 	 9 
59.80 	 0.0000 	 0.7170 	 14 	 9 
59.90 	 0.0000 	 0.7158 	 14 	 9 
60.00 	 0.0000 	 0.7147 	 14 	 12 
60.10 	 0.0000 	 0.7145 	 14 	 12 
60.20 	 0.0000 	 0.7132 	 14 	 12 
60.30 	 0.0000 	 0.7133 	 14 	 12 
60.40 	 2.7778 	 0.7119 	 14 	 12 
60.50 	 0.0000 	 0.7119 	 14 	 9 
60.60 	 0.0000 	 0.7106 	 14 	 9 
60.70 	 0.0000 	 0.7096 	 14 	 9 
60.80 	 0.0000 	 0.7090 	 14 	 9 
60.90 	 0.0000 	 0.7088 	 14 	 9 
61.00 	 0.0000 	 0.7081 	 14 	 9 
61.10 	 0.0000 	 0.7075 	 14 	 11 
61.20 	 5.5556 	 0.7063 	 14 	 11 
61.30 	 0.0000 	 0.7062 	 14 	 12 
61.40 	 0.0000 	 0.7052 	 14 	 12 
61.50 	 0.0000 	 0.7041 	 14 	 12 
61.60 	 0.0000 	 0.7037 	 14 	 12 
61.70 	 0.0000 	 0.7023 	 14 	 9 
61.80 	 2.7778 	 0.7028 	 14 	 13 
61.90 	 0.0000 	 0.7022 	 14 	 13 
62.00 	 2.7778 	 0.6999 	 14 	 8 
62.10 	 0.0000 	 0.6996 	 14 	 13 
62.20 	 0.0000 	 0.7002 	 14 	 13 
62.30 	 0.0000 	 0.7010 	 14 	 13 
62.40 	 0.0000 	 0.7014 	 14 	 13 
62.50 	 0.0000 	 0.7013 	 14 	 13 
62.60 	 2.7778 	 0.7018 	 14 	 13 
62.70 	 0.0000 	 0.7004 	 14 	 13 
62.80 	 0.0000 	 0.7009 	 14 	 13 
62.90 	 0.0000 	 0.7016 	 14 	 13 
63.00 	 0.0000 	 0.7009 	 14 	 13 
63.10 	 0.0000 	 0.7004 	 14 	 13 
63.20 	 0.0000 	 0.7022 	 14 	 13 
63.30 	 0.0000 	 0.7012 	 14 	 13 
63.40 	 2.7778 	 0.7008 	 14 	 13 
63.50 	 0.0000 	 0.6994 	 14 	 13 
63.60 	 0.0000 	 0.6977 	 14 	 13 
63.70 	 0.0000 	 0.6977 	 14 	 13 
63.80 	 0.0000 	 0.6991 	 14 	 13 
63.90 	 0.0000 	 0.6990 	 14 	 13 
64.00 	 0.0000 	 0.6993 	 14 	 13 
64.10 	 2.7778 	 0.7000 	 14 	 13 
64.20 	 0.0000 	 0.7010 	 14 	 13 
64.30 	 0.0000 	 0.7014 	 14 	 13 
64.40 	 0.0000 	 0.7034 	 14 	 13 
64.50 	 0.0000 	 0.7037 	 14 	 13 
64.60 	 0.0000 	 0.7058 	 14 	 12 
64.70 	 2.7778 	 0.7083 	 14 	 12 
64.80 	 0.0000 	 0.7093 	 14 	 13 
64.90 	 0.0000 	 0.7109 	 14 	 13 
65.00 	 0.0000 	 0.7133 	 14 	 13 
65.10 	 0.0000 	 0.7149 	 14 	 13 
65.20 	 0.0000 	 0.7156 	 14 	 13 
65.30 	 5.5556 	 0.7168 	 14 	 13 
65.40 	 0.0000 	 0.7200 	 14 	 13 
65.50 	 0.0000 	 0.7202 	 14 	 13 
65.60 	 0.0000 	 0.7206 	 14 	 13 
65.70 	 0.0000 	 0.7209 	 14 	 13 
65.80 	 0.0000 	 0.7205 	 14 	 12 
65.90 	 0.0000 	 0.7207 	 14 	 12 
66.00 	 5.5556 	 0.7202 	 14 	 7 
66.10 	 0.0000 	 0.7205 	 14 	 7 
66.20 	 0.0000 	 0.7214 	 14 	 13 
66.30 	 0.0000 	 0.7226 	 14 	 13 
66.40 	 0.0000 	 0.7228 	 14 	 13 
66.50 	 0.0000 	 0.7238 	 14 	 13 
66.60 	 0.0000 	 0.7241 	 14 	 13 
66.70 	 2.7778 	 0.7241 	 14 	 11 
66.80 	 2.7778 	 0.7253 	 14 	 11 
66.90 	 0.0000 	 0.7247 	 14 	 12 
67.00 	 0.0000 	 0.7263 	 14 	 12 
67.10 	 0.0000 	 0.7276 	 14 	 12 
67.20 	 2.7778 	 0.7284 	 14 	 13 
67.30 	 0.0000 	 0.7284 	 14 	 13 
67.40 	 0.0000 	 0.7285 	 14 	 6 
67.50 	 0.0000 	 0.7280 	 14 	 13 
67.60 	 2.7778 	 0.7288 	 14 	 13 
67.70 	 0.0000 	 0.7302 	 14 	 12 
67.80 	 0.0000 	 0.7305 	 14 	 10 
67.90 	 0.0000 	 0.7297 	 14 	 12 
68.00 	 2.7778 	 0.7304 	 14 	 12 
68.10 	 0.0000 	 0.7304 	 14 	 12 
68.20 	 0.0000 	 0.7293 	 14 	 12 
68.30 	 0.0000 	 0.7302 	 14 	 12 
68.40 	 2.7778 	 0.7301 	 14 	 12 
68.50 	 0.0000 	 0.7301 	 14 	 12 
68.60 	 0.0000 	 0.7319 	 14 	 13 
68.70 	 2.7778 	 0.7331 	 14 	 13 
68.80 	 0.0000 	 0.7342 	 14 	 7 
68.90 	 0.0000 	 0.7349 	 14 	 12 
69.00 	 0.0000 	 0.7346 	 14 	 13 
69.10 	 0.0000 	 0.7361 	 14 	 12 
69.20 	 2.7778 	 0.7371 	 14 	 6 
69.30 	 0.0000 	 0.7384 	 14 	 6 
69.40 	 0.0000 	 0.7387 	 14 	 12 
69.50 	 2.7778 	 0.7384 	 14 	 6 
69.60 	 0.0000 	 0.7387 	 14 	 6 
69.70 	 0.0000 	 0.7391 	 14 	 6 
69.80 	 0.0000 	 0.7387 	 14 	 13 
69.90 	 0.0000 	 0.7393 	 14 	 13 
70.00 	 2.7778 	 0.7392 	 14 	 6 
70.10 	 0.0000 	 0.7394 	 14 	 12 
70.20 	 0.0000 	 0.7395 	 14 	 12 
70.30 	 2.7778 	 0.7403 	 14 	 12 
70.40 	 0.0000 	 0.7391 	 14 	 12 
70.50 	 0.0000 	 0.7404 	 14 	 6 
70.60 	 0.0000 	 0.7313 	 14 	 13 
70.70 	 0.0000 	 0.7319 	 14 	 13 
70.80 	 0.0000 	 0.7326 	 14 	 10 
70.90 	 2.7778 	 0.7327 	 14 	 10 
71.00 	 0.0000 	 0.7319 	 14 	 10 
71.10 	 0.0000 	 0.7319 	 14 	 10 
71.20 	 2.7778 	 0.7298 	 14 	 10 
71.30 	 0.0000 	 0.7287 	 14 	 6 
71.40 	 0.0000 	 0.7285 	 14 	 6 
71.50 	 0.0000 	 0.7275 	 14 	 6 
71.60 	 0.0000 	 0.7253 	 14 	 6 
71.70 	 2.7778 	 0.7254 	 14 	 13 
71.80 	 0.0000 	 0.7258 	 14 	 13 
71.90 	 0.0000 	 0.7252 	 14 	 13 
72.00 	 2.7778 	 0.7260 	 14 	 10 
72.10 	 0.0000 	 0.7258 	 14 	 10 
72.20 	 0.0000 	 0.7241 	 14 	 12 
72.30 	 0.0000 	 0.7252 	 14 	 13 
72.40 	 0.0000 	 0.7261 	 14 	 6 
72.50 	 0.0000 	 0.7233 	 14 	 5 
72.60 	 0.0000 	 0.7220 	 14 	 6 
72.70 	 0.0000 	 0.7222 	 14 	 6 
72.80 	 2.7778 	 0.7215 	 14 	 6 
72.90 	 0.0000 	 0.7200 	 14 	 7 
73.00 	 0.0000 	 0.7194 	 14 	 7 
73.10 	 0.0000 	 0.7189 	 14 	 9 
73.20 	 0.0000 	 0.7166 	 14 	 13 
73.30 	 0.0000 	 0.7159 	 14 	 13 
73.40 	 0.0000 	 0.7163 	 14 	 13 
73.50 	 0.0000 	 0.7155 	 14 	 13 
73.60 	 0.0000 	 0.7151 	 14 	 10 
73.70 	 2.7778 	 0.7143 	 14 	 7 
73.80 	 0.0000 	 0.7130 	 14 	 7 
73.90 	 0.0000 	 0.7042 	 14 	 7 
74.00 	 0.0000 	 0.7036 	 14 	 6 
74.10 	 0.0000 	 0.7032 	 14 	 7 
74.20 	 0.0000 	 0.7019 	 14 	 9 
74.30 	 0.0000 	 0.7018 	 14 	 13 
74.40 	 0.0000 	 0.7006 	 14 	 13 
74.50 	 2.7778 	 0.6993 	 14 	 6 
74.60 	 0.0000 	 0.7019 	 14 	 10 
74.70 	 0.0000 	 0.7010 	 14 	 6 
74.80 	 0.0000 	 0.6997 	 14 	 6 
74.90 	 2.7778 	 0.6967 	 14 	 6 
75.00 	 0.0000 	 0.6956 	 14 	 6 
75.10 	 0.0000 	 0.6960 	 14 	 6 
75.20 	 0.0000 	 0.6943 	 14 	 7 
75.30 	 0.0000 	 0.6936 	 14 	 7 
75.40 	 0.0000 	 0.6904 	 14 	 13 
75.50 	 2.7778 	 0.6906 	 14 	 13 
75.60 	 0.0000 	 0.6890 	 14 	 7 
75.70 	 0.0000 	 0.6879 	 14 	 13 
75.80 	 0.0000 	 0.6871 	 14 	 13 
75.90 	 0.0000 	 0.6894 	 14 	 13 
76.00 	 0.0000 	 0.6868 	 14 	 13 
76.10 	 2.7778 	 0.6881 	 14 	 7 
76.20 	 0.0000 	 0.6867 	 14 	 13 
76.30 	 0.0000 	 0.6859 	 14 	 13 
76.40 	 0.0000 	 0.6866 	 14 	 13 
76.50 	 0.0000 	 0.6861 	 14 	 13 
76.60 	 0.0000 	 0.6849 	 14 	 6 
76.70 	 0.0000 	 0.6822 	 14 	 6 
76.80 	 0.0000 	 0.6811 	 14 	 6 
76.90 	 2.7778 	 0.6804 	 14 	 13 
77.00 	 0.0000 	 0.6805 	 14 	 13 
77.10 	 0.0000 	 0.6787 	 14 	 13 
77.20 	 0.0000 	 0.6774 	 14 	 13 
77.30 	 0.0000 	 0.6772 	 14 	 13 
77.40 	 0.0000 	 0.6775 	 14 	 13 
77.50 	 0.0000 	 0.6766 	 14 	 13 
77.60 	 0.0000 	 0.6752 	 14 	 6 
77.70 	 0.0000 	 0.6744 	 14 	 6 
77.80 	 2.7778 	 0.6728 	 14 	 6 
77.90 	 0.0000 	 0.6711 	 14 	 6 
78.00 	 0.0000 	 0.6722 	 14 	 6 
78.10 	 0.0000 	 0.6710 	 14 	 6 
78.20 	 0.0000 	 0.6696 	 14 	 7 
78.30 	 0.0000 	 0.6691 	 14 	 7 
78.40 	 2.7778 	 0.6695 	 14 	 7 
78.50 	 2.7778 	 0.6689 	 14 	 7 
78.60 	 0.0000 	 0.6699 	 14 	 7 
78.70 	 0.0000 	 0.6698 	 14 	 6 
78.80 	 0.0000 	 0.6692 	 14 	 6 
78.90 	 0.0000 	 0.6703 	 14 	 6 
79.00 	 2.7778 	 0.6715 	 14 	 6 
79.10 	 0.0000 	 0.6721 	 14 	 6 
79.20 	 2.7778 	 0.6717 	 14 	 6 
79.30 	 0.0000 	 0.6706 	 14 	 6 
79.40 	 0.0000 	 0.6686 	 14 	 7 
79.50 	 0.0000 	 0.6638 	 14 	 7 
79.60 	 0.0000 	 0.6645 	 14 	 7 
79.70 	 0.0000 	 0.6645 	 14 	 7 
79.80 	 5.5556 	 0.6655 	 14 	 6 
79.90 	 0.0000 	 0.6660 	 14 	 12 
80.00 	 0.0000 	 0.6662 	 14 	 5 
80.10 	 0.0000 	 0.6659 	 14 	 5 
80.20 	 0.0000 	 0.6675 	 14 	 7 
80.30 	 0.0000 	 0.6692 	 14 	 7 
80.40 	 0.0000 	 0.6698 	 14 	 6 
80.50 	 5.5556 	 0.6687 	 14 	 6 
80.60 	 0.0000 	 0.6708 	 14 	 5 
80.70 	 0.0000 	 0.6711 	 14 	 5 
80.80 	 0.0000 	 0.6721 	 14 	 5 
80.90 	 0.0000 	 0.6744 	 14 	 5 
81.00 	 0.0000 	 0.6755 	 14 	 5 
81.10 	 2.7778 	 0.6758 	 14 	 6 
81.20 	 0.0000 	 0.6789 	 14 	 5 
81.30 	 2.7778 	 0.6799 	 14 	 5 
81.40 	 0.0000 	 0.6811 	 14 	 6 
81.50 	 0.0000 	 0.6822 	 14 	 5 
81.60 	 0.0000 	 0.6840 	 14 	 5 
81.70 	 0.0000 	 0.6855 	 14 	 5 
81.80 	 0.0000 	 0.6853 	 14 	 5 
81.90 	 2.7778 	 0.6860 	 14 	 5 
82.00 	 0.0000 	 0.6887 	 14 	 5 
82.10 	 2.7778 	 0.6901 	 14 	 5 
82.20 	 0.0000 	 0.6921 	 14 	 5 
82.30 	 0.0000 	 0.6924 	 14 	 5 
82.40 	 0.0000 	 0.6929 	 14 	 5 
82.50 	 0.0000 	 0.6937 	 14 	 13 
82.60 	 2.7778 	 0.6949 	 14 	 13 
82.70 	 0.0000 	 0.6944 	 14 	 13 
82.80 	 0.0000 	 0.6951 	 14 	 5 
82.90 	 2.7778 	 0.6960 	 14 	 5 
83.00 	 0.0000 	 0.6970 	 14 	 5 
83.10 	 0.0000 	 0.6972 	 14 	 13 
83.20 	 0.0000 	 0.6977 	 14 	 13 
83.30 	 0.0000 	 0.6941 	 14 	 13 
83.40 	 2.7778 	 0.6946 	 14 	 5 
83.50 	 0.0000 	 0.6962 	 14 	 6 
83.60 	 0.0000 	 0.6962 	 14 	 6 
83.70 	 2.7778 	 0.6970 	 14 	 9 
83.80 	 0.0000 	 0.6964 	 14 	 9 
83.90 	 0.0000 	 0.6966 	 14 	 13 
84.00 	 0.0000 	 0.6976 	 14 	 13 
84.10 	 0.0000 	 0.6995 	 14 	 13 
84.20 	 2.7778 	 0.6997 	 14 	 13 
84.30 	 0.0000 	 0.7003 	 14 	 13 
84.40 	 0.0000 	 0.7020 	 14 	 13 
84.50 	 0.0000 	 0.7017 	 14 	 9 
84.60 	 2.7778 	 0.7019 	 14 	 9 
84.70 	 0.0000 	 0.7022 	 14 	 5 
84.80 	 0.0000 	 0.7054 	 14 	 6 
84.90 	 0.0000 	 0.7048 	 14 	 6 
85.00 	 2.7778 	 0.7053 	 14 	 9 
85.10 	 0.0000 	 0.7073 	 14 	 13 
85.20 	 0.0000 	 0.6992 	 14 	 9 
85.30 	 0.0000 	 0.6992 	 14 	 9 
85.40 	 0.0000 	 0.7011 	 14 	 9 
85.50 	 0.0000 	 0.7014 	 14 	 9 
85.60 	 0.0000 	 0.7009 	 14 	 13 
85.70 	 2.7778 	 0.6978 	 14 	 13 
85.80 	 0.0000 	 0.6995 	 14 	 6 
85.90 	 0.0000 	 0.7018 	 14 	 6 
86.00 	 0.0000 	 0.6989 	 14 	 6 
86.10 	 0.0000 	 0.6996 	 14 	 7 
86.20 	 0.0000 	 0.6996 	 14 	 7 
86.30 	 0.0000 	 0.7009 	 14 	 7 
86.40 	 0.0000 	 0.6956 	 14 	 7 
86.50 	 2.7778 	 0.6952 	 14 	 7 
86.60 	 0.0000 	 0.6934 	 14 	 13 
86.70 	 0.0000 	 0.6932 	 14 	 13 
86.80 	 0.0000 	 0.6886 	 14 	 7 
86.90 	 0.0000 	 0.6879 	 14 	 7 
87.00 	 0.0000 	 0.6879 	 14 	 7 
87.10 	 0.0000 	 0.6877 	 14 	 7 
87.20 	 0.0000 	 0.6862 	 14 	 7 
87.30 	 0.0000 	 0.6865 	 14 	 7 
87.40 	 2.7778 	 0.6841 	 14 	 7 
87.50 	 0.0000 	 0.6794 	 14 	 7 
87.60 	 0.0000 	 0.6801 	 14 	 13 
87.70 	 0.0000 	 0.6820 	 14 	 13 
87.80 	 2.7778 	 0.6819 	 14 	 13 
87.90 	 0.0000 	 0.6804 	 14 	 13 
88.00 	 0.0000 	 0.6809 	 14 	 13 
88.10 	 0.0000 	 0.6808 	 14 	 13 
88.20 	 2.7778 	 0.6806 	 14 	 13 
88.30 	 0.0000 	 0.6833 	 14 	 7 
88.40 	 2.7778 	 0.6824 	 14 	 7 
88.50 	 0.0000 	 0.6832 	 14 	 7 
88.60 	 0.0000 	 0.6834 	 14 	 12 
88.70 	 0.0000 	 0.6851 	 14 	 13 
88.80 	 0.0000 	 0.6877 	 14 	 6 
88.90 	 0.0000 	 0.6893 	 14 	 6 
89.00 	 5.5556 	 0.6899 	 14 	 6 
89.10 	 0.0000 	 0.6904 	 14 	 6 
89.20 	 0.0000 	 0.6904 	 14 	 6 
89.30 	 0.0000 	 0.6907 	 14 	 6 
89.40 	 0.0000 	 0.6917 	 14 	 6 
89.50 	 0.0000 	 0.6930 	 14 	 6 
89.60 	 0.0000 	 0.6930 	 14 	 6 
89.70 	 0.0000 	 0.6950 	 14 	 13 
89.80 	 2.7778 	 0.6972 	 14 	 6 
89.90 	 0.0000 	 0.6981 	 14 	 6 
90.00 	 0.0000 	 0.6984 	 14 	 6 
90.10 	 0.0000 	 0.6993 	 14 	 6 
90.20 	 0.0000 	 0.7009 	 14 	 6 
90.30 	 0.0000 	 0.7018 	 14 	 6 
90.40 	 0.0000 	 0.7044 	 14 	 6 
90.50 	 0.0000 	 0.7062 	 14 	 6 
90.60 	 2.7778 	 0.7073 	 14 	 6 
90.70 	 0.0000 	 0.7094 	 14 	 13 
90.80 	 0.0000 	 0.7113 	 14 	 13 
90.90 	 0.0000 	 0.7101 	 14 	 6 
91.00 	 0.0000 	 0.7107 	 14 	 6 
91.10 	 0.0000 	 0.7130 	 14 	 6 
91.20 	 0.0000 	 0.7121 	 14 	 6 
91.30 	 0.0000 	 0.7134 	 14 	 12 
91.40 	 2.7778 	 0.7163 	 14 	 12 
91.50 	 0.0000 	 0.7167 	 14 	 13 
91.60 	 0.0000 	 0.7173 	 14 	 6 
91.70 	 0.0000 	 0.7180 	 14 	 6 
91.80 	 0.0000 	 0.7186 	 14 	 6 
91.90 	 0.0000 	 0.7189 	 14 	 6 
92.00 	 0.0000 	 0.7194 	 14 	 6 
92.10 	 0.0000 	 0.7215 	 14 	 6 
92.20 	 2.7778 	 0.7214 	 14 	 6 
92.30 	 2.7778 	 0.7225 	 14 	 7 
92.40 	 0.0000 	 0.7228 	 14 	 7 
92.50 	 0.0000 	 0.7212 	 14 	 7 
92.60 	 0.0000 	 0.7226 	 14 	 7 
92.70 	 0.0000 	 0.7241 	 14 	 13 
92.80 	 0.0000 	 0.7255 	 14 	 6 
92.90 	 0.0000 	 0.7262 	 14 	 6 
93.00 	 2.7778 	 0.7199 	 14 	 6 
93.10 	 2.7778 	 0.7186 	 14 	 7 
93.20 	 0.0000 	 0.7190 	 14 	 7 
93.30 	 0.0000 	 0.7189 	 14 	 8 
93.40 	 0.0000 	 0.7178 	 14 	 8 
93.50 	 0.0000 	 0.7149 	 14 	 13 
93.60 	 2.7778 	 0.7138 	 14 	 6 
93.70 	 0.0000 	 0.7125 	 14 	 7 
93.80 	 0.0000 	 0.7116 	 14 	 7 
93.90 	 0.0000 	 0.7105 	 14 	 6 
94.00 	 2.7778 	 0.7102 	 14 	 6 
94.10 	 0.0000 	 0.7087 	 14 	 6 
94.20 	 0.0000 	 0.7084 	 14 	 7 
94.30 	 2.7778 	 0.7084 	 14 	 7 
94.40 	 0.0000 	 0.7091 	 14 	 7 
94.50 	 0.0000 	 0.7094 	 14 	 7 
94.60 	 0.0000 	 0.7081 	 14 	 7 
94.70 	 0.0000 	 0.7048 	 14 	 7 
94.80 	 0.0000 	 0.7058 	 14 	 7 
94.90 	 2.7778 	 0.7061 	 14 	 7 
95.00 	 2.7778 	 0.7054 	 14 	 8 
95.10 	 0.0000 	 0.7047 	 14 	 6 
95.20 	 0.0000 	 0.7038 	 14 	 6 
95.30 	 0.0000 	 0.7020 	 14 	 6 
95.40 	 0.0000 	 0.7013 	 14 	 6 
95.50 	 0.0000 	 0.7000 	 14 	 7 
95.60 	 0.0000 	 0.6978 	 14 	 7 
95.70 	 0.0000 	 0.6964 	 14 	 7 
95.80 	 2.7778 	 0.6953 	 14 	 7 
95.90 	 0.0000 	 0.6935 	 14 	 7 
96.00 	 0.0000 	 0.6929 	 14 	 7 
96.10 	 0.0000 	 0.6916 	 14 	 7 
96.20 	 0.0000 	 0.6918 	 14 	 7 
96.30 	 0.0000 	 0.6912 	 14 	 7 
96.40 	 0.0000 	 0.6918 	 14 	 7 
96.50 	 0.0000 	 0.6911 	 14 	 6 
96.60 	 2.7778 	 0.6896 	 14 	 6 
96.70 	 0.0000 	 0.6903 	 14 	 6 
96.80 	 0.0000 	 0.6894 	 14 	 7 
96.90 	 0.0000 	 0.6894 	 14 	 7 
97.00 	 0.0000 	 0.6899 	 14 	 7 
97.10 	 0.0000 	 0.6901 	 14 	 7 
97.20 	 0.0000 	 0.6904 	 14 	 7 
97.30 	 0.0000 	 0.6901 	 14 	 13 
97.40 	 2.7778 	 0.6907 	 14 	 7 
97.50 	 0.0000 	 0.6920 	 14 	 8 
97.60 	 0.0000 	 0.6919 	 14 	 8 
97.70 	 0.0000 	 0.6921 	 14 	 8 
97.80 	 0.0000 	 0.6933 	 14 	 7 
97.90 	 0.0000 	 0.6922 	 14 	 7 
98.00 	 0.0000 	 0.6923 	 14 	 7 
98.10 	 0.0000 	 0.6934 	 14 	 7 
98.20 	 5.5556 	 0.6938 	 14 	 7 
98.30 	 0.0000 	 0.6944 	 14 	 7 
98.40 	 0.0000 	 0.6953 	 14 	 8 
98.50 	 0.0000 	 0.6955 	 14 	 8 
98.60 	 0.0000 	 0.6958 	 14 	 6 
98.70 	 0.0000 	 0.6954 	 14 	 6 
98.80 	 0.0000 	 0.6878 	 14 	 7 
98.90 	 2.7778 	 0.6803 	 14 	 7 
99.00 	 2.7778 	 0.6815 	 14 	 7 
99.10 	 0.0000 	 0.6818 	 14 	 7 
99.20 	 0.0000 	 0.6834 	 14 	 7 
99.30 	 0.0000 	 0.6834 	 14 	 7 
99.40 	 0.0000 	 0.6838 	 14 	 7 
99.50 	 0.0000 	 0.6833 	 14 	 8 
99.60 	 0.0000 	 0.6831 	 14 	 7 
99.70 	 2.7778 	 0.6835 	 14 	 7 
99.80 	 0.0000 	 0.6827 	 14 	 7 
99.90 	 2.7778 	 0.6823 	 14 	 6 
100.00 	 0.0000 	 0.6827 	 14 	 6 
100.10 	 0.0000 	 0.6793 	 14 	 7 
100.20 	 0.0000 	 0.6790 	 14 	 7 
100.30 	 2.7778 	 0.6803 	 14 	 7 
100.40 	 0.0000 	 0.6807 	 14 	 7 
100.50 	 0.0000 	 0.6820 	 14 	 7 
100.60 	 0.0000 	 0.6832 	 14 	 7 
100.70 	 0.0000 	 0.6841 	 14 	 6 
100.80 	 0.0000 	 0.6831 	 14 	 6 
100.90 	 0.0000 	 0.6849 	 14 	 6 
101.00 	 2.7778 	 0.6848 	 14 	 6 
101.10 	 0.0000 	 0.6859 	 14 	 6 
101.20 	 0.0000 	 0.6858 	 14 	 6 
101.30 	 0.0000 	 0.6842 	 14 	 12 
101.40 	 0.0000 	 0.6854 	 14 	 7 
101.50 	 0.0000 	 0.6864 	 14 	 12 
101.60 	 0.0000 	 0.6865 	 14 	 7 
101.70 	 2.7778 	 0.6857 	 14 	 7 
101.80 	 0.0000 	 0.6856 	 14 	 6 
101.90 	 0.0000 	 0.6854 	 14 	 6 
102.00 	 0.0000 	 0.6865 	 14 	 6 
102.10 	 0.0000 	 0.6882 	 14 	 6 
102.20 	 0.0000 	 0.6883 	 14 	 6 
102.30 	 0.0000 	 0.6905 	 14 	 6 
102.40 	 0.0000 	 0.6917 	 14 	 6 
102.50 	 2.7778 	 0.6938 	 14 	 6 
102.60 	 0.0000 	 0.6958 	 14 	 6 
102.70 	 0.0000 	 0.6961 	 14 	 13 
102.80 	 0.0000 	 0.6960 	 14 	 9 
102.90 	 0.0000 	 0.6892 	 14 	 9 
103.00 	 0.0000 	 0.6890 	 14 	 6 
103.10 	 0.0000 	 0.6894 	 14 	 6 
103.20 	 2.7778 	 0.6898 	 14 	 6 
103.30 	 2.7778 	 0.6899 	 14 	 6 
103.40 	 0.0000 	 0.6898 	 14 	 6 
103.50 	 0.0000 	 0.6889 	 14 	 6 
103.60 	 0.0000 	 0.6885 	 14 	 6 
103.70 	 0.0000 	 0.6883 	 14 	 6 
103.80 	 0.0000 	 0.6876 	 14 	 6 
103.90 	 2.7778 	 0.6889 	 14 	 6 
104.00 	 2.7778 	 0.6895 	 14 	 6 
104.10 	 0.0000 	 0.6904 	 14 	 13 
104.20 	 0.0000 	 0.6916 	 14 	 13 
104.30 	 0.0000 	 0.6917 	 14 	 13 
104.40 	 0.0000 	 0.6907 	 14 	 6 
104.50 	 2.7778 	 0.6910 	 14 	 6 
104.60 	 0.0000 	 0.6908 	 14 	 6 
104.70 	 0.0000 	 0.6906 	 14 	 6 
104.80 	 2.7778 	 0.6900 	 14 	 13 
104.90 	 0.0000 	 0.6894 	 14 	 13 
105.00 	 0.0000 	 0.6907 	 14 	 13 
105.10 	 2.7778 	 0.6919 	 14 	 13 
105.20 	 0.0000 	 0.6941 	 14 	 13 
105.30 	 0.0000 	 0.6888 	 14 	 13 
105.40 	 0.0000 	 0.6904 	 14 	 13 
105.50 	 0.0000 	 0.6894 	 14 	 13 
105.60 	 0.0000 	 0.6893 	 14 	 13 
105.70 	 2.7778 	 0.6905 	 14 	 13 
105.80 	 2.7778 	 0.6903 	 14 	 13 
105.90 	 0.0000 	 0.6900 	 14 	 13 
106.00 	 0.0000 	 0.6936 	 14 	 13 
106.10 	 0.0000 	 0.6942 	 14 	 6 
106.20 	 0.0000 	 0.6942 	 14 	 6 
106.30 	 0.0000 	 0.6941 	 14 	 13 
106.40 	 0.0000 	 0.6958 	 14 	 13 
106.50 	 2.7778 	 0.6938 	 14 	 13 
106.60 	 2.7778 	 0.6949 	 14 	 13 
106.70 	 0.0000 	 0.6959 	 14 	 13 
106.80 	 0.0000 	 0.6951 	 14 	 13 
106.90 	 0.0000 	 0.6943 	 14 	 13 
107.00 	 0.0000 	 0.6956 	 14 	 13 
107.10 	 0.0000 	 0.6969 	 14 	 13 
107.20 	 0.0000 	 0.6972 	 14 	 13 
107.30 	 0.0000 	 0.6975 	 14 	 6 
107.40 	 2.7778 	 0.6971 	 14 	 6 
107.50 	 2.7778 	 0.6964 	 14 	 6 
107.60 	 0.0000 	 0.6972 	 14 	 7 
107.70 	 0.0000 	 0.6977 	 14 	 7 
107.80 	 0.0000 	 0.6982 	 14 	 6 
107.90 	 0.0000 	 0.6990 	 14 	 9 
108.00 	 0.0000 	 0.6978 	 14 	 13 
108.10 	 0.0000 	 0.6980 	 14 	 13 
108.20 	 2.7778 	 0.6996 	 14 	 13 
108.30 	 0.0000 	 0.6994 	 14 	 13 
108.40 	 0.0000 	 0.6992 	 14 	 13 
108.50 	 0.0000 	 0.7005 	 14 	 7 
108.60 	 0.0000 	 0.7005 	 14 	 7 
108.70 	 0.0000 	 0.7011 	 14 	 7 
108.80 	 0.0000 	 0.7016 	 14 	 7 
108.90 	 0.0000 	 0.7029 	 14 	 7 
109.00 	 2.7778 	 0.7051 	 14 	 7 
109.10 	 0.0000 	 0.7058 	 14 	 7 
109.20 	 0.0000 	 0.7045 	 14 	 9 
109.30 	 0.0000 	 0.7070 	 14 	 13 
109.40 	 0.0000 	 0.7087 	 14 	 13 
109.50 	 0.0000 	 0.7097 	 14 	 6 
109.60 	 0.0000 	 0.7114 	 14 	 6 
109.70 	 0.0000 	 0.7130 	 14 	 6 
109.80 	 2.7778 	 0.7153 	 14 	 7 
109.90 	 0.0000 	 0.7165 	 14 	 8 
110.00 	 0.0000 	 0.7168 	 14 	 6 
110.10 	 0.0000 	 0.7187 	 14 	 6 
110.20 	 0.0000 	 0.7208 	 14 	 13 
110.30 	 0.0000 	 0.7227 	 14 	 13 
110.40 	 0.0000 	 0.7248 	 14 	 6 
110.50 	 2.7778 	 0.7257 	 14 	 6 
110.60 	 2.7778 	 0.7265 	 14 	 6 
110.70 	 0.0000 	 0.7280 	 14 	 6 
110.80 	 0.0000 	 0.7281 	 14 	 6 
110.90 	 0.0000 	 0.7286 	 14 	 6 
111.00 	 0.0000 	 0.7298 	 14 	 6 
111.10 	 2.7778 	 0.7308 	 14 	 7 
111.20 	 0.0000 	 0.7308 	 14 	 13 
111.30 	 0.0000 	 0.7315 	 14 	 7 
111.40 	 0.0000 	 0.7330 	 14 	 8 
111.50 	 2.7778 	 0.7336 	 14 	 8 
111.60 	 2.7778 	 0.7334 	 14 	 8 
111.70 	 0.0000 	 0.7349 	 14 	 8 
111.80 	 0.0000 	 0.7366 	 14 	 6 
111.90 	 0.0000 	 0.7379 	 14 	 13 
112.00 	 0.0000 	 0.7396 	 14 	 10 
112.10 	 0.0000 	 0.7404 	 14 	 6 
112.20 	 0.0000 	 0.7412 	 14 	 6 
112.30 	 2.7778 	 0.7388 	 14 	 6 
112.40 	 2.7778 	 0.7406 	 14 	 7 
112.50 	 0.0000 	 0.7424 	 14 	 8 
112.60 	 0.0000 	 0.7410 	 14 	 8 
112.70 	 0.0000 	 0.7403 	 14 	 8 
112.80 	 0.0000 	 0.7416 	 14 	 6 
112.90 	 0.0000 	 0.7332 	 14 	 6 
113.00 	 0.0000 	 0.7321 	 14 	 6 
113.10 	 0.0000 	 0.7303 	 14 	 6 
113.20 	 5.5556 	 0.7290 	 14 	 6 
113.30 	 0.0000 	 0.7279 	 14 	 6 
113.40 	 0.0000 	 0.7282 	 14 	 6 
113.50 	 0.0000 	 0.7200 	 14 	 6 
113.60 	 0.0000 	 0.7196 	 14 	 7 
113.70 	 0.0000 	 0.7190 	 14 	 7 
113.80 	 0.0000 	 0.7195 	 14 	 7 
113.90 	 0.0000 	 0.7198 	 14 	 8 
114.00 	 2.7778 	 0.7164 	 14 	 10 
114.10 	 2.7778 	 0.7166 	 14 	 6 
114.20 	 0.0000 	 0.7157 	 14 	 6 
114.30 	 0.0000 	 0.7168 	 14 	 6 
114.40 	 0.0000 	 0.7159 	 14 	 6 
114.50 	 0.0000 	 0.7165 	 14 	 6 
114.60 	 0.0000 	 0.7192 	 14 	 6 
114.70 	 0.0000 	 0.7187 	 14 	 6 
114.80 	 0.0000 	 0.7184 	 14 	 8 
114.90 	 0.0000 	 0.7197 	 14 	 10 
115.00 	 2.7778 	 0.7201 	 14 	 6 
115.10 	 0.0000 	 0.7196 	 14 	 6 
115.20 	 0.0000 	 0.7198 	 14 	 8 
115.30 	 0.0000 	 0.7211 	 14 	 9 
115.40 	 0.0000 	 0.7208 	 14 	 6 
115.50 	 0.0000 	 0.7226 	 14 	 6 
115.60 	 0.0000 	 0.7234 	 14 	 6 
115.70 	 0.0000 	 0.7238 	 14 	 6 
115.80 	 2.7778 	 0.7233 	 14 	 6 
115.90 	 0.0000 	 0.7247 	 14 	 6 
116.00 	 0.0000 	 0.7224 	 14 	 9 
116.10 	 0.0000 	 0.7211 	 14 	 6 
116.20 	 0.0000 	 0.7238 	 14 	 6 
116.30 	 0.0000 	 0.7242 	 14 	 6 
116.40 	 0.0000 	 0.7246 	 14 	 6 
116.50 	 0.0000 	 0.7274 	 14 	 6 
116.60 	 0.0000 	 0.7264 	 14 	 6 
116.70 	 2.7778 	 0.7264 	 14 	 6 
116.80 	 0.0000 	 0.7277 	 14 	 6 
116.90 	 0.0000 	 0.7267 	 14 	 7 
117.00 	 0.0000 	 0.7270 	 14 	 7 
117.10 	 0.0000 	 0.7254 	 14 	 7 
117.20 	 2.7778 	 0.7257 	 14 	 9 
117.30 	 0.0000 	 0.7240 	 14 	 6 
117.40 	 0.0000 	 0.7257 	 14 	 13 
117.50 	 0.0000 	 0.7259 	 14 	 13 
117.60 	 2.7778 	 0.7278 	 14 	 13 
117.70 	 0.0000 	 0.7290 	 14 	 6 
117.80 	 0.0000 	 0.7297 	 14 	 6 
117.90 	 0.0000 	 0.7307 	 14 	 6 
118.00 	 2.7778 	 0.7326 	 14 	 6 
118.10 	 0.0000 	 0.7339 	 14 	 6 
118.20 	 0.0000 	 0.7352 	 14 	 7 
118.30 	 0.0000 	 0.7331 	 14 	 7 
118.40 	 0.0000 	 0.7267 	 14 	 6 
118.50 	 0.0000 	 0.7260 	 14 	 6 
118.60 	 2.7778 	 0.7232 	 14 	 13 
118.70 	 0.0000 	 0.7208 	 14 	 13 
118.80 	 0.0000 	 0.7194 	 14 	 13 
118.90 	 0.0000 	 0.7160 	 14 	 7 
119.00 	 0.0000 	 0.7142 	 14 	 7 
119.10 	 0.0000 	 0.7131 	 14 	 7 
119.20 	 0.0000 	 0.7096 	 14 	 6 
119.30 	 2.7778 	 0.7083 	 14 	 6 
119.40 	 0.0000 	 0.7080 	 14 	 7 
119.50 	 0.0000 	 0.7062 	 14 	 7 
119.60 	 0.0000 	 0.7013 	 14 	 7 
119.70 	 0.0000 	 0.7024 	 14 	 7 
119.80 	 0.0000 	 0.6994 	 14 	 7 
119.90 	 0.0000 	 0.6985 	 14 	 7 
120.00 	 2.7778 	 0.6982 	 14 	 7 
120.10 	 0.0000 	 0.6971 	 14 	 7 
120.20 	 0.0000 	 0.6959 	 14 	 7 
120.30 	 0.0000 	 0.6968 	 14 	 7 
120.40 	 0.0000 	 0.6940 	 14 	 6 
120.50 	 0.0000 	 0.6931 	 14 	 6 
120.60 	 0.0000 	 0.6936 	 14 	 8 
120.70 	 0.0000 	 0.6912 	 14 	 8 
120.80 	 2.7778 	 0.6879 	 14 	 8 
120.90 	 2.7778 	 0.6873 	 14 	 6 
121.00 	 0.0000 	 0.6858 	 14 	 6 
121.10 	 0.0000 	 0.6836 	 14 	 6 
121.20 	 0.0000 	 0.6836 	 14 	 6 
121.30 	 0.0000 	 0.6849 	 14 	 6 
121.40 	 2.7778 	 0.6850 	 14 	 6 
121.50 	 0.0000 	 0.6857 	 14 	 6 
121.60 	 2.7778 	 0.6858 	 14 	 7 
121.70 	 0.0000 	 0.6840 	 14 	 6 
121.80 	 0.0000 	 0.6847 	 14 	 6 
121.90 	 0.0000 	 0.6848 	 14 	 6 
122.00 	 2.7778 	 0.6836 	 14 	 6 
122.10 	 0.0000 	 0.6839 	 14 	 13 
122.20 	 2.7778 	 0.6841 	 14 	 13 
122.30 	 0.0000 	 0.6836 	 14 	 13 
122.40 	 0.0000 	 0.6833 	 14 	 13 
122.50 	 0.0000 	 0.6833 	 14 	 6 
122.60 	 0.0000 	 0.6831 	 14 	 6 
122.70 	 2.7778 	 0.6849 	 14 	 7 
122.80 	 2.7778 	 0.6868 	 14 	 7 
122.90 	 0.0000 	 0.6873 	 14 	 7 
123.00 	 0.0000 	 0.6874 	 14 	 6 
123.10 	 0.0000 	 0.6886 	 14 	 6 
123.20 	 0.0000 	 0.6877 	 14 	 6 
123.30 	 0.0000 	 0.6876 	 14 	 6 
123.40 	 2.7778 	 0.6902 	 14 	 6 
123.50 	 2.7778 	 0.6916 	 14 	 6 
123.60 	 0.0000 	 0.6921 	 14 	 6 
123.70 	 0.0000 	 0.6931 	 14 	 13 
123.80 	 0.0000 	 0.6932 	 14 	 6 
123.90 	 0.0000 	 0.6939 	 14 	 6 
124.00 	 0.0000 	 0.6949 	 14 	 6 
124.10 	 0.0000 	 0.6959 	 14 	 7 
124.20 	 2.7778 	 0.6970 	 14 	 7 
124.30 	 2.7778 	 0.6995 	 14 	 7 
124.40 	 0.0000 	 0.7006 	 14 	 6 
124.50 	 0.0000 	 0.7029 	 14 	 6 
124.60 	 0.0000 	 0.7061 	 14 	 6 
124.70 	 0.0000 	 0.7077 	 14 	 6 
124.80 	 0.0000 	 0.7093 	 14 	 6 
124.90 	 0.0000 	 0.7111 	 14 	 6 
125.00 	 2.7778 	 0.7130 	 14 	 6 
125.10 	 0.0000 	 0.7125 	 14 	 6 
125.20 	 2.7778 	 0.7146 	 14 	 6 
125.30 	 0.0000 	 0.7171 	 14 	 6 
125.40 	 0.0000 	 0.7170 	 14 	 7 
125.50 	 0.0000 	 0.7176 	 14 	 9 
125.60 	 0.0000 	 0.7194 	 14 	 7 
125.70 	 0.0000 	 0.7204 	 14 	 7 
125.80 	 2.7778 	 0.7209 	 14 	 8 
125.90 	 2.7778 	 0.7216 	 14 	 6 
126.00 	 0.0000 	 0.7210 	 14 	 6 
126.10 	 0.0000 	 0.7139 	 14 	 6 
126.20 	 0.0000 	 0.7134 	 14 	 6 
126.30 	 0.0000 	 0.7130 	 14 	 6 
126.40 	 0.0000 	 0.7112 	 14 	 6 
126.50 	 0.0000 	 0.7110 	 14 	 6 
126.60 	 2.7778 	 0.7118 	 14 	 6 
126.70 	 2.7778 	 0.7109 	 14 	 7 
126.80 	 0.0000 	 0.7100 	 14 	 7 
126.90 	 0.0000 	 0.7097 	 14 	 6 
127.00 	 0.0000 	 0.7078 	 14 	 6 
127.10 	 0.0000 	 0.7063 	 14 	 8 
127.20 	 0.0000 	 0.7061 	 14 	 8 
127.30 	 0.0000 	 0.7033 	 14 	 8 
127.40 	 2.7778 	 0.7010 	 14 	 6 
127.50 	 2.7778 	 0.7001 	 14 	 6 
127.60 	 0.0000 	 0.7005 	 14 	 6 
127.70 	 0.0000 	 0.6998 	 14 	 6 
127.80 	 0.0000 	 0.6986 	 14 	 7 
127.90 	 0.0000 	 0.6996 	 14 	 7 
128.00 	 0.0000 	 0.6986 	 14 	 6 
128.10 	 0.0000 	 0.6985 	 14 	 6 
128.20 	 2.7778 	 0.6999 	 14 	 6 
128.30 	 0.0000 	 0.6996 	 14 	 6 
128.40 	 0.0000 	 0.6990 	 14 	 6 
128.50 	 0.0000 	 0.7009 	 14 	 6 
128.60 	 0.0000 	 0.6999 	 14 	 9 
128.70 	 0.0000 	 0.6989 	 14 	 6 
128.80 	 0.0000 	 0.6989 	 14 	 6 
128.90 	 0.0000 	 0.6973 	 14 	 7 
129.00 	 2.7778 	 0.6970 	 14 	 6 
129.10 	 0.0000 	 0.6978 	 14 	 13 
129.20 	 0.0000 	 0.6986 	 14 	 13 
129.30 	 0.0000 	 0.6974 	 14 	 6 
129.40 	 0.0000 	 0.6978 	 14 	 6 
129.50 	 0.0000 	 0.6931 	 14 	 6 
129.60 	 0.0000 	 0.6935 	 14 	 6 
129.70 	 0.0000 	 0.6930 	 14 	 6 
129.80 	 0.0000 	 0.6920 	 14 	 6 
129.90 	 2.7778 	 0.6852 	 14 	 7 
130.00 	 0.0000 	 0.6862 	 14 	 7 
130.10 	 0.0000 	 0.6846 	 14 	 6 
130.20 	 0.0000 	 0.6835 	 14 	 6 
130.30 	 0.0000 	 0.6832 	 14 	 6 
130.40 	 0.0000 	 0.6833 	 14 	 6 
130.50 	 0.0000 	 0.6815 	 14 	 6 
130.60 	 0.0000 	 0.6813 	 14 	 6 
130.70 	 5.5556 	 0.6803 	 14 	 9 
130.80 	 0.0000 	 0.6805 	 14 	 9 
130.90 	 0.0000 	 0.6789 	 14 	 6 
131.00 	 0.0000 	 0.6816 	 14 	 6 
131.10 	 0.0000 	 0.6798 	 14 	 7 
131.20 	 0.0000 	 0.6787 	 14 	 7 
131.30 	 2.7778 	 0.6775 	 14 	 7 
131.40 	 0.0000 	 0.6764 	 14 	 6 
131.50 	 0.0000 	 0.6760 	 14 	 6 
131.60 	 2.7778 	 0.6764 	 14 	 8 
131.70 	 0.0000 	 0.6754 	 14 	 6 
131.80 	 0.0000 	 0.6760 	 14 	 6 
131.90 	 0.0000 	 0.6755 	 14 	 6 
132.00 	 2.7778 	 0.6760 	 14 	 6 
132.10 	 0.0000 	 0.6753 	 14 	 6 
132.20 	 0.0000 	 0.6778 	 14 	 6 
132.30 	 0.0000 	 0.6775 	 14 	 7 
132.40 	 2.7778 	 0.6787 	 14 	 7 
132.50 	 0.0000 	 0.6784 	 14 	 6 
132.60 	 0.0000 	 0.6785 	 14 	 6 
132.70 	 0.0000 	 0.6773 	 14 	 8 
132.80 	 2.7778 	 0.6757 	 14 	 6 
132.90 	 0.0000 	 0.6746 	 14 	 6 
133.00 	 0.0000 	 0.6749 	 14 	 6 
133.10 	 0.0000 	 0.6751 	 14 	 6 
133.20 	 0.0000 	 0.6742 	 14 	 6 
133.30 	 0.0000 	 0.6735 	 14 	 6 
133.40 	 2.7778 	 0.6736 	 14 	 6 
133.50 	 0.0000 	 0.6757 	 14 	 6 
133.60 	 0.0000 	 0.6758 	 14 	 6 
133.70 	 0.0000 	 0.6769 	 14 	 6 
133.80 	 0.0000 	 0.6767 	 14 	 6 
133.90 	 0.0000 	 0.6776 	 14 	 6 
134.00 	 0.0000 	 0.6778 	 14 	 6 
134.10 	 2.7778 	 0.6774 	 14 	 6 
134.20 	 0.0000 	 0.6786 	 14 	 6 
134.30 	 0.0000 	 0.6776 	 14 	 6 
134.40 	 0.0000 	 0.6779 	 14 	 6 
134.50 	 0.0000 	 0.6787 	 14 	 6 
134.60 	 0.0000 	 0.6775 	 14 	 6 
134.70 	 0.0000 	 0.6781 	 14 	 6 
134.80 	 2.7778 	 0.6768 	 14 	 6 
134.90 	 0.0000 	 0.6759 	 14 	 6 
135.00 	 0.0000 	 0.6752 	 14 	 13 
135.10 	 0.0000 	 0.6763 	 14 	 13 
135.20 	 0.0000 	 0.6712 	 14 	 13 
135.30 	 0.0000 	 0.6717 	 14 	 6 
135.40 	 0.0000 	 0.6670 	 14 	 6 
135.50 	 0.0000 	 0.6677 	 14 	 6 
135.60 	 5.5556 	 0.6682 	 14 	 6 
135.70 	 0.0000 	 0.6675 	 14 	 6 
135.80 	 0.0000 	 0.6676 	 14 	 6 
135.90 	 0.0000 	 0.6655 	 14 	 6 
136.00 	 0.0000 	 0.6644 	 14 	 6 
136.10 	 0.0000 	 0.6652 	 14 	 6 
136.20 	 2.7778 	 0.6636 	 14 	 6 
136.30 	 2.7778 	 0.6635 	 14 	 6 
136.40 	 0.0000 	 0.6638 	 14 	 6 
136.50 	 0.0000 	 0.6632 	 14 	 13 
136.60 	 0.0000 	 0.6634 	 14 	 6 
136.70 	 0.0000 	 0.6641 	 14 	 6 
136.80 	 0.0000 	 0.6647 	 14 	 6 
136.90 	 0.0000 	 0.6637 	 14 	 6 
137.00 	 0.0000 	 0.6643 	 14 	 6 
137.10 	 2.7778 	 0.6634 	 14 	 6 
137.20 	 0.0000 	 0.6644 	 14 	 6 
137.30 	 2.7778 	 0.6661 	 14 	 13 
137.40 	 0.0000 	 0.6672 	 14 	 13 
137.50 	 0.0000 	 0.6677 	 14 	 7 
137.60 	 0.0000 	 0.6694 	 14 	 6 
137.70 	 0.0000 	 0.6703 	 14 	 13 
137.80 	 0.0000 	 0.6713 	 14 	 13 
137.90 	 2.7778 	 0.6714 	 14 	 13 
138.00 	 0.0000 	 0.6718 	 14 	 13 
138.10 	 2.7778 	 0.6724 	 14 	 13 
138.20 	 0.0000 	 0.6732 	 14 	 6 
138.30 	 0.0000 	 0.6737 	 14 	 13 
138.40 	 0.0000 	 0.6733 	 14 	 13 
138.50 	 0.0000 	 0.6734 	 14 	 13 
138.60 	 0.0000 	 0.6746 	 14 	 13 
138.70 	 0.0000 	 0.6753 	 14 	 13 
138.80 	 5.5556 	 0.6745 	 14 	 13 
138.90 	 0.0000 	 0.6739 	 14 	 13 
139.00 	 0.0000 	 0.6748 	 14 	 13 
139.10 	 0.0000 	 0.6752 	 14 	 13 
139.20 	 0.0000 	 0.6762 	 14 	 6 
139.30 	 0.0000 	 0.6772 	 14 	 6 
139.40 	 0.0000 	 0.6767 	 14 	 12 
139.50 	 0.0000 	 0.6786 	 14 	 13 
139.60 	 5.5556 	 0.6793 	 14 	 13 
139.70 	 0.0000 	 0.6796 	 14 	 13 
139.80 	 0.0000 	 0.6817 	 14 	 13 
139.90 	 0.0000 	 0.6820 	 14 	 13 
140.00 	 0.0000 	 0.6820 	 14 	 13 
140.10 	 0.0000 	 0.6829 	 14 	 13 
140.20 	 0.0000 	 0.6834 	 14 	 13 
140.30 	 0.0000 	 0.6839 	 14 	 6 
140.40 	 0.0000 	 0.6836 	 14 	 7 
140.50 	 5.5556 	 0.6830 	 14 	 12 
140.60 	 0.0000 	 0.6830 	 14 	 12 
140.70 	 0.0000 	 0.6844 	 14 	 12 
140.80 	 0.0000 	 0.6847 	 14 	 13 
140.90 	 0.0000 	 0.6858 	 14 	 13 
141.00 	 0.0000 	 0.6861 	 14 	 8 
141.10 	 0.0000 	 0.6855 	 14 	 9 
141.20 	 0.0000 	 0.6858 	 14 	 9 
141.30 	 2.7778 	 0.6859 	 14 	 7 
141.40 	 0.0000 	 0.6857 	 14 	 7 
141.50 	 0.0000 	 0.6862 	 14 	 7 
141.60 	 0.0000 	 0.6870 	 14 	 6 
141.70 	 0.0000 	 0.6868 	 14 	 6 
141.80 	 0.0000 	 0.6878 	 14 	 12 
141.90 	 0.0000 	 0.6881 	 14 	 12 
142.00 	 0.0000 	 0.6888 	 14 	 13 
142.10 	 0.0000 	 0.6895 	 14 	 6 
142.20 	 2.7778 	 0.6910 	 14 	 6 
142.30 	 0.0000 	 0.6903 	 14 	 6 
142.40 	 0.0000 	 0.6908 	 14 	 9 
142.50 	 0.0000 	 0.6928 	 14 	 9 
142.60 	 0.0000 	 0.6948 	 14 	 9 
142.70 	 0.0000 	 0.6948 	 14 	 6 
142.80 	 0.0000 	 0.6954 	 14 	 7 
142.90 	 0.0000 	 0.6947 	 14 	 8 
143.00 	 2.7778 	 0.6955 	 14 	 6 
143.10 	 0.0000 	 0.6980 	 14 	 6 
143.20 	 0.0000 	 0.6994 	 14 	 6 
143.30 	 0.0000 	 0.7004 	 14 	 6 
143.40 	 0.0000 	 0.7017 	 14 	 6 
143.50 	 0.0000 	 0.7019 	 14 	 6 
143.60 	 2.7778 	 0.7028 	 14 	 6 
143.70 	 0.0000 	 0.7034 	 14 	 6 
143.80 	 0.0000 	 0.7048 	 14 	 6 
143.90 	 2.7778 	 0.7056 	 14 	 6 
144.00 	 0.0000 	 0.7053 	 14 	 6 
144.10 	 0.0000 	 0.7060 	 14 	 6 
144.20 	 2.7778 	 0.7061 	 14 	 6 
144.30 	 0.0000 	 0.7060 	 14 	 6 
144.40 	 0.0000 	 0.7076 	 14 	 8 
144.50 	 0.0000 	 0.7083 	 14 	 6 
144.60 	 0.0000 	 0.7083 	 14 	 6 
144.70 	 0.0000 	 0.7098 	 14 	 6 
144.80 	 2.7778 	 0.7096 	 14 	 6 
144.90 	 0.0000 	 0.7096 	 14 	 6 
145.00 	 0.0000 	 0.7113 	 14 	 6 
145.10 	 0.0000 	 0.7111 	 14 	 6 
145.20 	 0.0000 	 0.7108 	 14 	 10 
145.30 	 0.0000 	 0.7117 	 14 	 10 
145.40 	 0.0000 	 0.7107 	 14 	 6 
145.50 	 2.7778 	 0.7115 	 14 	 6 
145.60 	 0.0000 	 0.7121 	 14 	 6 
145.70 	 0.0000 	 0.7126 	 14 	 9 
145.80 	 0.0000 	 0.7139 	 14 	 9 
145.90 	 0.0000 	 0.7138 	 14 	 6 
146.00 	 0.0000 	 0.7146 	 14 	 6 
146.10 	 0.0000 	 0.7136 	 14 	 6 
146.20 	 0.0000 	 0.7142 	 14 	 7 
146.30 	 0.0000 	 0.7142 	 14 	 10 
146.40 	 2.7778 	 0.7144 	 14 	 10 
146.50 	 0.0000 	 0.7075 	 14 	 6 
146.60 	 0.0000 	 0.7061 	 14 	 6 
146.70 	 0.0000 	 0.7061 	 14 	 6 
146.80 	 0.0000 	 0.7037 	 14 	 6 
146.90 	 0.0000 	 0.7036 	 14 	 6 
147.00 	 2.7778 	 0.7031 	 14 	 6 
147.10 	 0.0000 	 0.7008 	 14 	 6 
147.20 	 2.7778 	 0.7004 	 14 	 6 
147.30 	 0.0000 	 0.7008 	 14 	 6 
147.40 	 0.0000 	 0.7023 	 14 	 9 
147.50 	 0.0000 	 0.7015 	 14 	 6 
147.60 	 0.0000 	 0.7017 	 14 	 6 
147.70 	 2.7778 	 0.7025 	 14 	 6 
147.80 	 0.0000 	 0.7014 	 14 	 6 
147.90 	 0.0000 	 0.6991 	 14 	 7 
148.00 	 0.0000 	 0.6973 	 14 	 7 
148.10 	 2.7778 	 0.6974 	 14 	 7 
148.20 	 2.7778 	 0.6964 	 14 	 6 
148.30 	 0.0000 	 0.6962 	 14 	 6 
148.40 	 0.0000 	 0.6949 	 14 	 8 
148.50 	 0.0000 	 0.6860 	 14 	 6 
148.60 	 0.0000 	 0.6838 	 14 	 6 
148.70 	 0.0000 	 0.6813 	 14 	 6 
148.80 	 0.0000 	 0.6790 	 14 	 6 
148.90 	 0.0000 	 0.6759 	 14 	 13 
149.00 	 2.7778 	 0.6750 	 14 	 13 
149.10 	 0.0000 	 0.6739 	 14 	 13 
149.20 	 0.0000 	 0.6711 	 14 	 6 
149.30 	 0.0000 	 0.6686 	 14 	 6 
149.40 	 0.0000 	 0.6682 	 14 	 7 
149.50 	 0.0000 	 0.6655 	 14 	 7 
149.60 	 0.0000 	 0.6593 	 14 	 8 
149.70 	 0.0000 	 0.6581 	 14 	 9 
149.80 	 2.7778 	 0.6544 	 14 	 6 
149.90 	 0.0000 	 0.6515 	 14 	 6 
150.00 	 0.0000 	 0.6498 	 14 	 6 
150.10 	 0.0000 	 0.6466 	 14 	 6 
150.20 	 0.0000 	 0.6452 	 14 	 6 
150.30 	 2.7778 	 0.6426 	 14 	 6 
150.40 	 0.0000 	 0.6419 	 14 	 6 
150.50 	 0.0000 	 0.6390 	 14 	 7 
150.60 	 0.0000 	 0.6377 	 14 	 7 
150.70 	 0.0000 	 0.6366 	 14 	 8 
150.80 	 0.0000 	 0.6356 	 14 	 13 
150.90 	 0.0000 	 0.6353 	 14 	 6 
151.00 	 2.7778 	 0.6344 	 14 	 6 
151.10 	 0.0000 	 0.6349 	 14 	 6 
151.20 	 0.0000 	 0.6352 	 14 	 6 
151.30 	 0.0000 	 0.6357 	 14 	 6 
151.40 	 0.0000 	 0.6369 	 14 	 7 
151.50 	 0.0000 	 0.6397 	 14 	 7 
151.60 	 0.0000 	 0.6398 	 14 	 6 
151.70 	 2.7778 	 0.6402 	 14 	 6 
151.80 	 0.0000 	 0.6411 	 14 	 6 
151.90 	 0.0000 	 0.6410 	 14 	 6 
152.00 	 0.0000 	 0.6410 	 14 	 6 
152.10 	 0.0000 	 0.6408 	 14 	 6 
152.20 	 0.0000 	 0.6406 	 14 	 6 
152.30 	 0.0000 	 0.6395 	 14 	 6 
152.40 	 2.7778 	 0.6400 	 14 	 6 
152.50 	 0.0000 	 0.6409 	 14 	 7 
152.60 	 0.0000 	 0.6412 	 14 	 7 
152.70 	 0.0000 	 0.6415 	 14 	 7 
152.80 	 0.0000 	 0.6423 	 14 	 8 
152.90 	 0.0000 	 0.6428 	 14 	 8 
153.00 	 0.0000 	 0.6430 	 14 	 6 
153.10 	 5.5556 	 0.6443 	 14 	 6 
153.20 	 0.0000 	 0.6447 	 14 	 6 
153.30 	 0.0000 	 0.6448 	 14 	 6 
153.40 	 0.0000 	 0.6456 	 14 	 6 
153.50 	 0.0000 	 0.6455 	 14 	 6 
153.60 	 0.0000 	 0.6457 	 14 	 13 
153.70 	 0.0000 	 0.6463 	 14 	 6 
153.80 	 5.5556 	 0.6484 	 14 	 6 
153.90 	 0.0000 	 0.6504 	 14 	 7 
154.00 	 0.0000 	 0.6519 	 14 	 6 
154.10 	 0.0000 	 0.6545 	 14 	 6 
154.20 	 0.0000 	 0.6553 	 14 	 8 
154.30 	 0.0000 	 0.6520 	 14 	 6 
154.40 	 0.0000 	 0.6539 	 14 	 6 
154.50 	 2.7778 	 0.6556 	 14 	 6 
154.60 	 2.7778 	 0.6569 	 14 	 6 
154.70 	 0.0000 	 0.6589 	 14 	 6 
154.80 	 0.0000 	 0.6599 	 14 	 6 
154.90 	 0.0000 	 0.6612 	 14 	 7 
155.00 	 0.0000 	 0.6632 	 14 	 7 
155.10 	 0.0000 	 0.6635 	 14 	 8 
155.20 	 0.0000 	 0.6640 	 14 	 8 
155.30 	 5.5556 	 0.6660 	 14 	 8 
155.40 	 0.0000 	 0.6671 	 14 	 8 
155.50 	 0.0000 	 0.6692 	 14 	 6 
155.60 	 0.0000 	 0.6708 	 14 	 6 
155.70 	 0.0000 	 0.6711 	 14 	 6 
155.80 	 0.0000 	 0.6720 	 14 	 6 
155.90 	 0.0000 	 0.6737 	 14 	 6 
156.00 	 2.7778 	 0.6731 	 14 	 6 
156.10 	 2.7778 	 0.6728 	 14 	 7 
156.20 	 0.0000 	 0.6737 	 14 	 7 
156.30 	 0.0000 	 0.6737 	 14 	 7 
156.40 	 0.0000 	 0.6757 	 14 	 7 
156.50 	 0.0000 	 0.6779 	 14 	 8 
156.60 	 0.0000 	 0.6779 	 14 	 5 
156.70 	 0.0000 	 0.6797 	 14 	 6 
156.80 	 5.5556 	 0.6822 	 14 	 6 
156.90 	 0.0000 	 0.6833 	 14 	 6 
157.00 	 0.0000 	 0.6844 	 14 	 6 
157.10 	 0.0000 	 0.6852 	 14 	 6 
157.20 	 0.0000 	 0.6784 	 14 	 6 
157.30 	 0.0000 	 0.6790 	 14 	 7 
157.40 	 0.0000 	 0.6781 	 14 	 7 
157.50 	 0.0000 	 0.6787 	 14 	 7 
157.60 	 5.5556 	 0.6794 	 14 	 7 
157.70 	 0.0000 	 0.6790 	 14 	 9 
157.80 	 0.0000 	 0.6798 	 14 	 9 
157.90 	 0.0000 	 0.6795 	 14 	 9 
158.00 	 0.0000 	 0.6803 	 14 	 7 
158.10 	 0.0000 	 0.6810 	 14 	 7 
158.20 	 0.0000 	 0.6807 	 14 	 7 
158.30 	 0.0000 	 0.6815 	 14 	 7 
158.40 	 5.5556 	 0.6825 	 14 	 6 
158.50 	 0.0000 	 0.6831 	 14 	 7 
158.60 	 0.0000 	 0.6825 	 14 	 6 
158.70 	 0.0000 	 0.6826 	 14 	 6 
158.80 	 0.0000 	 0.6851 	 14 	 6 
158.90 	 0.0000 	 0.6853 	 14 	 9 
159.00 	 0.0000 	 0.6850 	 14 	 6 
159.10 	 0.0000 	 0.6856 	 14 	 6 
159.20 	 5.5556 	 0.6858 	 14 	 6 
159.30 	 0.0000 	 0.6844 	 14 	 6 
159.40 	 0.0000 	 0.6862 	 14 	 6 
159.50 	 0.0000 	 0.6866 	 14 	 7 
159.60 	 0.0000 	 0.6865 	 14 	 8 
159.70 	 0.0000 	 0.6879 	 14 	 8 
159.80 	 0.0000 	 0.6870 	 14 	 8 
159.90 	 0.0000 	 0.6869 	 14 	 6 
160.00 	 5.5556 	 0.6818 	 14 	 6 
160.10 	 0.0000 	 0.6822 	 14 	 6 
160.20 	 0.0000 	 0.6822 	 14 	 6 
160.30 	 0.0000 	 0.6829 	 14 	 6 
160.40 	 0.0000 	 0.6832 	 14 	 6 
160.50 	 0.0000 	 0.6835 	 14 	 6 
160.60 	 0.0000 	 0.6852 	 14 	 6 
160.70 	 0.0000 	 0.6858 	 14 	 7 
160.80 	 2.7778 	 0.6856 	 14 	 8 
160.90 	 2.7778 	 0.6838 	 14 	 8 
161.00 	 0.0000 	 0.6826 	 14 	 9 
161.10 	 0.0000 	 0.6792 	 14 	 8 
161.20 	 0.0000 	 0.6777 	 14 	 8 
161.30 	 0.0000 	 0.6755 	 14 	 6 
161.40 	 0.0000 	 0.6737 	 14 	 6 
161.50 	 0.0000 	 0.6740 	 14 	 6 
161.60 	 0.0000 	 0.6733 	 14 	 6 
161.70 	 2.7778 	 0.6730 	 14 	 6 
161.80 	 0.0000 	 0.6740 	 14 	 6 
161.90 	 0.0000 	 0.6736 	 14 	 6 
162.00 	 0.0000 	 0.6731 	 14 	 6 
162.10 	 0.0000 	 0.6712 	 14 	 8 
162.20 	 0.0000 	 0.6722 	 14 	 8 
162.30 	 0.0000 	 0.6716 	 14 	 7 
162.40 	 0.0000 	 0.6704 	 14 	 7 
162.50 	 2.7778 	 0.6697 	 14 	 7 
162.60 	 0.0000 	 0.6687 	 14 	 7 
162.70 	 0.0000 	 0.6689 	 14 	 13 
162.80 	 0.0000 	 0.6688 	 14 	 13 
162.90 	 0.0000 	 0.6677 	 14 	 7 
163.00 	 0.0000 	 0.6662 	 14 	 8 
163.10 	 0.0000 	 0.6652 	 14 	 8 
163.20 	 0.0000 	 0.6664 	 14 	 6 
163.30 	 0.0000 	 0.6667 	 14 	 6 
163.40 	 0.0000 	 0.6658 	 14 	 6 
163.50 	 0.0000 	 0.6661 	 14 	 6 
163.60 	 0.0000 	 0.6660 	 14 	 6 
163.70 	 0.0000 	 0.6660 	 14 	 7 
163.80 	 0.0000 	 0.6658 	 14 	 7 
163.90 	 0.0000 	 0.6652 	 14 	 7 
164.00 	 2.7778 	 0.6647 	 14 	 7 
164.10 	 0.0000 	 0.6650 	 14 	 7 
164.20 	 0.0000 	 0.6639 	 14 	 7 
164.30 	 0.0000 	 0.6641 	 14 	 7 
164.40 	 0.0000 	 0.6656 	 14 	 7 
164.50 	 0.0000 	 0.6661 	 14 	 7 
164.60 	 2.7778 	 0.6641 	 14 	 7 
164.70 	 0.0000 	 0.6656 	 14 	 6 
164.80 	 0.0000 	 0.6655 	 14 	 6 
164.90 	 0.0000 	 0.6663 	 14 	 7 
165.00 	 0.0000 	 0.6672 	 14 	 7 
165.10 	 2.7778 	 0.6694 	 14 	 7 
165.20 	 0.0000 	 0.6687 	 14 	 7 
165.30 	 0.0000 	 0.6687 	 14 	 7 
165.40 	 0.0000 	 0.6685 	 14 	 6 
165.50 	 0.0000 	 0.6687 	 14 	 7 
165.60 	 0.0000 	 0.6711 	 14 	 7 
165.70 	 2.7778 	 0.6702 	 14 	 7 
165.80 	 0.0000 	 0.6698 	 14 	 7 
165.90 	 2.7778 	 0.6691 	 14 	 7 
166.00 	 0.0000 	 0.6690 	 14 	 7 
166.10 	 0.0000 	 0.6689 	 14 	 7 
166.20 	 0.0000 	 0.6666 	 14 	 7 
166.30 	 2.7778 	 0.6656 	 14 	 7 
166.40 	 0.0000 	 0.6658 	 14 	 7 
166.50 	 0.0000 	 0.6682 	 14 	 7 
166.60 	 0.0000 	 0.6674 	 14 	 7 
166.70 	 0.0000 	 0.6686 	 14 	 7 
166.80 	 2.7778 	 0.6683 	 14 	 7 
166.90 	 0.0000 	 0.6679 	 14 	 6 
167.00 	 0.0000 	 0.6691 	 14 	 6 
167.10 	 0.0000 	 0.6699 	 14 	 6 
167.20 	 0.0000 	 0.6732 	 14 	 6 
167.30 	 0.0000 	 0.6729 	 14 	 7 
167.40 	 2.7778 	 0.6740 	 14 	 7 
167.50 	 0.0000 	 0.6754 	 14 	 7 
167.60 	 2.7778 	 0.6760 	 14 	 8 
167.70 	 0.0000 	 0.6773 	 14 	 7 
167.80 	 0.0000 	 0.6763 	 14 	 7 
167.90 	 0.0000 	 0.6786 	 14 	 7 
168.00 	 0.0000 	 0.6781 	 14 	 7 
168.10 	 2.7778 	 0.6714 	 14 	 7 
168.20 	 0.0000 	 0.6729 	 14 	 6 
168.30 	 0.0000 	 0.6721 	 14 	 6 
168.40 	 0.0000 	 0.6720 	 14 	 6 
168.50 	 2.7778 	 0.6719 	 14 	 6 
168.60 	 0.0000 	 0.6728 	 14 	 6 
168.70 	 0.0000 	 0.6737 	 14 	 6 
168.80 	 0.0000 	 0.6744 	 14 	 6 
168.90 	 2.7778 	 0.6759 	 14 	 8 
169.00 	 0.0000 	 0.6765 	 14 	 8 
169.10 	 0.0000 	 0.6773 	 14 	 7 
169.20 	 0.0000 	 0.6798 	 14 	 7 
169.30 	 2.7778 	 0.6799 	 14 	 7 
169.40 	 0.0000 	 0.6789 	 14 	 7 
169.50 	 0.0000 	 0.6795 	 14 	 7 
169.60 	 0.0000 	 0.6823 	 14 	 7 
169.70 	 2.7778 	 0.6815 	 14 	 6 
169.80 	 0.0000 	 0.6829 	 14 	 7 
169.90 	 0.0000 	 0.6845 	 14 	 8 
170.00 	 0.0000 	 0.6850 	 14 	 8 
170.10 	 0.0000 	 0.6860 	 14 	 6 
170.20 	 2.7778 	 0.6848 	 14 	 6 
170.30 	 0.0000 	 0.6850 	 14 	 6 
170.40 	 0.0000 	 0.6853 	 14 	 9 
170.50 	 2.7778 	 0.6857 	 14 	 9 
170.60 	 0.0000 	 0.6869 	 14 	 6 
170.70 	 0.0000 	 0.6876 	 14 	 7 
170.80 	 0.0000 	 0.6894 	 14 	 7 
170.90 	 0.0000 	 0.6893 	 14 	 7 
171.00 	 0.0000 	 0.6888 	 14 	 7 
171.10 	 2.7778 	 0.6892 	 14 	 7 
171.20 	 0.0000 	 0.6911 	 14 	 7 
171.30 	 0.0000 	 0.6898 	 14 	 6 
171.40 	 2.7778 	 0.6888 	 14 	 6 
171.50 	 0.0000 	 0.6902 	 14 	 6 
171.60 	 0.0000 	 0.6900 	 14 	 6 
171.70 	 0.0000 	 0.6904 	 14 	 6 
171.80 	 0.0000 	 0.6919 	 14 	 6 
171.90 	 2.7778 	 0.6838 	 14 	 13 
172.00 	 0.0000 	 0.6832 	 14 	 7 
172.10 	 0.0000 	 0.6833 	 14 	 9 
172.20 	 2.7778 	 0.6794 	 14 	 9 
172.30 	 0.0000 	 0.6737 	 14 	 9 
172.40 	 0.0000 	 0.6749 	 14 	 9 
172.50 	 0.0000 	 0.6762 	 14 	 9 
172.60 	 0.0000 	 0.6771 	 14 	 9 
172.70 	 0.0000 	 0.6794 	 14 	 9 
172.80 	 0.0000 	 0.6797 	 14 	 6 
172.90 	 0.0000 	 0.6789 	 14 	 6 
173.00 	 0.0000 	 0.6772 	 14 	 6 
173.10 	 2.7778 	 0.6758 	 14 	 7 
173.20 	 0.0000 	 0.6746 	 14 	 7 
173.30 	 0.0000 	 0.6734 	 14 	 7 
173.40 	 0.0000 	 0.6734 	 14 	 9 
173.50 	 0.0000 	 0.6726 	 14 	 9 
173.60 	 0.0000 	 0.6741 	 14 	 8 
173.70 	 0.0000 	 0.6744 	 14 	 9 
173.80 	 0.0000 	 0.6744 	 14 	 9 
173.90 	 0.0000 	 0.6740 	 14 	 9 
174.00 	 2.7778 	 0.6727 	 14 	 9 
174.10 	 0.0000 	 0.6730 	 14 	 6 
174.20 	 0.0000 	 0.6722 	 14 	 7 
174.30 	 0.0000 	 0.6720 	 14 	 7 
174.40 	 0.0000 	 0.6706 	 14 	 7 
174.50 	 0.0000 	 0.6699 	 14 	 7 
174.60 	 0.0000 	 0.6706 	 14 	 8 
174.70 	 0.0000 	 0.6702 	 14 	 8 
174.80 	 0.0000 	 0.6716 	 14 	 8 
174.90 	 2.7778 	 0.6717 	 14 	 9 
175.00 	 0.0000 	 0.6727 	 14 	 7 
175.10 	 0.0000 	 0.6733 	 14 	 7 
175.20 	 2.7778 	 0.6756 	 14 	 7 
175.30 	 0.0000 	 0.6773 	 14 	 6 
175.40 	 0.0000 	 0.6774 	 14 	 7 
175.50 	 0.0000 	 0.6769 	 14 	 7 
175.60 	 0.0000 	 0.6760 	 14 	 7 
175.70 	 0.0000 	 0.6758 	 14 	 7 
175.80 	 0.0000 	 0.6741 	 14 	 7 
175.90 	 2.7778 	 0.6749 	 14 	 7 
176.00 	 0.0000 	 0.6747 	 14 	 7 
176.10 	 0.0000 	 0.6751 	 14 	 7 
176.20 	 0.0000 	 0.6752 	 14 	 7 
176.30 	 0.0000 	 0.6768 	 14 	 7 
176.40 	 0.0000 	 0.6791 	 14 	 7 
176.50 	 2.7778 	 0.6788 	 14 	 7 
176.60 	 0.0000 	 0.6812 	 14 	 7 
176.70 	 0.0000 	 0.6813 	 14 	 7 
176.80 	 0.0000 	 0.6800 	 14 	 7 
176.90 	 0.0000 	 0.6819 	 14 	 7 
177.00 	 0.0000 	 0.6826 	 14 	 7 
177.10 	 2.7778 	 0.6825 	 14 	 13 
177.20 	 0.0000 	 0.6826 	 14 	 8 
177.30 	 0.0000 	 0.6829 	 14 	 8 
177.40 	 0.0000 	 0.6846 	 14 	 9 
177.50 	 0.0000 	 0.6849 	 14 	 6 
177.60 	 0.0000 	 0.6858 	 14 	 6 
177.70 	 0.0000 	 0.6865 	 14 	 6 
177.80 	 2.7778 	 0.6887 	 14 	 6 
177.90 	 0.0000 	 0.6895 	 14 	 6 
178.00 	 0.0000 	 0.6892 	 14 	 6 
178.10 	 2.7778 	 0.6899 	 14 	 7 
178.20 	 0.0000 	 0.6906 	 14 	 7 
178.30 	 0.0000 	 0.6922 	 14 	 6 
178.40 	 0.0000 	 0.6916 	 14 	 8 
178.50 	 0.0000 	 0.6925 	 14 	 7 
178.60 	 2.7778 	 0.6938 	 14 	 7 
178.70 	 0.0000 	 0.6952 	 14 	 6 
178.80 	 2.7778 	 0.6967 	 14 	 10 
178.90 	 0.0000 	 0.6962 	 14 	 6 
179.00 	 0.0000 	 0.6978 	 14 	 6 
179.10 	 0.0000 	 0.6991 	 14 	 6 
179.20 	 0.0000 	 0.7001 	 14 	 6 
179.30 	 0.0000 	 0.7011 	 14 	 6 
179.40 	 0.0000 	 0.7007 	 14 	 6 
179.50 	 5.5556 	 0.7018 	 14 	 6 
179.60 	 0.0000 	 0.7033 	 14 	 6 
179.70 	 0.0000 	 0.7036 	 14 	 8 
179.80 	 0.0000 	 0.6962 	 14 	 7 
179.90 	 0.0000 	 0.6966 	 14 	 7 
180.00 	 0.0000 	 0.6967 	 14 	 7 
180.10 	 0.0000 	 0.6956 	 14 	 7 
180.20 	 2.7778 	 0.6953 	 14 	 6 
180.30 	 2.7778 	 0.6946 	 14 	 6 
180.40 	 0.0000 	 0.6939 	 14 	 6 
180.50 	 0.0000 	 0.6929 	 14 	 6 
180.60 	 0.0000 	 0.6923 	 14 	 6 
180.70 	 0.0000 	 0.6922 	 14 	 6 
180.80 	 0.0000 	 0.6902 	 14 	 6 
180.90 	 2.7778 	 0.6896 	 14 	 8 
181.00 	 0.0000 	 0.6906 	 14 	 8 
181.10 	 2.7778 	 0.6900 	 14 	 8 
181.20 	 0.0000 	 0.6896 	 14 	 8 
181.30 	 0.0000 	 0.6893 	 14 	 9 
181.40 	 0.0000 	 0.6902 	 14 	 7 
181.50 	 0.0000 	 0.6914 	 14 	 7 
181.60 	 0.0000 	 0.6916 	 14 	 7 
181.70 	 2.7778 	 0.6917 	 14 	 6 
181.80 	 0.0000 	 0.6922 	 14 	 6 
181.90 	 0.0000 	 0.6938 	 14 	 10 
182.00 	 2.7778 	 0.6957 	 14 	 10 
182.10 	 0.0000 	 0.6957 	 14 	 13 
182.20 	 0.0000 	 0.6936 	 14 	 13 
182.30 	 0.0000 	 0.6943 	 14 	 13 
182.40 	 0.0000 	 0.6942 	 14 	 13 
182.50 	 2.7778 	 0.6944 	 14 	 7 
182.60 	 0.0000 	 0.6959 	 14 	 9 
182.70 	 0.0000 	 0.6954 	 14 	 9 
182.80 	 2.7778 	 0.6954 	 14 	 6 
182.90 	 0.0000 	 0.6966 	 14 	 6 
183.00 	 0.0000 	 0.6970 	 14 	 10 
183.10 	 0.0000 	 0.6969 	 14 	 10 
183.20 	 0.0000 	 0.6965 	 14 	 10 
183.30 	 2.7778 	 0.6972 	 14 	 7 
183.40 	 0.0000 	 0.6960 	 14 	 6 
183.50 	 0.0000 	 0.6966 	 14 	 8 
183.60 	 0.0000 	 0.6978 	 14 	 13 
183.70 	 0.0000 	 0.6969 	 14 	 13 
183.80 	 0.0000 	 0.6963 	 14 	 13 
183.90 	 0.0000 	 0.6961 	 14 	 9 
184.00 	 0.0000 	 0.6960 	 14 	 9 
184.10 	 0.0000 	 0.6975 	 14 	 9 
184.20 	 2.7778 	 0.6978 	 14 	 6 
184.30 	 0.0000 	 0.6975 	 14 	 6 
184.40 	 0.0000 	 0.6979 	 14 	 6 
184.50 	 0.0000 	 0.6975 	 14 	 6 
184.60 	 0.0000 	 0.6977 	 14 	 6 
184.70 	 0.0000 	 0.6908 	 14 	 8 
184.80 	 0.0000 	 0.6827 	 14 	 8 
184.90 	 0.0000 	 0.6816 	 14 	 8 
185.00 	 2.7778 	 0.6830 	 14 	 9 
185.10 	 0.0000 	 0.6832 	 14 	 9 
185.20 	 0.0000 	 0.6835 	 14 	 9 
185.30 	 0.0000 	 0.6836 	 14 	 9 
185.40 	 0.0000 	 0.6837 	 14 	 9 
185.50 	 0.0000 	 0.6824 	 14 	 6 
185.60 	 0.0000 	 0.6809 	 14 	 6 
185.70 	 0.0000 	 0.6818 	 14 	 6 
185.80 	 0.0000 	 0.6773 	 14 	 6 
185.90 	 2.7778 	 0.6780 	 14 	 6 
186.00 	 0.0000 	 0.6772 	 14 	 6 
186.10 	 2.7778 	 0.6776 	 14 	 12 
186.20 	 0.0000 	 0.6752 	 14 	 12 
186.30 	 0.0000 	 0.6764 	 14 	 6 
186.40 	 0.0000 	 0.6780 	 14 	 7 
186.50 	 0.0000 	 0.6778 	 14 	 7 
186.60 	 0.0000 	 0.6804 	 14 	 7 
186.70 	 0.0000 	 0.6795 	 14 	 7 
186.80 	 2.7778 	 0.6794 	 14 	 7 
186.90 	 0.0000 	 0.6802 	 14 	 7 
187.00 	 0.0000 	 0.6805 	 14 	 7 
187.10 	 0.0000 	 0.6812 	 14 	 6 
187.20 	 0.0000 	 0.6815 	 14 	 6 
187.30 	 0.0000 	 0.6817 	 14 	 12 
187.40 	 2.7778 	 0.6829 	 14 	 6 
187.50 	 0.0000 	 0.6829 	 14 	 6 
187.60 	 0.0000 	 0.6822 	 14 	 6 
187.70 	 0.0000 	 0.6841 	 14 	 7 
187.80 	 0.0000 	 0.6851 	 14 	 7 
187.90 	 0.0000 	 0.6865 	 14 	 7 
188.00 	 2.7778 	 0.6876 	 14 	 7 
188.10 	 0.0000 	 0.6886 	 14 	 7 
188.20 	 0.0000 	 0.6908 	 14 	 7 
188.30 	 0.0000 	 0.6913 	 14 	 7 
188.40 	 0.0000 	 0.6915 	 14 	 13 
188.50 	 0.0000 	 0.6921 	 14 	 13 
188.60 	 0.0000 	 0.6915 	 14 	 6 
188.70 	 2.7778 	 0.6904 	 14 	 6 
188.80 	 0.0000 	 0.6904 	 14 	 6 
188.90 	 0.0000 	 0.6909 	 14 	 6 
189.00 	 0.0000 	 0.6890 	 14 	 6 
189.10 	 2.7778 	 0.6883 	 14 	 7 
189.20 	 0.0000 	 0.6885 	 14 	 7 
189.30 	 0.0000 	 0.6872 	 14 	 7 
189.40 	 0.0000 	 0.6870 	 14 	 6 
189.50 	 2.7778 	 0.6867 	 14 	 6 
189.60 	 0.0000 	 0.6854 	 14 	 6 
189.70 	 2.7778 	 0.6865 	 14 	 6 
189.80 	 0.0000 	 0.6881 	 14 	 6 
189.90 	 0.0000 	 0.6875 	 14 	 6 
190.00 	 0.0000 	 0.6862 	 14 	 6 
190.10 	 0.0000 	 0.6887 	 14 	 6 
190.20 	 2.7778 	 0.6885 	 14 	 6 
190.30 	 2.7778 	 0.6892 	 14 	 7 
190.40 	 0.0000 	 0.6898 	 14 	 6 
190.50 	 0.0000 	 0.6917 	 14 	 6 
190.60 	 0.0000 	 0.6922 	 14 	 6 
190.70 	 0.0000 	 0.6937 	 14 	 6 
190.80 	 0.0000 	 0.6953 	 14 	 6 
190.90 	 0.0000 	 0.6956 	 14 	 6 
191.00 	 2.7778 	 0.6970 	 14 	 6 
191.10 	 0.0000 	 0.6978 	 14 	 6 
191.20 	 2.7778 	 0.6990 	 14 	 6 
191.30 	 0.0000 	 0.7021 	 14 	 6 
191.40 	 0.0000 	 0.7047 	 14 	 6 
191.50 	 0.0000 	 0.7058 	 14 	 6 
191.60 	 0.0000 	 0.7061 	 14 	 7 
191.70 	 0.0000 	 0.7069 	 14 	 7 
191.80 	 0.0000 	 0.7081 	 14 	 6 
191.90 	 2.7778 	 0.7093 	 14 	 6 
192.00 	 2.7778 	 0.7099 	 14 	 8 
192.10 	 0.0000 	 0.7089 	 14 	 6 
192.20 	 0.0000 	 0.7019 	 14 	 6 
192.30 	 0.0000 	 0.7052 	 14 	 6 
192.40 	 0.0000 	 0.7038 	 14 	 6 
192.50 	 2.7778 	 0.7041 	 14 	 6 
192.60 	 0.0000 	 0.7041 	 14 	 6 
192.70 	 0.0000 	 0.7031 	 14 	 6 
192.80 	 2.7778 	 0.7014 	 14 	 6 
192.90 	 0.0000 	 0.7007 	 14 	 7 
193.00 	 0.0000 	 0.6995 	 14 	 7 
193.10 	 0.0000 	 0.6989 	 14 	 7 
193.20 	 0.0000 	 0.6999 	 14 	 8 
193.30 	 2.7778 	 0.6990 	 14 	 6 
193.40 	 0.0000 	 0.6956 	 14 	 6 
193.50 	 0.0000 	 0.6962 	 14 	 6 
193.60 	 0.0000 	 0.6964 	 14 	 6 
193.70 	 2.7778 	 0.6963 	 14 	 6 
193.80 	 0.0000 	 0.6958 	 14 	 6 
193.90 	 0.0000 	 0.6963 	 14 	 7 
194.00 	 2.7778 	 0.6961 	 14 	 7 
194.10 	 0.0000 	 0.6960 	 14 	 7 
194.20 	 0.0000 	 0.6963 	 14 	 6 
194.30 	 0.0000 	 0.6952 	 14 	 6 
194.40 	 0.0000 	 0.6955 	 14 	 8 
194.50 	 0.0000 	 0.6956 	 14 	 8 
194.60 	 2.7778 	 0.6945 	 14 	 6 
194.70 	 2.7778 	 0.6942 	 14 	 7 
194.80 	 0.0000 	 0.6951 	 14 	 7 
194.90 	 0.0000 	 0.6948 	 14 	 7 
195.00 	 0.0000 	 0.6957 	 14 	 6 
195.10 	 0.0000 	 0.6953 	 14 	 7 
195.20 	 0.0000 	 0.6950 	 14 	 7 
195.30 	 0.0000 	 0.6949 	 14 	 7 
195.40 	 0.0000 	 0.6949 	 14 	 7 
195.50 	 2.7778 	 0.6939 	 14 	 6 
195.60 	 0.0000 	 0.6942 	 14 	 9 
195.70 	 0.0000 	 0.6944 	 14 	 6 
195.80 	 0.0000 	 0.6941 	 14 	 6 
195.90 	 0.0000 	 0.6957 	 14 	 6 
196.00 	 0.0000 	 0.6958 	 14 	 6 
196.10 	 0.0000 	 0.6966 	 14 	 13 
196.20 	 0.0000 	 0.6969 	 14 	 13 
196.30 	 2.7778 	 0.6968 	 14 	 13 
196.40 	 0.0000 	 0.6978 	 14 	 7 
196.50 	 0.0000 	 0.6984 	 14 	 7 
196.60 	 0.0000 	 0.6997 	 14 	 7 
196.70 	 0.0000 	 0.7000 	 14 	 6 
196.80 	 0.0000 	 0.6952 	 14 	 9 
196.90 	 0.0000 	 0.6952 	 14 	 9 
197.00 	 0.0000 	 0.6953 	 14 	 6 
197.10 	 2.7778 	 0.6949 	 14 	 6 
197.20 	 0.0000 	 0.6958 	 14 	 10 
197.30 	 0.0000 	 0.6967 	 14 	 7 
197.40 	 0.0000 	 0.6988 	 14 	 7 
197.50 	 0.0000 	 0.6983 	 14 	 7 
197.60 	 0.0000 	 0.6991 	 14 	 7 
197.70 	 0.0000 	 0.6997 	 14 	 7 
197.80 	 2.7778 	 0.6998 	 14 	 6 
197.90 	 0.0000 	 0.6995 	 14 	 6 
198.00 	 2.7778 	 0.6991 	 14 	 6 
198.10 	 0.0000 	 0.6989 	 14 	 6 
198.20 	 0.0000 	 0.6994 	 14 	 6 
198.30 	 0.0000 	 0.6999 	 14 	 7 
198.40 	 0.0000 	 0.6991 	 14 	 7 
198.50 	 2.7778 	 0.6981 	 14 	 7 
198.60 	 0.0000 	 0.6832 	 14 	 7 
198.70 	 0.0000 	 0.6814 	 14 	 7 
198.80 	 2.7778 	 0.6808 	 14 	 7 
198.90 	 0.0000 	 0.6806 	 14 	 8 
199.00 	 0.0000 	 0.6782 	 14 	 8 
199.10 	 2.7778 	 0.6750 	 14 	 7 
199.20 	 0.0000 	 0.6747 	 14 	 7 
199.30 	 0.0000 	 0.6715 	 14 	 6 
199.40 	 0.0000 	 0.6673 	 14 	 6 
199.50 	 0.0000 	 0.6684 	 14 	 7 
199.60 	 0.0000 	 0.6681 	 14 	 7 
199.70 	 2.7778 	 0.6652 	 14 	 7 
199.80 	 0.0000 	 0.6672 	 14 	 7 
199.90 	 0.0000 	 0.6691 	 14 	 7 
200.00 	 0.0000 	 0.6694 	 14 	 7 
