# Optimal flow and avg speed dependent on time 
 # Aggressives: 150 
 # Velocity factor: 0.3 
0.10 	 0.0000 	 0.9674 	 6 	 0 
0.20 	 0.0000 	 0.9540 	 7 	 0 
0.30 	 2.7778 	 0.9394 	 7 	 1 
0.40 	 0.0000 	 0.9261 	 7 	 0 
0.50 	 2.7778 	 0.9131 	 7 	 1 
0.60 	 0.0000 	 0.9021 	 7 	 1 
0.70 	 0.0000 	 0.8920 	 7 	 0 
0.80 	 0.0000 	 0.8828 	 7 	 0 
0.90 	 0.0000 	 0.8747 	 7 	 0 
1.00 	 2.7778 	 0.8674 	 7 	 1 
1.10 	 0.0000 	 0.8617 	 7 	 0 
1.20 	 0.0000 	 0.8563 	 7 	 0 
1.30 	 2.7778 	 0.8529 	 7 	 1 
1.40 	 0.0000 	 0.8496 	 7 	 1 
1.50 	 0.0000 	 0.8478 	 7 	 0 
1.60 	 0.0000 	 0.8477 	 7 	 0 
1.70 	 2.7778 	 0.8471 	 7 	 1 
1.80 	 0.0000 	 0.8461 	 7 	 1 
1.90 	 0.0000 	 0.8451 	 7 	 0 
2.00 	 0.0000 	 0.8451 	 7 	 0 
2.10 	 2.7778 	 0.8454 	 7 	 1 
2.20 	 0.0000 	 0.8453 	 7 	 1 
2.30 	 0.0000 	 0.8455 	 7 	 0 
2.40 	 0.0000 	 0.8450 	 7 	 0 
2.50 	 2.7778 	 0.8458 	 7 	 1 
2.60 	 0.0000 	 0.8442 	 7 	 1 
2.70 	 0.0000 	 0.8446 	 7 	 0 
2.80 	 0.0000 	 0.8447 	 7 	 0 
2.90 	 2.7778 	 0.8455 	 7 	 1 
3.00 	 0.0000 	 0.8463 	 7 	 1 
3.10 	 0.0000 	 0.8476 	 8 	 0 
3.20 	 0.0000 	 0.8482 	 8 	 0 
3.30 	 2.7778 	 0.8467 	 8 	 1 
3.40 	 0.0000 	 0.8481 	 8 	 1 
3.50 	 0.0000 	 0.8485 	 8 	 0 
3.60 	 0.0000 	 0.8480 	 8 	 0 
3.70 	 2.7778 	 0.8476 	 8 	 1 
3.80 	 0.0000 	 0.8473 	 8 	 1 
3.90 	 0.0000 	 0.8478 	 8 	 0 
4.00 	 0.0000 	 0.8478 	 8 	 0 
4.10 	 2.7778 	 0.8480 	 8 	 1 
4.20 	 0.0000 	 0.8469 	 8 	 1 
4.30 	 0.0000 	 0.8476 	 8 	 0 
4.40 	 0.0000 	 0.8470 	 8 	 0 
4.50 	 2.7778 	 0.8459 	 8 	 1 
4.60 	 0.0000 	 0.8464 	 8 	 1 
4.70 	 0.0000 	 0.8454 	 8 	 0 
4.80 	 0.0000 	 0.8446 	 8 	 0 
4.90 	 2.7778 	 0.8447 	 8 	 6 
5.00 	 0.0000 	 0.8443 	 8 	 2 
5.10 	 0.0000 	 0.8457 	 8 	 0 
5.20 	 0.0000 	 0.8468 	 8 	 0 
5.30 	 2.7778 	 0.8469 	 8 	 1 
5.40 	 0.0000 	 0.8466 	 8 	 1 
5.50 	 0.0000 	 0.8462 	 8 	 0 
5.60 	 2.7778 	 0.8470 	 8 	 1 
5.70 	 0.0000 	 0.8465 	 8 	 1 
5.80 	 0.0000 	 0.8468 	 8 	 7 
5.90 	 0.0000 	 0.8477 	 8 	 0 
6.00 	 0.0000 	 0.8486 	 8 	 0 
6.10 	 2.7778 	 0.8498 	 9 	 1 
6.20 	 0.0000 	 0.8502 	 9 	 0 
6.30 	 0.0000 	 0.8501 	 9 	 0 
6.40 	 0.0000 	 0.8508 	 9 	 0 
6.50 	 2.7778 	 0.8503 	 9 	 1 
6.60 	 0.0000 	 0.8513 	 9 	 7 
6.70 	 0.0000 	 0.8502 	 9 	 0 
6.80 	 0.0000 	 0.8496 	 9 	 0 
6.90 	 2.7778 	 0.8504 	 9 	 1 
7.00 	 0.0000 	 0.8500 	 9 	 7 
7.10 	 0.0000 	 0.8488 	 9 	 0 
7.20 	 0.0000 	 0.8487 	 9 	 0 
7.30 	 2.7778 	 0.8477 	 9 	 1 
7.40 	 0.0000 	 0.8464 	 9 	 0 
7.50 	 0.0000 	 0.8475 	 9 	 0 
7.60 	 0.0000 	 0.8473 	 9 	 0 
7.70 	 2.7778 	 0.8476 	 9 	 1 
7.80 	 0.0000 	 0.8462 	 9 	 6 
7.90 	 0.0000 	 0.8446 	 9 	 0 
8.00 	 2.7778 	 0.8447 	 9 	 1 
8.10 	 0.0000 	 0.8447 	 9 	 7 
8.20 	 0.0000 	 0.8462 	 9 	 7 
8.30 	 0.0000 	 0.8474 	 9 	 0 
8.40 	 0.0000 	 0.8480 	 9 	 0 
8.50 	 2.7778 	 0.8471 	 9 	 5 
8.60 	 0.0000 	 0.8468 	 9 	 0 
8.70 	 0.0000 	 0.8462 	 9 	 0 
8.80 	 2.7778 	 0.8465 	 9 	 8 
8.90 	 0.0000 	 0.8471 	 9 	 1 
9.00 	 0.0000 	 0.8469 	 9 	 6 
9.10 	 0.0000 	 0.8466 	 10 	 7 
9.20 	 2.7778 	 0.8467 	 10 	 7 
9.30 	 0.0000 	 0.8468 	 10 	 7 
9.40 	 0.0000 	 0.8459 	 10 	 7 
9.50 	 0.0000 	 0.8453 	 10 	 0 
9.60 	 0.0000 	 0.8446 	 10 	 5 
9.70 	 2.7778 	 0.8446 	 10 	 5 
9.80 	 0.0000 	 0.8448 	 10 	 0 
9.90 	 0.0000 	 0.8445 	 10 	 0 
10.00 	 2.7778 	 0.8440 	 10 	 8 
10.10 	 0.0000 	 0.8437 	 10 	 1 
10.20 	 0.0000 	 0.8431 	 10 	 6 
10.30 	 0.0000 	 0.8431 	 10 	 4 
10.40 	 2.7778 	 0.8441 	 10 	 7 
10.50 	 0.0000 	 0.8455 	 10 	 7 
10.60 	 0.0000 	 0.8443 	 10 	 7 
10.70 	 0.0000 	 0.8447 	 10 	 7 
10.80 	 0.0000 	 0.8449 	 10 	 5 
10.90 	 2.7778 	 0.8450 	 10 	 5 
11.00 	 0.0000 	 0.8454 	 10 	 8 
11.10 	 0.0000 	 0.8451 	 10 	 8 
11.20 	 2.7778 	 0.8456 	 10 	 8 
11.30 	 0.0000 	 0.8450 	 10 	 1 
11.40 	 0.0000 	 0.8445 	 10 	 6 
11.50 	 0.0000 	 0.8439 	 10 	 4 
11.60 	 2.7778 	 0.8442 	 10 	 7 
11.70 	 0.0000 	 0.8447 	 10 	 7 
11.80 	 0.0000 	 0.8452 	 10 	 7 
11.90 	 0.0000 	 0.8452 	 10 	 7 
12.00 	 0.0000 	 0.8444 	 10 	 5 
12.10 	 2.7778 	 0.8445 	 11 	 5 
12.20 	 0.0000 	 0.8434 	 11 	 8 
12.30 	 2.7778 	 0.8435 	 11 	 8 
12.40 	 0.0000 	 0.8430 	 11 	 8 
12.50 	 0.0000 	 0.8424 	 11 	 8 
12.60 	 0.0000 	 0.8420 	 11 	 4 
12.70 	 0.0000 	 0.8421 	 11 	 4 
12.80 	 2.7778 	 0.8427 	 11 	 2 
12.90 	 0.0000 	 0.8445 	 11 	 9 
13.00 	 0.0000 	 0.8445 	 11 	 9 
13.10 	 0.0000 	 0.8452 	 11 	 7 
13.20 	 0.0000 	 0.8450 	 11 	 5 
13.30 	 2.7778 	 0.8443 	 11 	 3 
13.40 	 0.0000 	 0.8447 	 11 	 8 
13.50 	 2.7778 	 0.8444 	 11 	 8 
13.60 	 0.0000 	 0.8450 	 11 	 8 
13.70 	 0.0000 	 0.8450 	 11 	 8 
13.80 	 0.0000 	 0.8442 	 11 	 4 
13.90 	 0.0000 	 0.8440 	 11 	 4 
14.00 	 2.7778 	 0.8434 	 11 	 9 
14.10 	 0.0000 	 0.8431 	 11 	 9 
14.20 	 0.0000 	 0.8435 	 11 	 7 
14.30 	 0.0000 	 0.8439 	 11 	 7 
14.40 	 0.0000 	 0.8450 	 11 	 5 
14.50 	 2.7778 	 0.8458 	 11 	 3 
14.60 	 0.0000 	 0.8467 	 11 	 0 
14.70 	 2.7778 	 0.8460 	 11 	 8 
14.80 	 0.0000 	 0.8448 	 11 	 8 
14.90 	 0.0000 	 0.8465 	 11 	 8 
15.00 	 0.0000 	 0.8456 	 11 	 4 
15.10 	 0.0000 	 0.8449 	 12 	 4 
15.20 	 2.7778 	 0.8448 	 12 	 9 
15.30 	 0.0000 	 0.8453 	 12 	 9 
15.40 	 0.0000 	 0.8462 	 12 	 7 
15.50 	 0.0000 	 0.8454 	 12 	 5 
15.60 	 2.7778 	 0.8454 	 12 	 5 
15.70 	 0.0000 	 0.8442 	 12 	 3 
15.80 	 0.0000 	 0.8439 	 12 	 8 
15.90 	 2.7778 	 0.8442 	 12 	 8 
16.00 	 0.0000 	 0.8451 	 12 	 8 
16.10 	 0.0000 	 0.8437 	 12 	 6 
16.20 	 0.0000 	 0.8448 	 12 	 4 
16.30 	 0.0000 	 0.8450 	 12 	 4 
16.40 	 2.7778 	 0.8441 	 12 	 9 
16.50 	 0.0000 	 0.8435 	 12 	 7 
16.60 	 0.0000 	 0.8431 	 12 	 9 
16.70 	 0.0000 	 0.8417 	 12 	 9 
16.80 	 2.7778 	 0.8431 	 12 	 9 
16.90 	 0.0000 	 0.8427 	 12 	 3 
17.00 	 2.7778 	 0.8428 	 12 	 10 
17.10 	 0.0000 	 0.8430 	 12 	 8 
17.20 	 0.0000 	 0.8435 	 12 	 6 
17.30 	 0.0000 	 0.8436 	 12 	 6 
17.40 	 0.0000 	 0.8435 	 12 	 4 
17.50 	 0.0000 	 0.8435 	 12 	 4 
17.60 	 2.7778 	 0.8440 	 12 	 9 
17.70 	 0.0000 	 0.8442 	 12 	 7 
17.80 	 0.0000 	 0.8433 	 12 	 7 
17.90 	 0.0000 	 0.8422 	 12 	 9 
18.00 	 2.7778 	 0.8413 	 12 	 9 
18.10 	 0.0000 	 0.8401 	 13 	 3 
18.20 	 2.7778 	 0.8398 	 13 	 10 
18.30 	 0.0000 	 0.8404 	 13 	 8 
18.40 	 0.0000 	 0.8405 	 13 	 6 
18.50 	 0.0000 	 0.8420 	 13 	 4 
18.60 	 0.0000 	 0.8421 	 13 	 4 
18.70 	 0.0000 	 0.8420 	 13 	 2 
18.80 	 2.7778 	 0.8414 	 13 	 9 
18.90 	 0.0000 	 0.8418 	 13 	 7 
19.00 	 0.0000 	 0.8410 	 13 	 7 
19.10 	 0.0000 	 0.8400 	 13 	 5 
19.20 	 2.7778 	 0.8404 	 13 	 3 
19.30 	 0.0000 	 0.8411 	 13 	 3 
19.40 	 2.7778 	 0.8423 	 13 	 10 
19.50 	 0.0000 	 0.8426 	 13 	 10 
19.60 	 0.0000 	 0.8427 	 13 	 6 
19.70 	 0.0000 	 0.8425 	 13 	 4 
19.80 	 0.0000 	 0.8418 	 13 	 10 
19.90 	 0.0000 	 0.8417 	 13 	 2 
20.00 	 2.7778 	 0.8426 	 13 	 11 
20.10 	 0.0000 	 0.8417 	 13 	 7 
20.20 	 0.0000 	 0.8423 	 13 	 7 
20.30 	 0.0000 	 0.8419 	 13 	 5 
20.40 	 2.7778 	 0.8422 	 13 	 3 
20.50 	 0.0000 	 0.8414 	 13 	 3 
20.60 	 2.7778 	 0.8404 	 13 	 10 
20.70 	 0.0000 	 0.8412 	 13 	 10 
20.80 	 0.0000 	 0.8411 	 13 	 6 
20.90 	 0.0000 	 0.8409 	 13 	 4 
21.00 	 0.0000 	 0.8411 	 13 	 10 
21.10 	 0.0000 	 0.8409 	 14 	 2 
21.20 	 2.7778 	 0.8403 	 14 	 11 
21.30 	 0.0000 	 0.8407 	 14 	 7 
21.40 	 0.0000 	 0.8412 	 14 	 5 
21.50 	 0.0000 	 0.8414 	 14 	 5 
21.60 	 2.7778 	 0.8410 	 14 	 3 
21.70 	 0.0000 	 0.8397 	 14 	 3 
21.80 	 2.7778 	 0.8395 	 14 	 10 
21.90 	 0.0000 	 0.8390 	 14 	 10 
22.00 	 0.0000 	 0.8402 	 14 	 6 
22.10 	 0.0000 	 0.8400 	 14 	 4 
22.20 	 0.0000 	 0.8402 	 14 	 4 
22.30 	 0.0000 	 0.8393 	 14 	 2 
22.40 	 2.7778 	 0.8393 	 14 	 11 
22.50 	 0.0000 	 0.8392 	 14 	 7 
22.60 	 0.0000 	 0.8381 	 14 	 5 
22.70 	 0.0000 	 0.8391 	 14 	 5 
22.80 	 2.7778 	 0.8396 	 14 	 3 
22.90 	 0.0000 	 0.8398 	 14 	 3 
23.00 	 2.7778 	 0.8394 	 14 	 12 
23.10 	 0.0000 	 0.8400 	 14 	 12 
23.20 	 0.0000 	 0.8394 	 14 	 6 
23.30 	 0.0000 	 0.8392 	 14 	 4 
23.40 	 0.0000 	 0.8389 	 14 	 4 
23.50 	 0.0000 	 0.8382 	 14 	 2 
23.60 	 2.7778 	 0.8391 	 14 	 11 
23.70 	 0.0000 	 0.8391 	 14 	 7 
23.80 	 0.0000 	 0.8391 	 14 	 5 
23.90 	 0.0000 	 0.8396 	 14 	 5 
24.00 	 2.7778 	 0.8385 	 14 	 3 
24.10 	 2.7778 	 0.8392 	 15 	 1 
24.20 	 0.0000 	 0.8392 	 15 	 12 
24.30 	 0.0000 	 0.8400 	 15 	 6 
24.40 	 0.0000 	 0.8404 	 15 	 6 
24.50 	 0.0000 	 0.8409 	 15 	 4 
24.60 	 0.0000 	 0.8414 	 15 	 4 
24.70 	 0.0000 	 0.8407 	 15 	 2 
24.80 	 2.7778 	 0.8384 	 15 	 11 
24.90 	 0.0000 	 0.8376 	 15 	 7 
25.00 	 0.0000 	 0.8375 	 15 	 5 
25.10 	 0.0000 	 0.8381 	 15 	 3 
25.20 	 2.7778 	 0.8396 	 15 	 3 
25.30 	 2.7778 	 0.8393 	 15 	 1 
25.40 	 0.0000 	 0.8386 	 15 	 12 
25.50 	 0.0000 	 0.8395 	 15 	 6 
25.60 	 0.0000 	 0.8380 	 15 	 6 
25.70 	 0.0000 	 0.8377 	 15 	 4 
25.80 	 0.0000 	 0.8380 	 15 	 2 
25.90 	 0.0000 	 0.8373 	 15 	 2 
26.00 	 2.7778 	 0.8373 	 15 	 12 
26.10 	 0.0000 	 0.8377 	 15 	 7 
26.20 	 0.0000 	 0.8375 	 15 	 5 
26.30 	 0.0000 	 0.8389 	 15 	 3 
26.40 	 2.7778 	 0.8387 	 15 	 3 
26.50 	 2.7778 	 0.8377 	 15 	 1 
26.60 	 0.0000 	 0.8381 	 15 	 11 
26.70 	 0.0000 	 0.8381 	 15 	 6 
26.80 	 0.0000 	 0.8379 	 15 	 4 
26.90 	 0.0000 	 0.8383 	 15 	 4 
27.00 	 0.0000 	 0.8378 	 16 	 2 
27.10 	 0.0000 	 0.8385 	 16 	 2 
27.20 	 2.7778 	 0.8379 	 16 	 12 
27.30 	 0.0000 	 0.8384 	 16 	 7 
27.40 	 0.0000 	 0.8389 	 16 	 5 
27.50 	 0.0000 	 0.8385 	 16 	 3 
27.60 	 2.7778 	 0.8381 	 16 	 3 
27.70 	 2.7778 	 0.8371 	 16 	 1 
27.80 	 0.0000 	 0.8376 	 16 	 11 
27.90 	 0.0000 	 0.8375 	 16 	 6 
28.00 	 0.0000 	 0.8386 	 16 	 4 
28.10 	 0.0000 	 0.8389 	 16 	 4 
28.20 	 0.0000 	 0.8383 	 16 	 2 
28.30 	 0.0000 	 0.8388 	 16 	 2 
28.40 	 2.7778 	 0.8379 	 16 	 0 
28.50 	 0.0000 	 0.8387 	 16 	 13 
28.60 	 0.0000 	 0.8385 	 16 	 5 
28.70 	 0.0000 	 0.8386 	 16 	 3 
28.80 	 2.7778 	 0.8379 	 16 	 3 
28.90 	 2.7778 	 0.8382 	 16 	 1 
29.00 	 0.0000 	 0.8386 	 16 	 11 
29.10 	 0.0000 	 0.8396 	 16 	 6 
29.20 	 0.0000 	 0.8411 	 16 	 4 
29.30 	 0.0000 	 0.8413 	 16 	 4 
29.40 	 0.0000 	 0.8418 	 16 	 2 
29.50 	 0.0000 	 0.8422 	 16 	 0 
29.60 	 2.7778 	 0.8421 	 16 	 12 
29.70 	 0.0000 	 0.8426 	 16 	 0 
29.80 	 0.0000 	 0.8437 	 16 	 5 
29.90 	 2.7778 	 0.8452 	 16 	 13 
30.00 	 0.0000 	 0.8455 	 17 	 13 
30.10 	 2.7778 	 0.8464 	 17 	 1 
30.20 	 0.0000 	 0.8478 	 17 	 11 
30.30 	 0.0000 	 0.8496 	 17 	 6 
30.40 	 0.0000 	 0.8511 	 17 	 4 
30.50 	 0.0000 	 0.8521 	 17 	 4 
30.60 	 0.0000 	 0.8529 	 17 	 2 
30.70 	 0.0000 	 0.8533 	 17 	 0 
30.80 	 2.7778 	 0.8533 	 17 	 4 
30.90 	 0.0000 	 0.8548 	 17 	 13 
31.00 	 0.0000 	 0.8550 	 17 	 13 
31.10 	 2.7778 	 0.8564 	 17 	 13 
31.20 	 2.7778 	 0.8564 	 17 	 1 
31.30 	 0.0000 	 0.8558 	 17 	 1 
31.40 	 0.0000 	 0.8546 	 17 	 11 
31.50 	 0.0000 	 0.8529 	 17 	 6 
31.60 	 0.0000 	 0.8522 	 17 	 4 
31.70 	 0.0000 	 0.8523 	 17 	 2 
31.80 	 0.0000 	 0.8525 	 17 	 2 
31.90 	 0.0000 	 0.8517 	 17 	 0 
32.00 	 2.7778 	 0.8506 	 17 	 12 
32.10 	 0.0000 	 0.8500 	 17 	 5 
32.20 	 0.0000 	 0.8509 	 17 	 3 
32.30 	 2.7778 	 0.8503 	 17 	 3 
32.40 	 2.7778 	 0.8501 	 17 	 1 
32.50 	 0.0000 	 0.8500 	 17 	 1 
32.60 	 0.0000 	 0.8495 	 17 	 14 
32.70 	 0.0000 	 0.8497 	 17 	 14 
32.80 	 0.0000 	 0.8488 	 17 	 4 
32.90 	 0.0000 	 0.8472 	 17 	 2 
33.00 	 0.0000 	 0.8466 	 18 	 2 
33.10 	 0.0000 	 0.8465 	 18 	 0 
33.20 	 2.7778 	 0.8459 	 18 	 0 
33.30 	 0.0000 	 0.8454 	 18 	 5 
33.40 	 0.0000 	 0.8460 	 18 	 3 
33.50 	 2.7778 	 0.8459 	 18 	 3 
33.60 	 2.7778 	 0.8471 	 18 	 1 
33.70 	 0.0000 	 0.8478 	 18 	 1 
33.80 	 0.0000 	 0.8474 	 18 	 14 
33.90 	 0.0000 	 0.8466 	 18 	 14 
34.00 	 0.0000 	 0.8465 	 18 	 4 
34.10 	 0.0000 	 0.8459 	 18 	 2 
34.20 	 0.0000 	 0.8478 	 18 	 2 
34.30 	 2.7778 	 0.8470 	 18 	 2 
34.40 	 0.0000 	 0.8466 	 18 	 13 
34.50 	 0.0000 	 0.8484 	 18 	 5 
34.60 	 0.0000 	 0.8481 	 18 	 3 
34.70 	 2.7778 	 0.8476 	 18 	 3 
34.80 	 2.7778 	 0.8478 	 18 	 1 
34.90 	 0.0000 	 0.8478 	 18 	 1 
35.00 	 0.0000 	 0.8467 	 18 	 14 
35.10 	 0.0000 	 0.8468 	 18 	 6 
35.20 	 0.0000 	 0.8464 	 18 	 4 
35.30 	 0.0000 	 0.8465 	 18 	 2 
35.40 	 0.0000 	 0.8461 	 18 	 2 
35.50 	 2.7778 	 0.8451 	 18 	 2 
35.60 	 0.0000 	 0.8451 	 18 	 15 
35.70 	 0.0000 	 0.8452 	 18 	 15 
35.80 	 0.0000 	 0.8447 	 18 	 3 
35.90 	 2.7778 	 0.8439 	 19 	 3 
36.00 	 2.7778 	 0.8429 	 19 	 1 
36.10 	 0.0000 	 0.8425 	 19 	 1 
36.20 	 0.0000 	 0.8428 	 19 	 14 
36.30 	 0.0000 	 0.8430 	 19 	 6 
36.40 	 0.0000 	 0.8429 	 19 	 4 
36.50 	 0.0000 	 0.8428 	 19 	 2 
36.60 	 0.0000 	 0.8430 	 19 	 2 
36.70 	 2.7778 	 0.8436 	 19 	 2 
36.80 	 0.0000 	 0.8432 	 19 	 15 
36.90 	 0.0000 	 0.8430 	 19 	 15 
37.00 	 0.0000 	 0.8431 	 19 	 3 
37.10 	 2.7778 	 0.8441 	 19 	 3 
37.20 	 2.7778 	 0.8431 	 19 	 1 
37.30 	 0.0000 	 0.8437 	 19 	 1 
37.40 	 0.0000 	 0.8429 	 19 	 14 
37.50 	 0.0000 	 0.8428 	 19 	 6 
37.60 	 0.0000 	 0.8425 	 19 	 4 
37.70 	 0.0000 	 0.8427 	 19 	 2 
37.80 	 0.0000 	 0.8423 	 19 	 0 
37.90 	 0.0000 	 0.8413 	 19 	 0 
38.00 	 2.7778 	 0.8417 	 19 	 13 
38.10 	 0.0000 	 0.8421 	 19 	 5 
38.20 	 0.0000 	 0.8438 	 19 	 3 
38.30 	 5.5556 	 0.8443 	 19 	 1 
38.40 	 0.0000 	 0.8437 	 19 	 1 
38.50 	 0.0000 	 0.8440 	 19 	 1 
38.60 	 0.0000 	 0.8438 	 19 	 16 
38.70 	 0.0000 	 0.8439 	 19 	 16 
38.80 	 0.0000 	 0.8448 	 19 	 4 
38.90 	 0.0000 	 0.8454 	 0 	 2 
39.00 	 0.0000 	 0.8466 	 0 	 0 
39.10 	 0.0000 	 0.8462 	 0 	 0 
39.20 	 2.7778 	 0.8449 	 0 	 13 
39.30 	 0.0000 	 0.8452 	 0 	 5 
39.40 	 0.0000 	 0.8449 	 0 	 3 
39.50 	 5.5556 	 0.8451 	 0 	 1 
39.60 	 0.0000 	 0.8460 	 0 	 1 
39.70 	 0.0000 	 0.8462 	 0 	 1 
39.80 	 0.0000 	 0.8451 	 0 	 12 
39.90 	 0.0000 	 0.8451 	 0 	 16 
40.00 	 0.0000 	 0.8440 	 0 	 2 
40.10 	 0.0000 	 0.8437 	 0 	 2 
40.20 	 0.0000 	 0.8434 	 0 	 0 
40.30 	 0.0000 	 0.8433 	 0 	 0 
40.40 	 2.7778 	 0.8427 	 0 	 13 
40.50 	 0.0000 	 0.8433 	 0 	 5 
40.60 	 0.0000 	 0.8439 	 0 	 3 
40.70 	 5.5556 	 0.8446 	 0 	 1 
40.80 	 0.0000 	 0.8433 	 0 	 1 
40.90 	 0.0000 	 0.8417 	 0 	 1 
41.00 	 0.0000 	 0.8424 	 0 	 12 
41.10 	 0.0000 	 0.8418 	 0 	 4 
41.20 	 0.0000 	 0.8420 	 0 	 2 
41.30 	 0.0000 	 0.8423 	 0 	 2 
41.40 	 0.0000 	 0.8420 	 0 	 0 
41.50 	 0.0000 	 0.8424 	 0 	 0 
41.60 	 2.7778 	 0.8419 	 0 	 13 
41.70 	 0.0000 	 0.8409 	 0 	 5 
41.80 	 2.7778 	 0.8411 	 1 	 17 
41.90 	 2.7778 	 0.8412 	 1 	 1 
42.00 	 0.0000 	 0.8416 	 1 	 1 
42.10 	 0.0000 	 0.8417 	 1 	 1 
42.20 	 0.0000 	 0.8417 	 1 	 12 
42.30 	 0.0000 	 0.8411 	 1 	 4 
42.40 	 0.0000 	 0.8415 	 1 	 2 
42.50 	 0.0000 	 0.8414 	 1 	 2 
42.60 	 0.0000 	 0.8422 	 1 	 0 
42.70 	 0.0000 	 0.8422 	 1 	 0 
42.80 	 2.7778 	 0.8420 	 1 	 13 
42.90 	 0.0000 	 0.8424 	 1 	 5 
43.00 	 2.7778 	 0.8405 	 1 	 17 
43.10 	 2.7778 	 0.8410 	 1 	 1 
43.20 	 0.0000 	 0.8416 	 1 	 1 
43.30 	 0.0000 	 0.8423 	 1 	 1 
43.40 	 0.0000 	 0.8427 	 1 	 12 
43.50 	 0.0000 	 0.8438 	 1 	 4 
43.60 	 0.0000 	 0.8436 	 1 	 2 
43.70 	 0.0000 	 0.8438 	 1 	 0 
43.80 	 0.0000 	 0.8445 	 1 	 0 
43.90 	 0.0000 	 0.8459 	 1 	 0 
44.00 	 2.7778 	 0.8460 	 1 	 11 
44.10 	 0.0000 	 0.8465 	 1 	 5 
44.20 	 2.7778 	 0.8468 	 1 	 3 
44.30 	 2.7778 	 0.8473 	 1 	 1 
44.40 	 0.0000 	 0.8481 	 1 	 1 
44.50 	 0.0000 	 0.8499 	 1 	 1 
44.60 	 0.0000 	 0.8504 	 1 	 12 
44.70 	 0.0000 	 0.8519 	 1 	 4 
44.80 	 0.0000 	 0.8525 	 2 	 0 
44.90 	 0.0000 	 0.8532 	 2 	 0 
45.00 	 0.0000 	 0.8536 	 2 	 0 
45.10 	 0.0000 	 0.8538 	 2 	 0 
45.20 	 2.7778 	 0.8548 	 2 	 11 
45.30 	 0.0000 	 0.8551 	 2 	 3 
45.40 	 2.7778 	 0.8563 	 2 	 3 
45.50 	 2.7778 	 0.8557 	 2 	 18 
45.60 	 0.0000 	 0.8560 	 2 	 18 
45.70 	 0.0000 	 0.8547 	 2 	 18 
45.80 	 0.0000 	 0.8545 	 2 	 12 
45.90 	 0.0000 	 0.8540 	 2 	 4 
46.00 	 0.0000 	 0.8549 	 2 	 0 
46.10 	 0.0000 	 0.8542 	 2 	 0 
46.20 	 0.0000 	 0.8530 	 2 	 0 
46.30 	 0.0000 	 0.8537 	 2 	 0 
46.40 	 2.7778 	 0.8522 	 2 	 11 
46.50 	 0.0000 	 0.8529 	 2 	 3 
46.60 	 2.7778 	 0.8520 	 2 	 3 
46.70 	 2.7778 	 0.8521 	 2 	 18 
46.80 	 0.0000 	 0.8518 	 2 	 18 
46.90 	 0.0000 	 0.8509 	 2 	 1 
47.00 	 0.0000 	 0.8522 	 2 	 12 
47.10 	 0.0000 	 0.8517 	 2 	 4 
47.20 	 0.0000 	 0.8515 	 2 	 2 
47.30 	 0.0000 	 0.8528 	 2 	 2 
47.40 	 0.0000 	 0.8531 	 2 	 0 
47.50 	 0.0000 	 0.8533 	 2 	 0 
47.60 	 2.7778 	 0.8546 	 2 	 11 
47.70 	 2.7778 	 0.8551 	 3 	 3 
47.80 	 2.7778 	 0.8557 	 3 	 1 
47.90 	 0.0000 	 0.8558 	 3 	 1 
48.00 	 0.0000 	 0.8558 	 3 	 1 
48.10 	 0.0000 	 0.8554 	 3 	 1 
48.20 	 0.0000 	 0.8546 	 3 	 12 
48.30 	 0.0000 	 0.8547 	 3 	 4 
48.40 	 0.0000 	 0.8540 	 3 	 19 
48.50 	 0.0000 	 0.8543 	 3 	 0 
48.60 	 0.0000 	 0.8548 	 3 	 0 
48.70 	 5.5556 	 0.8549 	 3 	 2 
48.80 	 2.7778 	 0.8557 	 3 	 1 
48.90 	 0.0000 	 0.8549 	 3 	 1 
49.00 	 0.0000 	 0.8553 	 3 	 1 
49.10 	 0.0000 	 0.8537 	 3 	 1 
49.20 	 0.0000 	 0.8524 	 3 	 1 
49.30 	 0.0000 	 0.8521 	 3 	 1 
49.40 	 0.0000 	 0.8526 	 3 	 10 
49.50 	 2.7778 	 0.8534 	 3 	 19 
49.60 	 0.0000 	 0.8550 	 3 	 19 
49.70 	 0.0000 	 0.8559 	 3 	 2 
49.80 	 2.7778 	 0.8556 	 3 	 2 
49.90 	 0.0000 	 0.8544 	 3 	 2 
50.00 	 0.0000 	 0.8549 	 3 	 0 
50.10 	 0.0000 	 0.8556 	 3 	 0 
50.20 	 2.7778 	 0.8552 	 3 	 1 
50.30 	 0.0000 	 0.8562 	 3 	 1 
50.40 	 0.0000 	 0.8567 	 3 	 0 
50.50 	 2.7778 	 0.8577 	 3 	 1 
50.60 	 0.0000 	 0.8581 	 3 	 10 
50.70 	 2.7778 	 0.8584 	 4 	 1 
50.80 	 0.0000 	 0.8593 	 4 	 2 
50.90 	 0.0000 	 0.8589 	 4 	 2 
51.00 	 0.0000 	 0.8582 	 4 	 2 
51.10 	 0.0000 	 0.8584 	 4 	 0 
51.20 	 0.0000 	 0.8592 	 4 	 0 
51.30 	 2.7778 	 0.8609 	 4 	 0 
51.40 	 0.0000 	 0.8613 	 4 	 0 
51.50 	 2.7778 	 0.8588 	 4 	 1 
51.60 	 0.0000 	 0.8577 	 4 	 1 
51.70 	 0.0000 	 0.8566 	 4 	 3 
51.80 	 2.7778 	 0.8560 	 4 	 2 
51.90 	 0.0000 	 0.8551 	 4 	 2 
52.00 	 0.0000 	 0.8540 	 4 	 2 
52.10 	 0.0000 	 0.8545 	 4 	 2 
52.20 	 0.0000 	 0.8525 	 4 	 0 
52.30 	 0.0000 	 0.8522 	 4 	 0 
52.40 	 0.0000 	 0.8517 	 4 	 0 
52.50 	 0.0000 	 0.8509 	 4 	 0 
52.60 	 2.7778 	 0.8500 	 4 	 0 
52.70 	 2.7778 	 0.8489 	 4 	 1 
52.80 	 2.7778 	 0.8491 	 4 	 1 
52.90 	 0.0000 	 0.8473 	 4 	 1 
53.00 	 0.0000 	 0.8485 	 4 	 2 
53.10 	 0.0000 	 0.8500 	 4 	 2 
53.20 	 0.0000 	 0.8497 	 4 	 2 
53.30 	 2.7778 	 0.8481 	 4 	 1 
53.40 	 0.0000 	 0.8481 	 4 	 1 
53.50 	 0.0000 	 0.8487 	 4 	 0 
53.60 	 0.0000 	 0.8490 	 5 	 0 
53.70 	 0.0000 	 0.8493 	 5 	 0 
53.80 	 0.0000 	 0.8500 	 5 	 0 
53.90 	 0.0000 	 0.8499 	 5 	 0 
54.00 	 5.5556 	 0.8497 	 5 	 1 
54.10 	 2.7778 	 0.8494 	 5 	 1 
54.20 	 0.0000 	 0.8496 	 5 	 1 
54.30 	 0.0000 	 0.8493 	 5 	 1 
54.40 	 0.0000 	 0.8503 	 5 	 1 
54.50 	 0.0000 	 0.8505 	 5 	 1 
54.60 	 0.0000 	 0.8488 	 5 	 2 
54.70 	 0.0000 	 0.8475 	 5 	 0 
54.80 	 0.0000 	 0.8469 	 5 	 0 
54.90 	 0.0000 	 0.8483 	 5 	 0 
55.00 	 0.0000 	 0.8487 	 5 	 0 
55.10 	 0.0000 	 0.8495 	 5 	 0 
55.20 	 2.7778 	 0.8497 	 5 	 3 
55.30 	 5.5556 	 0.8491 	 5 	 1 
55.40 	 0.0000 	 0.8499 	 5 	 1 
55.50 	 0.0000 	 0.8514 	 5 	 1 
55.60 	 0.0000 	 0.8521 	 5 	 2 
55.70 	 0.0000 	 0.8524 	 5 	 2 
55.80 	 0.0000 	 0.8525 	 5 	 2 
55.90 	 0.0000 	 0.8527 	 5 	 0 
56.00 	 0.0000 	 0.8536 	 5 	 0 
56.10 	 0.0000 	 0.8540 	 5 	 0 
56.20 	 0.0000 	 0.8536 	 5 	 0 
56.30 	 0.0000 	 0.8544 	 5 	 0 
56.40 	 5.5556 	 0.8540 	 5 	 2 
56.50 	 2.7778 	 0.8515 	 5 	 1 
56.60 	 0.0000 	 0.8503 	 6 	 1 
56.70 	 0.0000 	 0.8495 	 6 	 1 
56.80 	 0.0000 	 0.8491 	 6 	 1 
56.90 	 0.0000 	 0.8486 	 6 	 1 
57.00 	 0.0000 	 0.8499 	 6 	 2 
57.10 	 0.0000 	 0.8495 	 6 	 0 
57.20 	 0.0000 	 0.8499 	 6 	 0 
57.30 	 0.0000 	 0.8502 	 6 	 0 
57.40 	 0.0000 	 0.8505 	 6 	 0 
57.50 	 0.0000 	 0.8515 	 6 	 0 
57.60 	 8.3333 	 0.8521 	 6 	 1 
57.70 	 0.0000 	 0.8523 	 6 	 1 
57.80 	 0.0000 	 0.8533 	 6 	 1 
57.90 	 0.0000 	 0.8557 	 6 	 1 
58.00 	 0.0000 	 0.8557 	 6 	 1 
58.10 	 0.0000 	 0.8559 	 6 	 1 
58.20 	 0.0000 	 0.8551 	 6 	 2 
58.30 	 0.0000 	 0.8550 	 6 	 2 
58.40 	 0.0000 	 0.8549 	 6 	 2 
58.50 	 0.0000 	 0.8558 	 6 	 0 
58.60 	 0.0000 	 0.8561 	 6 	 3 
58.70 	 0.0000 	 0.8569 	 6 	 3 
58.80 	 8.3333 	 0.8563 	 6 	 3 
58.90 	 0.0000 	 0.8561 	 6 	 1 
59.00 	 0.0000 	 0.8565 	 6 	 1 
59.10 	 0.0000 	 0.8563 	 6 	 1 
59.20 	 0.0000 	 0.8552 	 6 	 1 
59.30 	 0.0000 	 0.8560 	 6 	 3 
59.40 	 0.0000 	 0.8557 	 6 	 2 
59.50 	 0.0000 	 0.8552 	 7 	 0 
59.60 	 0.0000 	 0.8554 	 7 	 0 
59.70 	 0.0000 	 0.8561 	 7 	 0 
59.80 	 0.0000 	 0.8554 	 7 	 0 
59.90 	 2.7778 	 0.8543 	 7 	 3 
60.00 	 5.5556 	 0.8524 	 7 	 3 
60.10 	 0.0000 	 0.8520 	 7 	 1 
60.20 	 0.0000 	 0.8513 	 7 	 1 
60.30 	 0.0000 	 0.8515 	 7 	 1 
60.40 	 0.0000 	 0.8514 	 7 	 1 
60.50 	 0.0000 	 0.8515 	 7 	 3 
60.60 	 0.0000 	 0.8510 	 7 	 0 
60.70 	 0.0000 	 0.8510 	 7 	 0 
60.80 	 0.0000 	 0.8502 	 7 	 0 
60.90 	 0.0000 	 0.8503 	 7 	 0 
61.00 	 0.0000 	 0.8487 	 7 	 0 
61.10 	 2.7778 	 0.8488 	 7 	 3 
61.20 	 5.5556 	 0.8489 	 7 	 1 
61.30 	 0.0000 	 0.8490 	 7 	 1 
61.40 	 0.0000 	 0.8489 	 7 	 1 
61.50 	 0.0000 	 0.8498 	 7 	 1 
61.60 	 0.0000 	 0.8504 	 7 	 1 
61.70 	 0.0000 	 0.8506 	 7 	 4 
61.80 	 0.0000 	 0.8504 	 7 	 4 
61.90 	 0.0000 	 0.8504 	 7 	 0 
62.00 	 0.0000 	 0.8517 	 7 	 0 
62.10 	 0.0000 	 0.8514 	 7 	 0 
62.20 	 0.0000 	 0.8505 	 7 	 0 
62.30 	 5.5556 	 0.8500 	 7 	 4 
62.40 	 2.7778 	 0.8512 	 7 	 1 
62.50 	 0.0000 	 0.8498 	 8 	 1 
62.60 	 0.0000 	 0.8502 	 8 	 1 
62.70 	 0.0000 	 0.8505 	 8 	 1 
62.80 	 0.0000 	 0.8500 	 8 	 1 
62.90 	 0.0000 	 0.8498 	 8 	 6 
63.00 	 0.0000 	 0.8491 	 8 	 4 
63.10 	 0.0000 	 0.8487 	 8 	 0 
63.20 	 0.0000 	 0.8476 	 8 	 0 
63.30 	 0.0000 	 0.8475 	 8 	 0 
63.40 	 0.0000 	 0.8471 	 8 	 0 
63.50 	 5.5556 	 0.8475 	 8 	 4 
63.60 	 2.7778 	 0.8475 	 8 	 1 
63.70 	 0.0000 	 0.8477 	 8 	 1 
63.80 	 0.0000 	 0.8481 	 8 	 1 
63.90 	 0.0000 	 0.8484 	 8 	 1 
64.00 	 0.0000 	 0.8474 	 8 	 1 
64.10 	 0.0000 	 0.8462 	 8 	 6 
64.20 	 0.0000 	 0.8458 	 8 	 0 
64.30 	 0.0000 	 0.8454 	 8 	 0 
64.40 	 0.0000 	 0.8459 	 8 	 0 
64.50 	 0.0000 	 0.8469 	 8 	 0 
64.60 	 0.0000 	 0.8486 	 8 	 0 
64.70 	 5.5556 	 0.8477 	 8 	 4 
64.80 	 2.7778 	 0.8475 	 8 	 1 
64.90 	 0.0000 	 0.8477 	 8 	 1 
65.00 	 0.0000 	 0.8469 	 8 	 1 
65.10 	 0.0000 	 0.8488 	 8 	 1 
65.20 	 0.0000 	 0.8492 	 8 	 1 
65.30 	 0.0000 	 0.8486 	 8 	 5 
65.40 	 0.0000 	 0.8471 	 8 	 0 
65.50 	 0.0000 	 0.8474 	 9 	 0 
65.60 	 0.0000 	 0.8467 	 9 	 0 
65.70 	 0.0000 	 0.8467 	 9 	 0 
65.80 	 0.0000 	 0.8463 	 9 	 0 
65.90 	 5.5556 	 0.8450 	 9 	 4 
66.00 	 2.7778 	 0.8443 	 9 	 1 
66.10 	 0.0000 	 0.8448 	 9 	 1 
66.20 	 0.0000 	 0.8451 	 9 	 1 
66.30 	 0.0000 	 0.8454 	 9 	 1 
66.40 	 0.0000 	 0.8454 	 9 	 1 
66.50 	 0.0000 	 0.8452 	 9 	 5 
66.60 	 0.0000 	 0.8454 	 9 	 0 
66.70 	 0.0000 	 0.8453 	 9 	 0 
66.80 	 0.0000 	 0.8444 	 9 	 0 
66.90 	 0.0000 	 0.8442 	 9 	 0 
67.00 	 0.0000 	 0.8449 	 9 	 0 
67.10 	 5.5556 	 0.8458 	 9 	 4 
67.20 	 2.7778 	 0.8456 	 9 	 1 
67.30 	 0.0000 	 0.8463 	 9 	 1 
67.40 	 0.0000 	 0.8467 	 9 	 1 
67.50 	 0.0000 	 0.8468 	 9 	 1 
67.60 	 0.0000 	 0.8467 	 9 	 1 
67.70 	 0.0000 	 0.8458 	 9 	 5 
67.80 	 0.0000 	 0.8458 	 9 	 0 
67.90 	 0.0000 	 0.8445 	 9 	 0 
68.00 	 0.0000 	 0.8459 	 9 	 0 
68.10 	 0.0000 	 0.8460 	 9 	 0 
68.20 	 0.0000 	 0.8450 	 9 	 0 
68.30 	 5.5556 	 0.8443 	 9 	 4 
68.40 	 2.7778 	 0.8440 	 10 	 1 
68.50 	 0.0000 	 0.8439 	 10 	 1 
68.60 	 0.0000 	 0.8445 	 10 	 1 
68.70 	 0.0000 	 0.8437 	 10 	 1 
68.80 	 0.0000 	 0.8431 	 10 	 1 
68.90 	 0.0000 	 0.8423 	 10 	 5 
69.00 	 0.0000 	 0.8425 	 10 	 0 
69.10 	 0.0000 	 0.8434 	 10 	 0 
69.20 	 0.0000 	 0.8434 	 10 	 0 
69.30 	 0.0000 	 0.8433 	 10 	 0 
69.40 	 0.0000 	 0.8426 	 10 	 0 
69.50 	 5.5556 	 0.8419 	 10 	 4 
69.60 	 2.7778 	 0.8420 	 10 	 1 
69.70 	 0.0000 	 0.8414 	 10 	 1 
69.80 	 0.0000 	 0.8432 	 10 	 1 
69.90 	 0.0000 	 0.8433 	 10 	 1 
70.00 	 0.0000 	 0.8431 	 10 	 1 
70.10 	 0.0000 	 0.8436 	 10 	 5 
70.20 	 0.0000 	 0.8430 	 10 	 0 
70.30 	 0.0000 	 0.8432 	 10 	 0 
70.40 	 0.0000 	 0.8431 	 10 	 0 
70.50 	 0.0000 	 0.8434 	 10 	 0 
70.60 	 0.0000 	 0.8433 	 10 	 0 
70.70 	 5.5556 	 0.8426 	 10 	 4 
70.80 	 2.7778 	 0.8426 	 10 	 1 
70.90 	 0.0000 	 0.8427 	 10 	 1 
71.00 	 0.0000 	 0.8429 	 10 	 1 
71.10 	 0.0000 	 0.8426 	 10 	 1 
71.20 	 0.0000 	 0.8428 	 10 	 1 
71.30 	 0.0000 	 0.8430 	 10 	 3 
71.40 	 0.0000 	 0.8430 	 11 	 0 
71.50 	 0.0000 	 0.8436 	 11 	 0 
71.60 	 0.0000 	 0.8434 	 11 	 0 
71.70 	 0.0000 	 0.8431 	 11 	 0 
71.80 	 0.0000 	 0.8420 	 11 	 0 
71.90 	 5.5556 	 0.8424 	 11 	 4 
72.00 	 2.7778 	 0.8414 	 11 	 1 
72.10 	 0.0000 	 0.8422 	 11 	 1 
72.20 	 0.0000 	 0.8426 	 11 	 1 
72.30 	 0.0000 	 0.8430 	 11 	 1 
72.40 	 0.0000 	 0.8432 	 11 	 1 
72.50 	 0.0000 	 0.8423 	 11 	 3 
72.60 	 0.0000 	 0.8426 	 11 	 0 
72.70 	 0.0000 	 0.8421 	 11 	 0 
72.80 	 0.0000 	 0.8413 	 11 	 0 
72.90 	 0.0000 	 0.8415 	 11 	 0 
73.00 	 0.0000 	 0.8416 	 11 	 0 
73.10 	 5.5556 	 0.8415 	 11 	 4 
73.20 	 2.7778 	 0.8418 	 11 	 1 
73.30 	 0.0000 	 0.8419 	 11 	 1 
73.40 	 0.0000 	 0.8421 	 11 	 1 
73.50 	 0.0000 	 0.8425 	 11 	 1 
73.60 	 0.0000 	 0.8423 	 11 	 1 
73.70 	 0.0000 	 0.8419 	 11 	 3 
73.80 	 0.0000 	 0.8418 	 11 	 0 
73.90 	 0.0000 	 0.8423 	 11 	 0 
74.00 	 0.0000 	 0.8413 	 11 	 0 
74.10 	 0.0000 	 0.8413 	 11 	 0 
74.20 	 0.0000 	 0.8410 	 11 	 0 
74.30 	 5.5556 	 0.8409 	 12 	 4 
74.40 	 2.7778 	 0.8413 	 12 	 1 
74.50 	 0.0000 	 0.8412 	 12 	 1 
74.60 	 0.0000 	 0.8412 	 12 	 1 
74.70 	 0.0000 	 0.8414 	 12 	 1 
74.80 	 0.0000 	 0.8413 	 12 	 1 
74.90 	 0.0000 	 0.8414 	 12 	 3 
75.00 	 0.0000 	 0.8414 	 12 	 0 
75.10 	 0.0000 	 0.8420 	 12 	 0 
75.20 	 0.0000 	 0.8407 	 12 	 0 
75.30 	 0.0000 	 0.8405 	 12 	 0 
75.40 	 0.0000 	 0.8401 	 12 	 0 
75.50 	 5.5556 	 0.8400 	 12 	 4 
75.60 	 2.7778 	 0.8388 	 12 	 1 
75.70 	 0.0000 	 0.8397 	 12 	 1 
75.80 	 0.0000 	 0.8397 	 12 	 1 
75.90 	 0.0000 	 0.8400 	 12 	 1 
76.00 	 0.0000 	 0.8408 	 12 	 1 
76.10 	 0.0000 	 0.8404 	 12 	 3 
76.20 	 0.0000 	 0.8404 	 12 	 0 
76.30 	 0.0000 	 0.8404 	 12 	 0 
76.40 	 0.0000 	 0.8403 	 12 	 0 
76.50 	 0.0000 	 0.8410 	 12 	 0 
76.60 	 0.0000 	 0.8408 	 12 	 0 
76.70 	 5.5556 	 0.8415 	 12 	 4 
76.80 	 2.7778 	 0.8413 	 12 	 1 
76.90 	 0.0000 	 0.8405 	 12 	 1 
77.00 	 0.0000 	 0.8406 	 12 	 1 
77.10 	 0.0000 	 0.8396 	 12 	 1 
77.20 	 0.0000 	 0.8393 	 13 	 1 
77.30 	 0.0000 	 0.8401 	 13 	 3 
77.40 	 0.0000 	 0.8399 	 13 	 0 
77.50 	 0.0000 	 0.8392 	 13 	 0 
77.60 	 0.0000 	 0.8396 	 13 	 0 
77.70 	 0.0000 	 0.8394 	 13 	 0 
77.80 	 0.0000 	 0.8395 	 13 	 0 
77.90 	 5.5556 	 0.8394 	 13 	 4 
78.00 	 2.7778 	 0.8392 	 13 	 1 
78.10 	 0.0000 	 0.8401 	 13 	 1 
78.20 	 0.0000 	 0.8394 	 13 	 1 
78.30 	 0.0000 	 0.8402 	 13 	 1 
78.40 	 0.0000 	 0.8402 	 13 	 1 
78.50 	 0.0000 	 0.8392 	 13 	 3 
78.60 	 0.0000 	 0.8386 	 13 	 0 
78.70 	 0.0000 	 0.8387 	 13 	 0 
78.80 	 0.0000 	 0.8387 	 13 	 0 
78.90 	 0.0000 	 0.8387 	 13 	 0 
79.00 	 0.0000 	 0.8390 	 13 	 0 
79.10 	 5.5556 	 0.8387 	 13 	 2 
79.20 	 2.7778 	 0.8390 	 13 	 1 
79.30 	 0.0000 	 0.8385 	 13 	 1 
79.40 	 0.0000 	 0.8388 	 13 	 1 
79.50 	 0.0000 	 0.8395 	 13 	 1 
79.60 	 0.0000 	 0.8399 	 13 	 1 
79.70 	 0.0000 	 0.8393 	 13 	 3 
79.80 	 0.0000 	 0.8388 	 13 	 0 
79.90 	 0.0000 	 0.8384 	 13 	 0 
80.00 	 0.0000 	 0.8384 	 13 	 0 
80.10 	 0.0000 	 0.8387 	 14 	 0 
80.20 	 0.0000 	 0.8390 	 14 	 0 
80.30 	 5.5556 	 0.8385 	 14 	 2 
80.40 	 2.7778 	 0.8386 	 14 	 1 
80.50 	 0.0000 	 0.8381 	 14 	 1 
80.60 	 0.0000 	 0.8381 	 14 	 1 
80.70 	 0.0000 	 0.8381 	 14 	 1 
80.80 	 0.0000 	 0.8388 	 14 	 1 
80.90 	 0.0000 	 0.8383 	 14 	 3 
81.00 	 0.0000 	 0.8375 	 14 	 0 
81.10 	 0.0000 	 0.8371 	 14 	 0 
81.20 	 0.0000 	 0.8367 	 14 	 0 
81.30 	 0.0000 	 0.8375 	 14 	 0 
81.40 	 0.0000 	 0.8385 	 14 	 0 
81.50 	 5.5556 	 0.8377 	 14 	 2 
81.60 	 2.7778 	 0.8382 	 14 	 1 
81.70 	 0.0000 	 0.8378 	 14 	 1 
81.80 	 0.0000 	 0.8385 	 14 	 1 
81.90 	 0.0000 	 0.8386 	 14 	 1 
82.00 	 0.0000 	 0.8385 	 14 	 1 
82.10 	 0.0000 	 0.8389 	 14 	 3 
82.20 	 0.0000 	 0.8392 	 14 	 0 
82.30 	 0.0000 	 0.8381 	 14 	 0 
82.40 	 0.0000 	 0.8376 	 14 	 0 
82.50 	 0.0000 	 0.8379 	 14 	 0 
82.60 	 0.0000 	 0.8374 	 14 	 0 
82.70 	 5.5556 	 0.8379 	 14 	 2 
82.80 	 2.7778 	 0.8366 	 14 	 1 
82.90 	 0.0000 	 0.8372 	 14 	 1 
83.00 	 0.0000 	 0.8380 	 15 	 1 
83.10 	 0.0000 	 0.8374 	 15 	 1 
83.20 	 0.0000 	 0.8374 	 15 	 1 
83.30 	 0.0000 	 0.8370 	 15 	 3 
83.40 	 0.0000 	 0.8362 	 15 	 0 
83.50 	 0.0000 	 0.8360 	 15 	 0 
83.60 	 0.0000 	 0.8354 	 15 	 0 
83.70 	 0.0000 	 0.8364 	 15 	 0 
83.80 	 0.0000 	 0.8374 	 15 	 0 
83.90 	 2.7778 	 0.8376 	 15 	 2 
84.00 	 5.5556 	 0.8372 	 15 	 1 
84.10 	 0.0000 	 0.8375 	 15 	 1 
84.20 	 0.0000 	 0.8368 	 15 	 1 
84.30 	 0.0000 	 0.8371 	 15 	 1 
84.40 	 0.0000 	 0.8381 	 15 	 1 
84.50 	 0.0000 	 0.8374 	 15 	 3 
84.60 	 0.0000 	 0.8376 	 15 	 0 
84.70 	 0.0000 	 0.8383 	 15 	 0 
84.80 	 0.0000 	 0.8382 	 15 	 0 
84.90 	 0.0000 	 0.8383 	 15 	 0 
85.00 	 0.0000 	 0.8378 	 15 	 0 
85.10 	 5.5556 	 0.8368 	 15 	 2 
85.20 	 2.7778 	 0.8365 	 15 	 1 
85.30 	 0.0000 	 0.8366 	 15 	 1 
85.40 	 0.0000 	 0.8376 	 15 	 1 
85.50 	 0.0000 	 0.8384 	 15 	 1 
85.60 	 0.0000 	 0.8382 	 15 	 1 
85.70 	 0.0000 	 0.8379 	 15 	 3 
85.80 	 0.0000 	 0.8362 	 15 	 0 
85.90 	 0.0000 	 0.8362 	 16 	 0 
86.00 	 0.0000 	 0.8357 	 16 	 0 
86.10 	 0.0000 	 0.8357 	 16 	 0 
86.20 	 0.0000 	 0.8379 	 16 	 0 
86.30 	 2.7778 	 0.8387 	 16 	 2 
86.40 	 5.5556 	 0.8376 	 16 	 1 
86.50 	 0.0000 	 0.8372 	 16 	 1 
86.60 	 0.0000 	 0.8365 	 16 	 1 
86.70 	 0.0000 	 0.8363 	 16 	 1 
86.80 	 0.0000 	 0.8376 	 16 	 1 
86.90 	 0.0000 	 0.8377 	 16 	 3 
87.00 	 0.0000 	 0.8377 	 16 	 0 
87.10 	 0.0000 	 0.8383 	 16 	 0 
87.20 	 0.0000 	 0.8377 	 16 	 0 
87.30 	 0.0000 	 0.8374 	 16 	 0 
87.40 	 0.0000 	 0.8372 	 16 	 0 
87.50 	 2.7778 	 0.8361 	 16 	 2 
87.60 	 5.5556 	 0.8358 	 16 	 1 
87.70 	 0.0000 	 0.8358 	 16 	 1 
87.80 	 0.0000 	 0.8368 	 16 	 1 
87.90 	 0.0000 	 0.8374 	 16 	 1 
88.00 	 0.0000 	 0.8375 	 16 	 1 
88.10 	 0.0000 	 0.8365 	 16 	 3 
88.20 	 0.0000 	 0.8360 	 16 	 0 
88.30 	 0.0000 	 0.8356 	 16 	 0 
88.40 	 0.0000 	 0.8356 	 16 	 0 
88.50 	 0.0000 	 0.8363 	 16 	 0 
88.60 	 0.0000 	 0.8367 	 16 	 0 
88.70 	 2.7778 	 0.8366 	 16 	 2 
88.80 	 5.5556 	 0.8368 	 16 	 1 
88.90 	 0.0000 	 0.8366 	 17 	 1 
89.00 	 0.0000 	 0.8365 	 17 	 1 
89.10 	 0.0000 	 0.8367 	 17 	 1 
89.20 	 0.0000 	 0.8361 	 17 	 1 
89.30 	 0.0000 	 0.8365 	 17 	 3 
89.40 	 0.0000 	 0.8361 	 17 	 0 
89.50 	 0.0000 	 0.8353 	 17 	 0 
89.60 	 0.0000 	 0.8350 	 17 	 0 
89.70 	 0.0000 	 0.8358 	 17 	 0 
89.80 	 0.0000 	 0.8371 	 17 	 0 
89.90 	 2.7778 	 0.8370 	 17 	 2 
90.00 	 5.5556 	 0.8372 	 17 	 1 
90.10 	 0.0000 	 0.8371 	 17 	 1 
90.20 	 0.0000 	 0.8366 	 17 	 1 
90.30 	 0.0000 	 0.8358 	 17 	 1 
90.40 	 0.0000 	 0.8362 	 17 	 1 
90.50 	 0.0000 	 0.8361 	 17 	 1 
90.60 	 0.0000 	 0.8355 	 17 	 0 
90.70 	 0.0000 	 0.8357 	 17 	 0 
90.80 	 0.0000 	 0.8353 	 17 	 0 
90.90 	 0.0000 	 0.8369 	 17 	 0 
91.00 	 0.0000 	 0.8363 	 17 	 0 
91.10 	 2.7778 	 0.8352 	 17 	 2 
91.20 	 5.5556 	 0.8350 	 17 	 1 
91.30 	 0.0000 	 0.8347 	 17 	 1 
91.40 	 0.0000 	 0.8356 	 17 	 1 
91.50 	 0.0000 	 0.8360 	 17 	 1 
91.60 	 0.0000 	 0.8360 	 17 	 1 
91.70 	 0.0000 	 0.8364 	 17 	 1 
91.80 	 0.0000 	 0.8358 	 18 	 0 
91.90 	 0.0000 	 0.8362 	 18 	 0 
92.00 	 0.0000 	 0.8360 	 18 	 0 
92.10 	 0.0000 	 0.8374 	 18 	 0 
92.20 	 0.0000 	 0.8370 	 18 	 0 
92.30 	 2.7778 	 0.8369 	 18 	 2 
92.40 	 5.5556 	 0.8369 	 18 	 1 
92.50 	 0.0000 	 0.8360 	 18 	 1 
92.60 	 0.0000 	 0.8345 	 18 	 1 
92.70 	 0.0000 	 0.8358 	 18 	 1 
92.80 	 0.0000 	 0.8362 	 18 	 1 
92.90 	 0.0000 	 0.8363 	 18 	 1 
93.00 	 0.0000 	 0.8359 	 18 	 0 
93.10 	 0.0000 	 0.8364 	 18 	 0 
93.20 	 0.0000 	 0.8362 	 18 	 0 
93.30 	 0.0000 	 0.8363 	 18 	 0 
93.40 	 0.0000 	 0.8365 	 18 	 0 
93.50 	 2.7778 	 0.8358 	 18 	 2 
93.60 	 5.5556 	 0.8350 	 18 	 1 
93.70 	 0.0000 	 0.8347 	 18 	 1 
93.80 	 0.0000 	 0.8348 	 18 	 1 
93.90 	 0.0000 	 0.8364 	 18 	 1 
94.00 	 0.0000 	 0.8365 	 18 	 1 
94.10 	 0.0000 	 0.8367 	 18 	 1 
94.20 	 0.0000 	 0.8361 	 18 	 0 
94.30 	 0.0000 	 0.8363 	 18 	 0 
94.40 	 0.0000 	 0.8353 	 18 	 0 
94.50 	 0.0000 	 0.8357 	 18 	 0 
94.60 	 0.0000 	 0.8354 	 18 	 0 
94.70 	 2.7778 	 0.8351 	 18 	 2 
94.80 	 5.5556 	 0.8355 	 19 	 1 
94.90 	 0.0000 	 0.8350 	 19 	 1 
95.00 	 0.0000 	 0.8357 	 19 	 1 
95.10 	 0.0000 	 0.8354 	 19 	 1 
95.20 	 0.0000 	 0.8360 	 19 	 1 
95.30 	 0.0000 	 0.8361 	 19 	 1 
95.40 	 0.0000 	 0.8358 	 19 	 0 
95.50 	 0.0000 	 0.8355 	 19 	 0 
95.60 	 0.0000 	 0.8355 	 19 	 0 
95.70 	 0.0000 	 0.8362 	 19 	 0 
95.80 	 0.0000 	 0.8351 	 19 	 0 
95.90 	 2.7778 	 0.8353 	 19 	 2 
96.00 	 5.5556 	 0.8355 	 19 	 1 
96.10 	 0.0000 	 0.8352 	 19 	 1 
96.20 	 0.0000 	 0.8359 	 19 	 1 
96.30 	 0.0000 	 0.8368 	 19 	 1 
96.40 	 0.0000 	 0.8366 	 19 	 1 
96.50 	 0.0000 	 0.8358 	 19 	 1 
96.60 	 0.0000 	 0.8352 	 19 	 0 
96.70 	 0.0000 	 0.8360 	 19 	 0 
96.80 	 0.0000 	 0.8361 	 19 	 0 
96.90 	 0.0000 	 0.8367 	 19 	 0 
97.00 	 0.0000 	 0.8370 	 19 	 0 
97.10 	 2.7778 	 0.8363 	 19 	 2 
97.20 	 5.5556 	 0.8354 	 19 	 1 
97.30 	 0.0000 	 0.8358 	 19 	 1 
97.40 	 0.0000 	 0.8353 	 19 	 1 
97.50 	 0.0000 	 0.8358 	 19 	 1 
97.60 	 0.0000 	 0.8358 	 19 	 1 
97.70 	 0.0000 	 0.8362 	 19 	 1 
97.80 	 0.0000 	 0.8360 	 0 	 0 
97.90 	 0.0000 	 0.8357 	 0 	 0 
98.00 	 0.0000 	 0.8356 	 0 	 0 
98.10 	 0.0000 	 0.8357 	 0 	 0 
98.20 	 0.0000 	 0.8363 	 0 	 0 
98.30 	 2.7778 	 0.8357 	 0 	 2 
98.40 	 5.5556 	 0.8357 	 0 	 1 
98.50 	 0.0000 	 0.8362 	 0 	 1 
98.60 	 0.0000 	 0.8358 	 0 	 1 
98.70 	 0.0000 	 0.8363 	 0 	 1 
98.80 	 0.0000 	 0.8369 	 0 	 1 
98.90 	 0.0000 	 0.8364 	 0 	 1 
99.00 	 0.0000 	 0.8356 	 0 	 0 
99.10 	 0.0000 	 0.8351 	 0 	 0 
99.20 	 0.0000 	 0.8355 	 0 	 0 
99.30 	 0.0000 	 0.8360 	 0 	 0 
99.40 	 0.0000 	 0.8356 	 0 	 0 
99.50 	 2.7778 	 0.8352 	 0 	 2 
99.60 	 5.5556 	 0.8350 	 0 	 1 
99.70 	 0.0000 	 0.8353 	 0 	 1 
99.80 	 0.0000 	 0.8357 	 0 	 1 
99.90 	 0.0000 	 0.8365 	 0 	 1 
100.00 	 0.0000 	 0.8368 	 0 	 1 
100.10 	 0.0000 	 0.8362 	 0 	 1 
100.20 	 0.0000 	 0.8357 	 0 	 0 
100.30 	 0.0000 	 0.8356 	 0 	 0 
100.40 	 0.0000 	 0.8357 	 0 	 0 
100.50 	 0.0000 	 0.8365 	 0 	 0 
100.60 	 0.0000 	 0.8360 	 0 	 0 
100.70 	 2.7778 	 0.8351 	 0 	 2 
100.80 	 5.5556 	 0.8344 	 1 	 1 
100.90 	 0.0000 	 0.8340 	 1 	 1 
101.00 	 0.0000 	 0.8348 	 1 	 1 
101.10 	 0.0000 	 0.8366 	 1 	 1 
101.20 	 0.0000 	 0.8367 	 1 	 1 
101.30 	 0.0000 	 0.8361 	 1 	 1 
101.40 	 0.0000 	 0.8356 	 1 	 0 
101.50 	 0.0000 	 0.8347 	 1 	 0 
101.60 	 0.0000 	 0.8362 	 1 	 0 
101.70 	 0.0000 	 0.8364 	 1 	 0 
101.80 	 0.0000 	 0.8359 	 1 	 0 
101.90 	 2.7778 	 0.8350 	 1 	 2 
102.00 	 5.5556 	 0.8340 	 1 	 1 
102.10 	 0.0000 	 0.8338 	 1 	 1 
102.20 	 0.0000 	 0.8347 	 1 	 1 
102.30 	 0.0000 	 0.8360 	 1 	 1 
102.40 	 0.0000 	 0.8365 	 1 	 1 
102.50 	 0.0000 	 0.8356 	 1 	 1 
102.60 	 0.0000 	 0.8349 	 1 	 0 
102.70 	 0.0000 	 0.8339 	 1 	 0 
102.80 	 0.0000 	 0.8348 	 1 	 0 
102.90 	 0.0000 	 0.8369 	 1 	 0 
103.00 	 0.0000 	 0.8359 	 1 	 0 
103.10 	 2.7778 	 0.8357 	 1 	 2 
103.20 	 5.5556 	 0.8359 	 1 	 1 
103.30 	 0.0000 	 0.8357 	 1 	 1 
103.40 	 0.0000 	 0.8347 	 1 	 1 
103.50 	 0.0000 	 0.8349 	 1 	 1 
103.60 	 0.0000 	 0.8352 	 1 	 1 
103.70 	 0.0000 	 0.8348 	 1 	 1 
103.80 	 0.0000 	 0.8348 	 1 	 0 
103.90 	 0.0000 	 0.8354 	 2 	 0 
104.00 	 0.0000 	 0.8367 	 2 	 0 
104.10 	 0.0000 	 0.8363 	 2 	 0 
104.20 	 0.0000 	 0.8364 	 2 	 0 
104.30 	 2.7778 	 0.8363 	 2 	 2 
104.40 	 5.5556 	 0.8357 	 2 	 1 
104.50 	 0.0000 	 0.8356 	 2 	 1 
104.60 	 0.0000 	 0.8353 	 2 	 1 
104.70 	 0.0000 	 0.8364 	 2 	 1 
104.80 	 0.0000 	 0.8360 	 2 	 1 
104.90 	 0.0000 	 0.8358 	 2 	 1 
105.00 	 0.0000 	 0.8354 	 2 	 0 
105.10 	 0.0000 	 0.8350 	 2 	 0 
105.20 	 0.0000 	 0.8356 	 2 	 0 
105.30 	 0.0000 	 0.8364 	 2 	 0 
105.40 	 0.0000 	 0.8362 	 2 	 0 
105.50 	 0.0000 	 0.8360 	 2 	 0 
105.60 	 8.3333 	 0.8352 	 2 	 1 
105.70 	 0.0000 	 0.8348 	 2 	 1 
105.80 	 0.0000 	 0.8347 	 2 	 1 
105.90 	 0.0000 	 0.8364 	 2 	 1 
106.00 	 0.0000 	 0.8361 	 2 	 1 
106.10 	 0.0000 	 0.8357 	 2 	 1 
106.20 	 0.0000 	 0.8361 	 2 	 0 
106.30 	 0.0000 	 0.8354 	 2 	 0 
106.40 	 0.0000 	 0.8361 	 2 	 0 
106.50 	 0.0000 	 0.8362 	 2 	 0 
106.60 	 0.0000 	 0.8362 	 2 	 0 
106.70 	 0.0000 	 0.8363 	 2 	 0 
106.80 	 8.3333 	 0.8360 	 2 	 1 
106.90 	 0.0000 	 0.8359 	 3 	 1 
107.00 	 0.0000 	 0.8365 	 3 	 1 
107.10 	 0.0000 	 0.8368 	 3 	 1 
107.20 	 0.0000 	 0.8361 	 3 	 1 
107.30 	 0.0000 	 0.8350 	 3 	 1 
107.40 	 0.0000 	 0.8351 	 3 	 0 
107.50 	 0.0000 	 0.8349 	 3 	 0 
107.60 	 0.0000 	 0.8357 	 3 	 0 
107.70 	 0.0000 	 0.8367 	 3 	 0 
107.80 	 0.0000 	 0.8364 	 3 	 0 
107.90 	 0.0000 	 0.8352 	 3 	 0 
108.00 	 8.3333 	 0.8348 	 3 	 1 
108.10 	 0.0000 	 0.8341 	 3 	 1 
108.20 	 0.0000 	 0.8343 	 3 	 1 
108.30 	 0.0000 	 0.8361 	 3 	 1 
108.40 	 0.0000 	 0.8359 	 3 	 1 
108.50 	 0.0000 	 0.8357 	 3 	 1 
108.60 	 0.0000 	 0.8348 	 3 	 0 
108.70 	 0.0000 	 0.8340 	 3 	 0 
108.80 	 0.0000 	 0.8348 	 3 	 0 
108.90 	 0.0000 	 0.8367 	 3 	 0 
109.00 	 0.0000 	 0.8365 	 3 	 0 
109.10 	 0.0000 	 0.8367 	 3 	 0 
109.20 	 8.3333 	 0.8356 	 3 	 1 
109.30 	 0.0000 	 0.8352 	 3 	 1 
109.40 	 0.0000 	 0.8356 	 3 	 1 
109.50 	 0.0000 	 0.8365 	 3 	 1 
109.60 	 0.0000 	 0.8368 	 3 	 1 
109.70 	 0.0000 	 0.8363 	 3 	 1 
109.80 	 0.0000 	 0.8356 	 3 	 0 
109.90 	 0.0000 	 0.8348 	 4 	 0 
110.00 	 0.0000 	 0.8357 	 4 	 0 
110.10 	 0.0000 	 0.8355 	 4 	 0 
110.20 	 0.0000 	 0.8359 	 4 	 0 
110.30 	 0.0000 	 0.8361 	 4 	 0 
110.40 	 8.3333 	 0.8356 	 4 	 1 
110.50 	 0.0000 	 0.8355 	 4 	 1 
110.60 	 0.0000 	 0.8362 	 4 	 1 
110.70 	 0.0000 	 0.8359 	 4 	 1 
110.80 	 0.0000 	 0.8351 	 4 	 1 
110.90 	 0.0000 	 0.8350 	 4 	 1 
111.00 	 0.0000 	 0.8348 	 4 	 0 
111.10 	 0.0000 	 0.8343 	 4 	 0 
111.20 	 0.0000 	 0.8357 	 4 	 0 
111.30 	 0.0000 	 0.8365 	 4 	 0 
111.40 	 0.0000 	 0.8355 	 4 	 0 
111.50 	 0.0000 	 0.8351 	 4 	 0 
111.60 	 8.3333 	 0.8345 	 4 	 1 
111.70 	 0.0000 	 0.8352 	 4 	 1 
111.80 	 0.0000 	 0.8363 	 4 	 1 
111.90 	 0.0000 	 0.8366 	 4 	 1 
112.00 	 0.0000 	 0.8369 	 4 	 1 
112.10 	 0.0000 	 0.8359 	 4 	 1 
112.20 	 0.0000 	 0.8357 	 4 	 0 
112.30 	 0.0000 	 0.8350 	 4 	 0 
112.40 	 0.0000 	 0.8354 	 4 	 0 
112.50 	 0.0000 	 0.8366 	 4 	 0 
112.60 	 0.0000 	 0.8364 	 4 	 0 
112.70 	 0.0000 	 0.8363 	 4 	 0 
112.80 	 8.3333 	 0.8347 	 4 	 1 
112.90 	 0.0000 	 0.8347 	 5 	 1 
113.00 	 0.0000 	 0.8360 	 5 	 1 
113.10 	 0.0000 	 0.8371 	 5 	 1 
113.20 	 0.0000 	 0.8368 	 5 	 1 
113.30 	 0.0000 	 0.8362 	 5 	 1 
113.40 	 0.0000 	 0.8351 	 5 	 0 
113.50 	 0.0000 	 0.8346 	 5 	 0 
113.60 	 0.0000 	 0.8352 	 5 	 0 
113.70 	 0.0000 	 0.8353 	 5 	 0 
113.80 	 0.0000 	 0.8358 	 5 	 0 
113.90 	 0.0000 	 0.8350 	 5 	 0 
114.00 	 8.3333 	 0.8342 	 5 	 1 
114.10 	 0.0000 	 0.8353 	 5 	 1 
114.20 	 0.0000 	 0.8358 	 5 	 1 
114.30 	 0.0000 	 0.8363 	 5 	 1 
114.40 	 0.0000 	 0.8362 	 5 	 1 
114.50 	 0.0000 	 0.8348 	 5 	 1 
114.60 	 0.0000 	 0.8342 	 5 	 0 
114.70 	 0.0000 	 0.8346 	 5 	 0 
114.80 	 0.0000 	 0.8355 	 5 	 0 
114.90 	 0.0000 	 0.8362 	 5 	 0 
115.00 	 0.0000 	 0.8366 	 5 	 0 
115.10 	 0.0000 	 0.8365 	 5 	 0 
115.20 	 8.3333 	 0.8360 	 5 	 1 
115.30 	 0.0000 	 0.8354 	 5 	 1 
115.40 	 0.0000 	 0.8364 	 5 	 1 
115.50 	 0.0000 	 0.8367 	 5 	 1 
115.60 	 0.0000 	 0.8368 	 5 	 1 
115.70 	 0.0000 	 0.8366 	 5 	 1 
115.80 	 0.0000 	 0.8353 	 5 	 0 
115.90 	 0.0000 	 0.8351 	 5 	 0 
116.00 	 0.0000 	 0.8354 	 6 	 0 
116.10 	 0.0000 	 0.8364 	 6 	 0 
116.20 	 0.0000 	 0.8360 	 6 	 0 
116.30 	 0.0000 	 0.8357 	 6 	 0 
116.40 	 8.3333 	 0.8353 	 6 	 1 
116.50 	 0.0000 	 0.8354 	 6 	 1 
116.60 	 0.0000 	 0.8368 	 6 	 1 
116.70 	 0.0000 	 0.8366 	 6 	 1 
116.80 	 0.0000 	 0.8367 	 6 	 1 
116.90 	 0.0000 	 0.8362 	 6 	 1 
117.00 	 0.0000 	 0.8352 	 6 	 0 
117.10 	 0.0000 	 0.8355 	 6 	 0 
117.20 	 0.0000 	 0.8366 	 6 	 0 
117.30 	 0.0000 	 0.8365 	 6 	 0 
117.40 	 0.0000 	 0.8361 	 6 	 0 
117.50 	 0.0000 	 0.8352 	 6 	 0 
117.60 	 8.3333 	 0.8346 	 6 	 1 
117.70 	 0.0000 	 0.8346 	 6 	 1 
117.80 	 0.0000 	 0.8348 	 6 	 1 
117.90 	 0.0000 	 0.8366 	 6 	 1 
118.00 	 0.0000 	 0.8364 	 6 	 1 
118.10 	 0.0000 	 0.8357 	 6 	 1 
118.20 	 0.0000 	 0.8353 	 6 	 0 
118.30 	 0.0000 	 0.8342 	 6 	 0 
118.40 	 0.0000 	 0.8349 	 6 	 0 
118.50 	 0.0000 	 0.8344 	 6 	 0 
118.60 	 0.0000 	 0.8345 	 6 	 0 
118.70 	 0.0000 	 0.8351 	 6 	 0 
118.80 	 8.3333 	 0.8345 	 6 	 1 
118.90 	 0.0000 	 0.8361 	 7 	 1 
119.00 	 0.0000 	 0.8379 	 7 	 1 
119.10 	 0.0000 	 0.8368 	 7 	 1 
119.20 	 0.0000 	 0.8362 	 7 	 1 
119.30 	 0.0000 	 0.8352 	 7 	 1 
119.40 	 0.0000 	 0.8351 	 7 	 0 
119.50 	 0.0000 	 0.8352 	 7 	 0 
119.60 	 0.0000 	 0.8368 	 7 	 0 
119.70 	 0.0000 	 0.8366 	 7 	 0 
119.80 	 0.0000 	 0.8356 	 7 	 0 
119.90 	 0.0000 	 0.8349 	 7 	 0 
120.00 	 8.3333 	 0.8335 	 7 	 1 
120.10 	 0.0000 	 0.8341 	 7 	 1 
120.20 	 0.0000 	 0.8358 	 7 	 1 
120.30 	 0.0000 	 0.8363 	 7 	 1 
120.40 	 0.0000 	 0.8361 	 7 	 1 
120.50 	 0.0000 	 0.8352 	 7 	 1 
120.60 	 0.0000 	 0.8346 	 7 	 0 
120.70 	 0.0000 	 0.8350 	 7 	 0 
120.80 	 0.0000 	 0.8358 	 7 	 0 
120.90 	 0.0000 	 0.8354 	 7 	 0 
121.00 	 0.0000 	 0.8360 	 7 	 0 
121.10 	 0.0000 	 0.8360 	 7 	 0 
121.20 	 8.3333 	 0.8357 	 7 	 1 
121.30 	 0.0000 	 0.8359 	 7 	 1 
121.40 	 0.0000 	 0.8374 	 7 	 1 
121.50 	 0.0000 	 0.8373 	 7 	 1 
121.60 	 0.0000 	 0.8365 	 7 	 1 
121.70 	 0.0000 	 0.8361 	 7 	 1 
121.80 	 0.0000 	 0.8350 	 7 	 0 
121.90 	 0.0000 	 0.8342 	 8 	 0 
122.00 	 0.0000 	 0.8360 	 8 	 0 
122.10 	 0.0000 	 0.8364 	 8 	 0 
122.20 	 0.0000 	 0.8362 	 8 	 0 
122.30 	 0.0000 	 0.8362 	 8 	 0 
122.40 	 8.3333 	 0.8347 	 8 	 1 
122.50 	 0.0000 	 0.8350 	 8 	 1 
122.60 	 0.0000 	 0.8359 	 8 	 1 
122.70 	 0.0000 	 0.8363 	 8 	 1 
122.80 	 0.0000 	 0.8362 	 8 	 1 
122.90 	 0.0000 	 0.8361 	 8 	 1 
123.00 	 0.0000 	 0.8354 	 8 	 0 
123.10 	 0.0000 	 0.8352 	 8 	 0 
123.20 	 0.0000 	 0.8356 	 8 	 0 
123.30 	 0.0000 	 0.8356 	 8 	 0 
123.40 	 0.0000 	 0.8355 	 8 	 0 
123.50 	 0.0000 	 0.8350 	 8 	 0 
123.60 	 8.3333 	 0.8349 	 8 	 1 
123.70 	 0.0000 	 0.8349 	 8 	 1 
123.80 	 0.0000 	 0.8363 	 8 	 1 
123.90 	 0.0000 	 0.8356 	 8 	 1 
124.00 	 0.0000 	 0.8353 	 8 	 1 
124.10 	 0.0000 	 0.8355 	 8 	 1 
124.20 	 0.0000 	 0.8359 	 8 	 0 
124.30 	 0.0000 	 0.8351 	 8 	 0 
124.40 	 0.0000 	 0.8358 	 8 	 0 
124.50 	 0.0000 	 0.8353 	 8 	 0 
124.60 	 0.0000 	 0.8346 	 8 	 0 
124.70 	 0.0000 	 0.8350 	 8 	 0 
124.80 	 8.3333 	 0.8351 	 8 	 1 
124.90 	 0.0000 	 0.8357 	 9 	 1 
125.00 	 0.0000 	 0.8365 	 9 	 1 
125.10 	 0.0000 	 0.8365 	 9 	 1 
125.20 	 0.0000 	 0.8362 	 9 	 1 
125.30 	 0.0000 	 0.8359 	 9 	 1 
125.40 	 0.0000 	 0.8342 	 9 	 0 
125.50 	 0.0000 	 0.8349 	 9 	 0 
125.60 	 0.0000 	 0.8367 	 9 	 0 
125.70 	 0.0000 	 0.8365 	 9 	 0 
125.80 	 0.0000 	 0.8362 	 9 	 0 
125.90 	 0.0000 	 0.8357 	 9 	 0 
126.00 	 8.3333 	 0.8353 	 9 	 1 
126.10 	 0.0000 	 0.8349 	 9 	 1 
126.20 	 0.0000 	 0.8349 	 9 	 1 
126.30 	 0.0000 	 0.8347 	 9 	 1 
126.40 	 0.0000 	 0.8356 	 9 	 1 
126.50 	 0.0000 	 0.8352 	 9 	 1 
126.60 	 0.0000 	 0.8351 	 9 	 0 
126.70 	 0.0000 	 0.8353 	 9 	 0 
126.80 	 0.0000 	 0.8361 	 9 	 0 
126.90 	 0.0000 	 0.8354 	 9 	 0 
127.00 	 0.0000 	 0.8346 	 9 	 0 
127.10 	 0.0000 	 0.8339 	 9 	 0 
127.20 	 8.3333 	 0.8341 	 9 	 1 
127.30 	 0.0000 	 0.8346 	 9 	 1 
127.40 	 0.0000 	 0.8360 	 9 	 1 
127.50 	 0.0000 	 0.8358 	 9 	 1 
127.60 	 0.0000 	 0.8356 	 9 	 1 
127.70 	 0.0000 	 0.8355 	 9 	 1 
127.80 	 0.0000 	 0.8353 	 9 	 0 
127.90 	 0.0000 	 0.8356 	 10 	 0 
128.00 	 0.0000 	 0.8355 	 10 	 0 
128.10 	 0.0000 	 0.8349 	 10 	 0 
128.20 	 0.0000 	 0.8348 	 10 	 0 
128.30 	 0.0000 	 0.8344 	 10 	 0 
128.40 	 8.3333 	 0.8349 	 10 	 1 
128.50 	 0.0000 	 0.8357 	 10 	 1 
128.60 	 0.0000 	 0.8367 	 10 	 1 
128.70 	 0.0000 	 0.8363 	 10 	 1 
128.80 	 0.0000 	 0.8369 	 10 	 1 
128.90 	 0.0000 	 0.8363 	 10 	 1 
129.00 	 0.0000 	 0.8357 	 10 	 0 
129.10 	 0.0000 	 0.8363 	 10 	 0 
129.20 	 0.0000 	 0.8352 	 10 	 0 
129.30 	 0.0000 	 0.8352 	 10 	 0 
129.40 	 0.0000 	 0.8354 	 10 	 0 
129.50 	 0.0000 	 0.8343 	 10 	 0 
129.60 	 8.3333 	 0.8343 	 10 	 1 
129.70 	 0.0000 	 0.8350 	 10 	 1 
129.80 	 0.0000 	 0.8369 	 10 	 1 
129.90 	 0.0000 	 0.8367 	 10 	 1 
130.00 	 0.0000 	 0.8360 	 10 	 1 
130.10 	 0.0000 	 0.8358 	 10 	 1 
130.20 	 0.0000 	 0.8338 	 10 	 0 
130.30 	 0.0000 	 0.8335 	 10 	 0 
130.40 	 0.0000 	 0.8351 	 10 	 0 
130.50 	 0.0000 	 0.8350 	 10 	 0 
130.60 	 0.0000 	 0.8356 	 10 	 0 
130.70 	 0.0000 	 0.8350 	 10 	 0 
130.80 	 8.3333 	 0.8352 	 11 	 1 
130.90 	 0.0000 	 0.8362 	 11 	 1 
131.00 	 0.0000 	 0.8367 	 11 	 1 
131.10 	 0.0000 	 0.8365 	 11 	 1 
131.20 	 0.0000 	 0.8358 	 11 	 1 
131.30 	 0.0000 	 0.8354 	 11 	 1 
131.40 	 0.0000 	 0.8354 	 11 	 0 
131.50 	 0.0000 	 0.8353 	 11 	 0 
131.60 	 0.0000 	 0.8355 	 11 	 0 
131.70 	 0.0000 	 0.8353 	 11 	 0 
131.80 	 0.0000 	 0.8347 	 11 	 0 
131.90 	 0.0000 	 0.8339 	 11 	 0 
132.00 	 8.3333 	 0.8352 	 11 	 1 
132.10 	 0.0000 	 0.8356 	 11 	 1 
132.20 	 0.0000 	 0.8373 	 11 	 1 
132.30 	 0.0000 	 0.8367 	 11 	 1 
132.40 	 0.0000 	 0.8357 	 11 	 1 
132.50 	 0.0000 	 0.8349 	 11 	 1 
132.60 	 0.0000 	 0.8340 	 11 	 0 
132.70 	 0.0000 	 0.8346 	 11 	 0 
132.80 	 0.0000 	 0.8352 	 11 	 0 
132.90 	 0.0000 	 0.8354 	 11 	 0 
133.00 	 0.0000 	 0.8354 	 11 	 0 
133.10 	 0.0000 	 0.8353 	 11 	 0 
133.20 	 8.3333 	 0.8353 	 11 	 1 
133.30 	 0.0000 	 0.8355 	 11 	 1 
133.40 	 0.0000 	 0.8358 	 11 	 1 
133.50 	 0.0000 	 0.8354 	 11 	 1 
133.60 	 0.0000 	 0.8353 	 11 	 1 
133.70 	 0.0000 	 0.8348 	 11 	 1 
133.80 	 0.0000 	 0.8348 	 12 	 0 
133.90 	 0.0000 	 0.8354 	 12 	 0 
134.00 	 0.0000 	 0.8356 	 12 	 0 
134.10 	 0.0000 	 0.8348 	 12 	 0 
134.20 	 0.0000 	 0.8349 	 12 	 0 
134.30 	 0.0000 	 0.8343 	 12 	 0 
134.40 	 8.3333 	 0.8348 	 12 	 1 
134.50 	 0.0000 	 0.8361 	 12 	 1 
134.60 	 0.0000 	 0.8362 	 12 	 1 
134.70 	 0.0000 	 0.8369 	 12 	 1 
134.80 	 0.0000 	 0.8357 	 12 	 1 
134.90 	 0.0000 	 0.8349 	 12 	 1 
135.00 	 0.0000 	 0.8344 	 12 	 0 
135.10 	 0.0000 	 0.8346 	 12 	 0 
135.20 	 0.0000 	 0.8351 	 12 	 0 
135.30 	 0.0000 	 0.8357 	 12 	 0 
135.40 	 0.0000 	 0.8354 	 12 	 0 
135.50 	 0.0000 	 0.8352 	 12 	 0 
135.60 	 8.3333 	 0.8351 	 12 	 1 
135.70 	 0.0000 	 0.8358 	 12 	 1 
135.80 	 0.0000 	 0.8363 	 12 	 1 
135.90 	 0.0000 	 0.8362 	 12 	 1 
136.00 	 0.0000 	 0.8359 	 12 	 1 
136.10 	 0.0000 	 0.8354 	 12 	 1 
136.20 	 0.0000 	 0.8351 	 12 	 0 
136.30 	 0.0000 	 0.8356 	 12 	 0 
136.40 	 0.0000 	 0.8355 	 12 	 0 
136.50 	 0.0000 	 0.8360 	 12 	 0 
136.60 	 0.0000 	 0.8357 	 12 	 0 
136.70 	 0.0000 	 0.8348 	 12 	 0 
136.80 	 8.3333 	 0.8337 	 13 	 1 
136.90 	 0.0000 	 0.8340 	 13 	 1 
137.00 	 0.0000 	 0.8362 	 13 	 1 
137.10 	 0.0000 	 0.8361 	 13 	 1 
137.20 	 0.0000 	 0.8361 	 13 	 1 
137.30 	 0.0000 	 0.8356 	 13 	 1 
137.40 	 0.0000 	 0.8350 	 13 	 0 
137.50 	 0.0000 	 0.8351 	 13 	 0 
137.60 	 0.0000 	 0.8365 	 13 	 0 
137.70 	 0.0000 	 0.8357 	 13 	 0 
137.80 	 0.0000 	 0.8348 	 13 	 0 
137.90 	 0.0000 	 0.8344 	 13 	 0 
138.00 	 8.3333 	 0.8342 	 13 	 1 
138.10 	 0.0000 	 0.8353 	 13 	 1 
138.20 	 0.0000 	 0.8365 	 13 	 1 
138.30 	 0.0000 	 0.8376 	 13 	 1 
138.40 	 0.0000 	 0.8366 	 13 	 1 
138.50 	 0.0000 	 0.8354 	 13 	 1 
138.60 	 0.0000 	 0.8352 	 13 	 0 
138.70 	 0.0000 	 0.8350 	 13 	 0 
138.80 	 0.0000 	 0.8357 	 13 	 0 
138.90 	 0.0000 	 0.8354 	 13 	 0 
139.00 	 0.0000 	 0.8350 	 13 	 0 
139.10 	 0.0000 	 0.8344 	 13 	 0 
139.20 	 8.3333 	 0.8343 	 13 	 1 
139.30 	 0.0000 	 0.8352 	 13 	 1 
139.40 	 0.0000 	 0.8358 	 13 	 1 
139.50 	 0.0000 	 0.8354 	 13 	 1 
139.60 	 0.0000 	 0.8351 	 13 	 1 
139.70 	 0.0000 	 0.8344 	 13 	 1 
139.80 	 0.0000 	 0.8344 	 14 	 0 
139.90 	 0.0000 	 0.8353 	 14 	 0 
140.00 	 0.0000 	 0.8365 	 14 	 0 
140.10 	 0.0000 	 0.8363 	 14 	 0 
140.20 	 0.0000 	 0.8359 	 14 	 0 
140.30 	 0.0000 	 0.8357 	 14 	 0 
140.40 	 8.3333 	 0.8355 	 14 	 1 
140.50 	 0.0000 	 0.8354 	 14 	 1 
140.60 	 0.0000 	 0.8353 	 14 	 1 
140.70 	 0.0000 	 0.8359 	 14 	 1 
140.80 	 0.0000 	 0.8356 	 14 	 1 
140.90 	 0.0000 	 0.8356 	 14 	 1 
141.00 	 0.0000 	 0.8359 	 14 	 0 
141.10 	 0.0000 	 0.8360 	 14 	 0 
141.20 	 0.0000 	 0.8356 	 14 	 0 
141.30 	 0.0000 	 0.8350 	 14 	 0 
141.40 	 0.0000 	 0.8352 	 14 	 0 
141.50 	 0.0000 	 0.8351 	 14 	 0 
141.60 	 8.3333 	 0.8349 	 14 	 1 
141.70 	 0.0000 	 0.8359 	 14 	 1 
141.80 	 0.0000 	 0.8351 	 14 	 1 
141.90 	 0.0000 	 0.8348 	 14 	 1 
142.00 	 0.0000 	 0.8355 	 14 	 1 
142.10 	 0.0000 	 0.8351 	 14 	 1 
142.20 	 0.0000 	 0.8349 	 14 	 0 
142.30 	 0.0000 	 0.8362 	 14 	 0 
142.40 	 0.0000 	 0.8371 	 14 	 0 
142.50 	 0.0000 	 0.8372 	 14 	 0 
142.60 	 0.0000 	 0.8361 	 14 	 0 
142.70 	 0.0000 	 0.8359 	 14 	 0 
142.80 	 8.3333 	 0.8353 	 15 	 1 
142.90 	 0.0000 	 0.8362 	 15 	 1 
143.00 	 0.0000 	 0.8366 	 15 	 1 
143.10 	 0.0000 	 0.8357 	 15 	 1 
143.20 	 0.0000 	 0.8358 	 15 	 1 
143.30 	 0.0000 	 0.8349 	 15 	 1 
143.40 	 0.0000 	 0.8349 	 15 	 0 
143.50 	 0.0000 	 0.8346 	 15 	 0 
143.60 	 0.0000 	 0.8352 	 15 	 0 
143.70 	 0.0000 	 0.8358 	 15 	 0 
143.80 	 0.0000 	 0.8356 	 15 	 0 
143.90 	 0.0000 	 0.8351 	 15 	 0 
144.00 	 8.3333 	 0.8344 	 15 	 1 
144.10 	 0.0000 	 0.8353 	 15 	 1 
144.20 	 0.0000 	 0.8355 	 15 	 1 
144.30 	 0.0000 	 0.8362 	 15 	 1 
144.40 	 0.0000 	 0.8362 	 15 	 1 
144.50 	 0.0000 	 0.8353 	 15 	 1 
144.60 	 0.0000 	 0.8347 	 15 	 0 
144.70 	 0.0000 	 0.8365 	 15 	 0 
144.80 	 0.0000 	 0.8367 	 15 	 0 
144.90 	 0.0000 	 0.8369 	 15 	 0 
145.00 	 0.0000 	 0.8357 	 15 	 0 
145.10 	 0.0000 	 0.8348 	 15 	 0 
145.20 	 8.3333 	 0.8345 	 15 	 1 
145.30 	 0.0000 	 0.8367 	 15 	 1 
145.40 	 0.0000 	 0.8373 	 15 	 1 
145.50 	 0.0000 	 0.8371 	 15 	 1 
145.60 	 0.0000 	 0.8362 	 15 	 1 
145.70 	 0.0000 	 0.8351 	 16 	 1 
145.80 	 0.0000 	 0.8342 	 16 	 0 
145.90 	 0.0000 	 0.8359 	 16 	 0 
146.00 	 0.0000 	 0.8361 	 16 	 0 
146.10 	 0.0000 	 0.8362 	 16 	 0 
146.20 	 0.0000 	 0.8363 	 16 	 0 
146.30 	 0.0000 	 0.8351 	 16 	 0 
146.40 	 8.3333 	 0.8343 	 16 	 1 
146.50 	 0.0000 	 0.8351 	 16 	 1 
146.60 	 0.0000 	 0.8357 	 16 	 1 
146.70 	 0.0000 	 0.8359 	 16 	 1 
146.80 	 0.0000 	 0.8354 	 16 	 1 
146.90 	 0.0000 	 0.8345 	 16 	 1 
147.00 	 0.0000 	 0.8351 	 16 	 0 
147.10 	 0.0000 	 0.8363 	 16 	 0 
147.20 	 0.0000 	 0.8356 	 16 	 0 
147.30 	 0.0000 	 0.8359 	 16 	 0 
147.40 	 0.0000 	 0.8353 	 16 	 0 
147.50 	 0.0000 	 0.8351 	 16 	 0 
147.60 	 8.3333 	 0.8360 	 16 	 1 
147.70 	 0.0000 	 0.8368 	 16 	 1 
147.80 	 0.0000 	 0.8357 	 16 	 1 
147.90 	 0.0000 	 0.8364 	 16 	 1 
148.00 	 0.0000 	 0.8356 	 16 	 1 
148.10 	 0.0000 	 0.8345 	 16 	 1 
148.20 	 0.0000 	 0.8349 	 16 	 0 
148.30 	 0.0000 	 0.8365 	 16 	 0 
148.40 	 0.0000 	 0.8368 	 16 	 0 
148.50 	 0.0000 	 0.8361 	 16 	 0 
148.60 	 0.0000 	 0.8360 	 16 	 0 
148.70 	 0.0000 	 0.8360 	 17 	 0 
148.80 	 8.3333 	 0.8352 	 17 	 1 
148.90 	 0.0000 	 0.8363 	 17 	 1 
149.00 	 0.0000 	 0.8367 	 17 	 1 
149.10 	 0.0000 	 0.8366 	 17 	 1 
149.20 	 0.0000 	 0.8359 	 17 	 1 
149.30 	 0.0000 	 0.8344 	 17 	 1 
149.40 	 0.0000 	 0.8343 	 17 	 0 
149.50 	 0.0000 	 0.8358 	 17 	 0 
149.60 	 0.0000 	 0.8368 	 17 	 0 
149.70 	 0.0000 	 0.8368 	 17 	 0 
149.80 	 0.0000 	 0.8361 	 17 	 0 
149.90 	 2.7778 	 0.8351 	 17 	 2 
150.00 	 5.5556 	 0.8349 	 17 	 1 
150.10 	 0.0000 	 0.8352 	 17 	 1 
150.20 	 0.0000 	 0.8347 	 17 	 1 
150.30 	 0.0000 	 0.8348 	 17 	 1 
150.40 	 0.0000 	 0.8350 	 17 	 1 
150.50 	 0.0000 	 0.8352 	 17 	 1 
150.60 	 0.0000 	 0.8351 	 17 	 0 
150.70 	 0.0000 	 0.8365 	 17 	 0 
150.80 	 0.0000 	 0.8358 	 17 	 0 
150.90 	 0.0000 	 0.8351 	 17 	 0 
151.00 	 0.0000 	 0.8356 	 17 	 0 
151.10 	 2.7778 	 0.8345 	 17 	 2 
151.20 	 5.5556 	 0.8344 	 17 	 1 
151.30 	 0.0000 	 0.8373 	 17 	 1 
151.40 	 0.0000 	 0.8368 	 17 	 1 
151.50 	 0.0000 	 0.8361 	 17 	 1 
151.60 	 0.0000 	 0.8358 	 17 	 1 
151.70 	 0.0000 	 0.8345 	 18 	 1 
151.80 	 0.0000 	 0.8338 	 18 	 0 
151.90 	 0.0000 	 0.8345 	 18 	 0 
152.00 	 0.0000 	 0.8357 	 18 	 0 
152.10 	 0.0000 	 0.8358 	 18 	 0 
152.20 	 0.0000 	 0.8359 	 18 	 0 
152.30 	 2.7778 	 0.8351 	 18 	 2 
152.40 	 5.5556 	 0.8355 	 18 	 1 
152.50 	 0.0000 	 0.8357 	 18 	 1 
152.60 	 0.0000 	 0.8355 	 18 	 1 
152.70 	 0.0000 	 0.8355 	 18 	 1 
152.80 	 0.0000 	 0.8343 	 18 	 1 
152.90 	 0.0000 	 0.8342 	 18 	 1 
153.00 	 0.0000 	 0.8337 	 18 	 0 
153.10 	 0.0000 	 0.8354 	 18 	 0 
153.20 	 0.0000 	 0.8366 	 18 	 0 
153.30 	 0.0000 	 0.8364 	 18 	 0 
153.40 	 0.0000 	 0.8356 	 18 	 0 
153.50 	 2.7778 	 0.8353 	 18 	 2 
153.60 	 5.5556 	 0.8352 	 18 	 1 
153.70 	 0.0000 	 0.8364 	 18 	 1 
153.80 	 0.0000 	 0.8361 	 18 	 1 
153.90 	 0.0000 	 0.8355 	 18 	 1 
154.00 	 0.0000 	 0.8352 	 18 	 1 
154.10 	 0.0000 	 0.8347 	 18 	 1 
154.20 	 0.0000 	 0.8344 	 18 	 0 
154.30 	 0.0000 	 0.8358 	 18 	 0 
154.40 	 0.0000 	 0.8358 	 18 	 0 
154.50 	 0.0000 	 0.8362 	 18 	 0 
154.60 	 0.0000 	 0.8358 	 18 	 0 
154.70 	 2.7778 	 0.8356 	 19 	 2 
154.80 	 5.5556 	 0.8346 	 19 	 1 
154.90 	 0.0000 	 0.8346 	 19 	 1 
155.00 	 0.0000 	 0.8349 	 19 	 1 
155.10 	 0.0000 	 0.8356 	 19 	 1 
155.20 	 0.0000 	 0.8350 	 19 	 1 
155.30 	 0.0000 	 0.8345 	 19 	 0 
155.40 	 0.0000 	 0.8360 	 19 	 0 
155.50 	 0.0000 	 0.8365 	 19 	 0 
155.60 	 0.0000 	 0.8361 	 19 	 0 
155.70 	 0.0000 	 0.8358 	 19 	 0 
155.80 	 0.0000 	 0.8353 	 19 	 0 
155.90 	 2.7778 	 0.8351 	 19 	 2 
156.00 	 5.5556 	 0.8360 	 19 	 1 
156.10 	 0.0000 	 0.8374 	 19 	 1 
156.20 	 0.0000 	 0.8371 	 19 	 1 
156.30 	 0.0000 	 0.8363 	 19 	 1 
156.40 	 0.0000 	 0.8357 	 19 	 1 
156.50 	 0.0000 	 0.8340 	 19 	 0 
156.60 	 0.0000 	 0.8346 	 19 	 0 
156.70 	 0.0000 	 0.8356 	 19 	 0 
156.80 	 0.0000 	 0.8353 	 19 	 0 
156.90 	 0.0000 	 0.8356 	 19 	 0 
157.00 	 0.0000 	 0.8352 	 19 	 0 
157.10 	 2.7778 	 0.8347 	 19 	 2 
157.20 	 5.5556 	 0.8340 	 19 	 1 
157.30 	 0.0000 	 0.8345 	 19 	 1 
157.40 	 0.0000 	 0.8346 	 19 	 1 
157.50 	 0.0000 	 0.8350 	 19 	 1 
157.60 	 0.0000 	 0.8347 	 19 	 1 
157.70 	 0.0000 	 0.8341 	 0 	 0 
157.80 	 0.0000 	 0.8348 	 0 	 0 
157.90 	 0.0000 	 0.8357 	 0 	 0 
158.00 	 0.0000 	 0.8357 	 0 	 0 
158.10 	 0.0000 	 0.8353 	 0 	 0 
158.20 	 0.0000 	 0.8359 	 0 	 0 
158.30 	 2.7778 	 0.8348 	 0 	 2 
158.40 	 5.5556 	 0.8364 	 0 	 1 
158.50 	 0.0000 	 0.8370 	 0 	 1 
158.60 	 0.0000 	 0.8365 	 0 	 1 
158.70 	 0.0000 	 0.8357 	 0 	 1 
158.80 	 0.0000 	 0.8351 	 0 	 1 
158.90 	 0.0000 	 0.8353 	 0 	 0 
159.00 	 0.0000 	 0.8356 	 0 	 0 
159.10 	 0.0000 	 0.8361 	 0 	 0 
159.20 	 0.0000 	 0.8358 	 0 	 0 
159.30 	 0.0000 	 0.8352 	 0 	 0 
159.40 	 0.0000 	 0.8344 	 0 	 0 
159.50 	 2.7778 	 0.8347 	 0 	 4 
159.60 	 5.5556 	 0.8348 	 0 	 1 
159.70 	 0.0000 	 0.8354 	 0 	 1 
159.80 	 0.0000 	 0.8354 	 0 	 1 
159.90 	 0.0000 	 0.8346 	 0 	 1 
160.00 	 0.0000 	 0.8344 	 0 	 1 
160.10 	 0.0000 	 0.8345 	 0 	 0 
160.20 	 0.0000 	 0.8356 	 0 	 0 
160.30 	 0.0000 	 0.8361 	 0 	 0 
160.40 	 0.0000 	 0.8350 	 0 	 0 
160.50 	 0.0000 	 0.8352 	 0 	 0 
160.60 	 0.0000 	 0.8346 	 0 	 0 
160.70 	 2.7778 	 0.8339 	 0 	 13 
160.80 	 5.5556 	 0.8352 	 1 	 1 
160.90 	 0.0000 	 0.8365 	 1 	 1 
161.00 	 0.0000 	 0.8365 	 1 	 1 
161.10 	 0.0000 	 0.8363 	 1 	 1 
161.20 	 0.0000 	 0.8356 	 1 	 1 
161.30 	 0.0000 	 0.8345 	 1 	 0 
161.40 	 0.0000 	 0.8347 	 1 	 0 
161.50 	 0.0000 	 0.8355 	 1 	 0 
161.60 	 0.0000 	 0.8360 	 1 	 0 
161.70 	 0.0000 	 0.8361 	 1 	 0 
161.80 	 0.0000 	 0.8357 	 1 	 0 
161.90 	 2.7778 	 0.8346 	 1 	 11 
162.00 	 5.5556 	 0.8353 	 1 	 1 
162.10 	 0.0000 	 0.8356 	 1 	 1 
162.20 	 0.0000 	 0.8364 	 1 	 1 
162.30 	 0.0000 	 0.8366 	 1 	 1 
162.40 	 0.0000 	 0.8356 	 1 	 1 
162.50 	 0.0000 	 0.8351 	 1 	 0 
162.60 	 0.0000 	 0.8358 	 1 	 0 
162.70 	 0.0000 	 0.8357 	 1 	 0 
162.80 	 0.0000 	 0.8359 	 1 	 0 
162.90 	 0.0000 	 0.8362 	 1 	 0 
163.00 	 0.0000 	 0.8356 	 1 	 0 
163.10 	 2.7778 	 0.8351 	 1 	 11 
163.20 	 5.5556 	 0.8363 	 1 	 1 
163.30 	 0.0000 	 0.8369 	 1 	 1 
163.40 	 0.0000 	 0.8364 	 1 	 1 
163.50 	 0.0000 	 0.8363 	 1 	 1 
163.60 	 0.0000 	 0.8345 	 1 	 1 
163.70 	 0.0000 	 0.8342 	 1 	 0 
163.80 	 0.0000 	 0.8354 	 2 	 0 
163.90 	 0.0000 	 0.8365 	 2 	 0 
164.00 	 0.0000 	 0.8369 	 2 	 0 
164.10 	 0.0000 	 0.8374 	 2 	 0 
164.20 	 0.0000 	 0.8361 	 2 	 0 
164.30 	 2.7778 	 0.8347 	 2 	 11 
164.40 	 5.5556 	 0.8348 	 2 	 1 
164.50 	 0.0000 	 0.8342 	 2 	 1 
164.60 	 0.0000 	 0.8351 	 2 	 1 
164.70 	 0.0000 	 0.8356 	 2 	 1 
164.80 	 0.0000 	 0.8359 	 2 	 1 
164.90 	 0.0000 	 0.8352 	 2 	 0 
165.00 	 0.0000 	 0.8357 	 2 	 0 
165.10 	 0.0000 	 0.8353 	 2 	 0 
165.20 	 0.0000 	 0.8347 	 2 	 0 
165.30 	 0.0000 	 0.8346 	 2 	 0 
165.40 	 0.0000 	 0.8341 	 2 	 0 
165.50 	 2.7778 	 0.8339 	 2 	 9 
165.60 	 5.5556 	 0.8357 	 2 	 1 
165.70 	 0.0000 	 0.8367 	 2 	 1 
165.80 	 0.0000 	 0.8369 	 2 	 1 
165.90 	 0.0000 	 0.8359 	 2 	 1 
166.00 	 0.0000 	 0.8352 	 2 	 1 
166.10 	 0.0000 	 0.8348 	 2 	 0 
166.20 	 0.0000 	 0.8355 	 2 	 0 
166.30 	 0.0000 	 0.8360 	 2 	 0 
166.40 	 0.0000 	 0.8364 	 2 	 0 
166.50 	 0.0000 	 0.8358 	 2 	 0 
166.60 	 0.0000 	 0.8347 	 2 	 0 
166.70 	 5.5556 	 0.8336 	 2 	 9 
166.80 	 2.7778 	 0.8346 	 3 	 1 
166.90 	 0.0000 	 0.8356 	 3 	 1 
167.00 	 0.0000 	 0.8360 	 3 	 1 
167.10 	 0.0000 	 0.8361 	 3 	 1 
167.20 	 0.0000 	 0.8356 	 3 	 1 
167.30 	 0.0000 	 0.8345 	 3 	 0 
167.40 	 0.0000 	 0.8359 	 3 	 0 
167.50 	 0.0000 	 0.8361 	 3 	 0 
167.60 	 0.0000 	 0.8360 	 3 	 0 
167.70 	 0.0000 	 0.8363 	 3 	 0 
167.80 	 0.0000 	 0.8353 	 3 	 0 
167.90 	 5.5556 	 0.8343 	 3 	 9 
168.00 	 2.7778 	 0.8354 	 3 	 1 
168.10 	 0.0000 	 0.8358 	 3 	 1 
168.20 	 0.0000 	 0.8356 	 3 	 1 
168.30 	 0.0000 	 0.8356 	 3 	 1 
168.40 	 0.0000 	 0.8349 	 3 	 1 
168.50 	 0.0000 	 0.8353 	 3 	 0 
168.60 	 0.0000 	 0.8370 	 3 	 0 
168.70 	 0.0000 	 0.8373 	 3 	 0 
168.80 	 0.0000 	 0.8373 	 3 	 0 
168.90 	 0.0000 	 0.8360 	 3 	 0 
169.00 	 0.0000 	 0.8343 	 3 	 0 
169.10 	 5.5556 	 0.8331 	 3 	 9 
169.20 	 2.7778 	 0.8347 	 3 	 1 
169.30 	 0.0000 	 0.8364 	 3 	 1 
169.40 	 0.0000 	 0.8367 	 3 	 1 
169.50 	 0.0000 	 0.8366 	 3 	 1 
169.60 	 0.0000 	 0.8354 	 3 	 1 
169.70 	 0.0000 	 0.8339 	 3 	 0 
169.80 	 0.0000 	 0.8344 	 4 	 0 
169.90 	 0.0000 	 0.8358 	 4 	 0 
170.00 	 0.0000 	 0.8359 	 4 	 0 
170.10 	 0.0000 	 0.8358 	 4 	 0 
170.20 	 0.0000 	 0.8357 	 4 	 0 
170.30 	 8.3333 	 0.8353 	 4 	 1 
170.40 	 0.0000 	 0.8369 	 4 	 1 
170.50 	 0.0000 	 0.8370 	 4 	 1 
170.60 	 0.0000 	 0.8360 	 4 	 1 
170.70 	 0.0000 	 0.8356 	 4 	 1 
170.80 	 0.0000 	 0.8355 	 4 	 1 
170.90 	 0.0000 	 0.8347 	 4 	 0 
171.00 	 0.0000 	 0.8364 	 4 	 0 
171.10 	 0.0000 	 0.8361 	 4 	 0 
171.20 	 0.0000 	 0.8358 	 4 	 0 
171.30 	 0.0000 	 0.8352 	 4 	 0 
171.40 	 0.0000 	 0.8341 	 4 	 0 
171.50 	 8.3333 	 0.8330 	 4 	 1 
171.60 	 0.0000 	 0.8352 	 4 	 1 
171.70 	 0.0000 	 0.8362 	 4 	 1 
171.80 	 0.0000 	 0.8365 	 4 	 1 
171.90 	 0.0000 	 0.8367 	 4 	 1 
172.00 	 0.0000 	 0.8355 	 4 	 1 
172.10 	 0.0000 	 0.8348 	 4 	 0 
172.20 	 0.0000 	 0.8348 	 4 	 0 
172.30 	 0.0000 	 0.8349 	 4 	 0 
172.40 	 0.0000 	 0.8361 	 4 	 0 
172.50 	 0.0000 	 0.8355 	 4 	 0 
172.60 	 0.0000 	 0.8351 	 4 	 0 
172.70 	 8.3333 	 0.8347 	 4 	 1 
172.80 	 0.0000 	 0.8363 	 5 	 1 
172.90 	 0.0000 	 0.8362 	 5 	 1 
173.00 	 0.0000 	 0.8361 	 5 	 1 
173.10 	 0.0000 	 0.8369 	 5 	 1 
173.20 	 0.0000 	 0.8351 	 5 	 1 
173.30 	 0.0000 	 0.8350 	 5 	 0 
173.40 	 0.0000 	 0.8362 	 5 	 0 
173.50 	 0.0000 	 0.8358 	 5 	 0 
173.60 	 0.0000 	 0.8359 	 5 	 0 
173.70 	 0.0000 	 0.8359 	 5 	 0 
173.80 	 0.0000 	 0.8346 	 5 	 0 
173.90 	 8.3333 	 0.8339 	 5 	 1 
174.00 	 0.0000 	 0.8346 	 5 	 1 
174.10 	 0.0000 	 0.8364 	 5 	 1 
174.20 	 0.0000 	 0.8363 	 5 	 1 
174.30 	 0.0000 	 0.8356 	 5 	 1 
174.40 	 0.0000 	 0.8355 	 5 	 1 
174.50 	 0.0000 	 0.8347 	 5 	 0 
174.60 	 0.0000 	 0.8358 	 5 	 0 
174.70 	 0.0000 	 0.8357 	 5 	 0 
174.80 	 0.0000 	 0.8359 	 5 	 0 
174.90 	 0.0000 	 0.8359 	 5 	 0 
175.00 	 0.0000 	 0.8349 	 5 	 0 
175.10 	 8.3333 	 0.8346 	 5 	 1 
175.20 	 0.0000 	 0.8359 	 5 	 1 
175.30 	 0.0000 	 0.8358 	 5 	 1 
175.40 	 0.0000 	 0.8361 	 5 	 1 
175.50 	 0.0000 	 0.8356 	 5 	 1 
175.60 	 0.0000 	 0.8349 	 5 	 1 
175.70 	 0.0000 	 0.8343 	 6 	 0 
175.80 	 0.0000 	 0.8348 	 6 	 0 
175.90 	 0.0000 	 0.8352 	 6 	 0 
176.00 	 0.0000 	 0.8342 	 6 	 0 
176.10 	 0.0000 	 0.8352 	 6 	 0 
176.20 	 0.0000 	 0.8349 	 6 	 0 
176.30 	 8.3333 	 0.8349 	 6 	 1 
176.40 	 0.0000 	 0.8362 	 6 	 1 
176.50 	 0.0000 	 0.8366 	 6 	 1 
176.60 	 0.0000 	 0.8366 	 6 	 1 
176.70 	 0.0000 	 0.8363 	 6 	 1 
176.80 	 0.0000 	 0.8350 	 6 	 1 
176.90 	 0.0000 	 0.8347 	 6 	 0 
177.00 	 0.0000 	 0.8361 	 6 	 0 
177.10 	 0.0000 	 0.8360 	 6 	 0 
177.20 	 0.0000 	 0.8358 	 6 	 0 
177.30 	 0.0000 	 0.8351 	 6 	 0 
177.40 	 0.0000 	 0.8345 	 6 	 0 
177.50 	 8.3333 	 0.8337 	 6 	 1 
177.60 	 0.0000 	 0.8355 	 6 	 1 
177.70 	 0.0000 	 0.8366 	 6 	 1 
177.80 	 0.0000 	 0.8361 	 6 	 1 
177.90 	 0.0000 	 0.8361 	 6 	 1 
178.00 	 0.0000 	 0.8347 	 6 	 1 
178.10 	 0.0000 	 0.8334 	 6 	 0 
178.20 	 0.0000 	 0.8350 	 6 	 0 
178.30 	 0.0000 	 0.8355 	 6 	 0 
178.40 	 0.0000 	 0.8358 	 6 	 0 
178.50 	 0.0000 	 0.8355 	 6 	 0 
178.60 	 0.0000 	 0.8342 	 6 	 0 
178.70 	 8.3333 	 0.8343 	 7 	 1 
178.80 	 0.0000 	 0.8361 	 7 	 1 
178.90 	 0.0000 	 0.8358 	 7 	 1 
179.00 	 0.0000 	 0.8355 	 7 	 1 
179.10 	 0.0000 	 0.8357 	 7 	 1 
179.20 	 0.0000 	 0.8352 	 7 	 1 
179.30 	 0.0000 	 0.8352 	 7 	 0 
179.40 	 0.0000 	 0.8370 	 7 	 0 
179.50 	 0.0000 	 0.8370 	 7 	 0 
179.60 	 0.0000 	 0.8366 	 7 	 0 
179.70 	 0.0000 	 0.8359 	 7 	 0 
179.80 	 0.0000 	 0.8350 	 7 	 0 
179.90 	 8.3333 	 0.8340 	 7 	 1 
180.00 	 0.0000 	 0.8356 	 7 	 1 
180.10 	 0.0000 	 0.8353 	 7 	 1 
180.20 	 0.0000 	 0.8364 	 7 	 1 
180.30 	 0.0000 	 0.8366 	 7 	 1 
180.40 	 0.0000 	 0.8347 	 7 	 1 
180.50 	 0.0000 	 0.8342 	 7 	 0 
180.60 	 0.0000 	 0.8350 	 7 	 0 
180.70 	 0.0000 	 0.8356 	 7 	 0 
180.80 	 0.0000 	 0.8354 	 7 	 0 
180.90 	 0.0000 	 0.8351 	 7 	 0 
181.00 	 0.0000 	 0.8345 	 7 	 0 
181.10 	 8.3333 	 0.8333 	 7 	 1 
181.20 	 0.0000 	 0.8349 	 7 	 1 
181.30 	 0.0000 	 0.8345 	 7 	 1 
181.40 	 0.0000 	 0.8351 	 7 	 1 
181.50 	 0.0000 	 0.8354 	 7 	 1 
181.60 	 0.0000 	 0.8355 	 7 	 1 
181.70 	 0.0000 	 0.8360 	 8 	 0 
181.80 	 0.0000 	 0.8372 	 8 	 0 
181.90 	 0.0000 	 0.8368 	 8 	 0 
182.00 	 0.0000 	 0.8355 	 8 	 0 
182.10 	 0.0000 	 0.8356 	 8 	 0 
182.20 	 0.0000 	 0.8345 	 8 	 0 
182.30 	 8.3333 	 0.8343 	 8 	 1 
182.40 	 0.0000 	 0.8367 	 8 	 1 
182.50 	 0.0000 	 0.8365 	 8 	 1 
182.60 	 0.0000 	 0.8372 	 8 	 1 
182.70 	 0.0000 	 0.8360 	 8 	 1 
182.80 	 0.0000 	 0.8358 	 8 	 1 
182.90 	 0.0000 	 0.8361 	 8 	 0 
183.00 	 0.0000 	 0.8370 	 8 	 0 
183.10 	 0.0000 	 0.8365 	 8 	 0 
183.20 	 0.0000 	 0.8363 	 8 	 0 
183.30 	 0.0000 	 0.8359 	 8 	 0 
183.40 	 0.0000 	 0.8344 	 8 	 0 
183.50 	 8.3333 	 0.8345 	 8 	 1 
183.60 	 0.0000 	 0.8367 	 8 	 1 
183.70 	 0.0000 	 0.8368 	 8 	 1 
183.80 	 0.0000 	 0.8372 	 8 	 1 
183.90 	 0.0000 	 0.8367 	 8 	 1 
184.00 	 0.0000 	 0.8357 	 8 	 1 
184.10 	 0.0000 	 0.8354 	 8 	 0 
184.20 	 0.0000 	 0.8357 	 8 	 0 
184.30 	 0.0000 	 0.8361 	 8 	 0 
184.40 	 0.0000 	 0.8360 	 8 	 0 
184.50 	 0.0000 	 0.8361 	 8 	 0 
184.60 	 0.0000 	 0.8353 	 8 	 0 
184.70 	 8.3333 	 0.8349 	 9 	 1 
184.80 	 0.0000 	 0.8361 	 9 	 1 
184.90 	 0.0000 	 0.8358 	 9 	 1 
185.00 	 0.0000 	 0.8361 	 9 	 1 
185.10 	 0.0000 	 0.8354 	 9 	 1 
185.20 	 0.0000 	 0.8352 	 9 	 1 
185.30 	 0.0000 	 0.8344 	 9 	 0 
185.40 	 0.0000 	 0.8356 	 9 	 0 
185.50 	 0.0000 	 0.8364 	 9 	 0 
185.60 	 0.0000 	 0.8359 	 9 	 0 
185.70 	 0.0000 	 0.8356 	 9 	 0 
185.80 	 2.7778 	 0.8346 	 9 	 2 
185.90 	 5.5556 	 0.8339 	 9 	 1 
186.00 	 0.0000 	 0.8353 	 9 	 1 
186.10 	 0.0000 	 0.8362 	 9 	 1 
186.20 	 0.0000 	 0.8367 	 9 	 1 
186.30 	 0.0000 	 0.8365 	 9 	 1 
186.40 	 0.0000 	 0.8348 	 9 	 1 
186.50 	 0.0000 	 0.8341 	 9 	 0 
186.60 	 0.0000 	 0.8352 	 9 	 0 
186.70 	 0.0000 	 0.8349 	 9 	 0 
186.80 	 0.0000 	 0.8350 	 9 	 0 
186.90 	 0.0000 	 0.8353 	 9 	 0 
187.00 	 0.0000 	 0.8352 	 9 	 0 
187.10 	 8.3333 	 0.8361 	 9 	 1 
187.20 	 0.0000 	 0.8370 	 9 	 1 
187.30 	 0.0000 	 0.8362 	 9 	 1 
187.40 	 0.0000 	 0.8359 	 9 	 1 
187.50 	 0.0000 	 0.8352 	 9 	 1 
187.60 	 0.0000 	 0.8342 	 9 	 1 
187.70 	 0.0000 	 0.8346 	 10 	 0 
187.80 	 0.0000 	 0.8363 	 10 	 0 
187.90 	 0.0000 	 0.8361 	 10 	 0 
188.00 	 0.0000 	 0.8355 	 10 	 0 
188.10 	 0.0000 	 0.8348 	 10 	 0 
188.20 	 2.7778 	 0.8336 	 10 	 2 
188.30 	 5.5556 	 0.8338 	 10 	 1 
188.40 	 0.0000 	 0.8356 	 10 	 1 
188.50 	 0.0000 	 0.8365 	 10 	 1 
188.60 	 0.0000 	 0.8367 	 10 	 1 
188.70 	 0.0000 	 0.8357 	 10 	 1 
188.80 	 0.0000 	 0.8345 	 10 	 3 
188.90 	 0.0000 	 0.8339 	 10 	 0 
189.00 	 0.0000 	 0.8356 	 10 	 0 
189.10 	 0.0000 	 0.8354 	 10 	 0 
189.20 	 0.0000 	 0.8365 	 10 	 0 
189.30 	 0.0000 	 0.8353 	 10 	 0 
189.40 	 2.7778 	 0.8346 	 10 	 2 
189.50 	 5.5556 	 0.8356 	 10 	 1 
189.60 	 0.0000 	 0.8374 	 10 	 1 
189.70 	 0.0000 	 0.8374 	 10 	 1 
189.80 	 0.0000 	 0.8370 	 10 	 1 
189.90 	 0.0000 	 0.8360 	 10 	 1 
190.00 	 0.0000 	 0.8354 	 10 	 1 
190.10 	 0.0000 	 0.8354 	 10 	 0 
190.20 	 0.0000 	 0.8359 	 10 	 0 
190.30 	 0.0000 	 0.8359 	 10 	 0 
190.40 	 0.0000 	 0.8353 	 10 	 0 
190.50 	 0.0000 	 0.8351 	 10 	 0 
190.60 	 2.7778 	 0.8345 	 10 	 0 
190.70 	 5.5556 	 0.8363 	 11 	 1 
190.80 	 0.0000 	 0.8366 	 11 	 1 
190.90 	 0.0000 	 0.8364 	 11 	 1 
191.00 	 0.0000 	 0.8363 	 11 	 1 
191.10 	 0.0000 	 0.8352 	 11 	 1 
191.20 	 0.0000 	 0.8339 	 11 	 1 
191.30 	 0.0000 	 0.8343 	 11 	 0 
191.40 	 0.0000 	 0.8368 	 11 	 0 
191.50 	 0.0000 	 0.8372 	 11 	 0 
191.60 	 0.0000 	 0.8367 	 11 	 0 
191.70 	 0.0000 	 0.8358 	 11 	 0 
191.80 	 2.7778 	 0.8346 	 11 	 0 
191.90 	 5.5556 	 0.8344 	 11 	 1 
192.00 	 0.0000 	 0.8360 	 11 	 1 
192.10 	 0.0000 	 0.8360 	 11 	 1 
192.20 	 0.0000 	 0.8359 	 11 	 1 
192.30 	 0.0000 	 0.8356 	 11 	 1 
192.40 	 0.0000 	 0.8348 	 11 	 0 
192.50 	 0.0000 	 0.8350 	 11 	 0 
192.60 	 0.0000 	 0.8354 	 11 	 0 
192.70 	 0.0000 	 0.8353 	 11 	 0 
192.80 	 0.0000 	 0.8350 	 11 	 0 
192.90 	 0.0000 	 0.8345 	 11 	 0 
193.00 	 2.7778 	 0.8336 	 11 	 0 
193.10 	 5.5556 	 0.8351 	 11 	 1 
193.20 	 0.0000 	 0.8366 	 11 	 1 
193.30 	 0.0000 	 0.8366 	 11 	 1 
193.40 	 0.0000 	 0.8365 	 11 	 1 
193.50 	 0.0000 	 0.8352 	 11 	 1 
193.60 	 0.0000 	 0.8351 	 12 	 12 
193.70 	 0.0000 	 0.8353 	 12 	 0 
193.80 	 0.0000 	 0.8360 	 12 	 0 
193.90 	 0.0000 	 0.8359 	 12 	 0 
194.00 	 0.0000 	 0.8356 	 12 	 0 
194.10 	 0.0000 	 0.8353 	 12 	 0 
194.20 	 2.7778 	 0.8347 	 12 	 13 
194.30 	 5.5556 	 0.8346 	 12 	 1 
194.40 	 0.0000 	 0.8362 	 12 	 1 
194.50 	 0.0000 	 0.8365 	 12 	 1 
194.60 	 0.0000 	 0.8362 	 12 	 1 
194.70 	 0.0000 	 0.8348 	 12 	 1 
194.80 	 0.0000 	 0.8346 	 12 	 0 
194.90 	 0.0000 	 0.8346 	 12 	 0 
195.00 	 0.0000 	 0.8356 	 12 	 0 
195.10 	 0.0000 	 0.8361 	 12 	 0 
195.20 	 0.0000 	 0.8351 	 12 	 0 
195.30 	 0.0000 	 0.8349 	 12 	 0 
195.40 	 2.7778 	 0.8343 	 12 	 11 
195.50 	 5.5556 	 0.8356 	 12 	 1 
195.60 	 0.0000 	 0.8366 	 12 	 1 
195.70 	 0.0000 	 0.8362 	 12 	 1 
195.80 	 0.0000 	 0.8354 	 12 	 1 
195.90 	 0.0000 	 0.8353 	 12 	 1 
196.00 	 0.0000 	 0.8351 	 12 	 0 
196.10 	 0.0000 	 0.8366 	 12 	 0 
196.20 	 0.0000 	 0.8369 	 12 	 0 
196.30 	 0.0000 	 0.8364 	 12 	 0 
196.40 	 0.0000 	 0.8357 	 12 	 0 
196.50 	 0.0000 	 0.8352 	 12 	 0 
196.60 	 2.7778 	 0.8342 	 13 	 11 
196.70 	 5.5556 	 0.8355 	 13 	 1 
196.80 	 0.0000 	 0.8356 	 13 	 1 
196.90 	 0.0000 	 0.8361 	 13 	 1 
197.00 	 0.0000 	 0.8361 	 13 	 1 
197.10 	 0.0000 	 0.8353 	 13 	 1 
197.20 	 0.0000 	 0.8347 	 13 	 0 
197.30 	 0.0000 	 0.8343 	 13 	 0 
197.40 	 0.0000 	 0.8348 	 13 	 0 
197.50 	 0.0000 	 0.8355 	 13 	 0 
197.60 	 0.0000 	 0.8347 	 13 	 0 
197.70 	 0.0000 	 0.8357 	 13 	 0 
197.80 	 5.5556 	 0.8350 	 13 	 11 
197.90 	 2.7778 	 0.8361 	 13 	 1 
198.00 	 0.0000 	 0.8372 	 13 	 1 
198.10 	 0.0000 	 0.8361 	 13 	 1 
198.20 	 0.0000 	 0.8356 	 13 	 1 
198.30 	 0.0000 	 0.8345 	 13 	 1 
198.40 	 0.0000 	 0.8332 	 13 	 0 
198.50 	 0.0000 	 0.8352 	 13 	 0 
198.60 	 0.0000 	 0.8364 	 13 	 0 
198.70 	 0.0000 	 0.8376 	 13 	 0 
198.80 	 0.0000 	 0.8376 	 13 	 0 
198.90 	 0.0000 	 0.8362 	 13 	 0 
199.00 	 5.5556 	 0.8349 	 13 	 9 
199.10 	 2.7778 	 0.8351 	 13 	 1 
199.20 	 0.0000 	 0.8351 	 13 	 1 
199.30 	 0.0000 	 0.8358 	 13 	 1 
199.40 	 0.0000 	 0.8355 	 13 	 1 
199.50 	 0.0000 	 0.8359 	 13 	 1 
199.60 	 0.0000 	 0.8348 	 14 	 0 
199.70 	 0.0000 	 0.8353 	 14 	 0 
199.80 	 0.0000 	 0.8354 	 14 	 0 
199.90 	 0.0000 	 0.8354 	 14 	 0 
200.00 	 0.0000 	 0.8349 	 14 	 0 
