# Optimal flow and avg speed dependent on time 
 # Aggressives: 72 
 # Velocity factor: 0.3 
0.10 	 0.0000 	 0.9606 	 17 	 0 
0.20 	 3.0414 	 0.9446 	 17 	 1 
0.30 	 0.0000 	 0.9267 	 17 	 1 
0.40 	 0.0000 	 0.9105 	 18 	 0 
0.50 	 0.0000 	 0.8962 	 18 	 0 
0.60 	 3.0414 	 0.8818 	 18 	 1 
0.70 	 0.0000 	 0.8692 	 18 	 2 
0.80 	 0.0000 	 0.8580 	 18 	 0 
0.90 	 0.0000 	 0.8472 	 18 	 0 
1.00 	 3.0414 	 0.8386 	 18 	 1 
1.10 	 0.0000 	 0.8311 	 18 	 1 
1.20 	 0.0000 	 0.8238 	 18 	 0 
1.30 	 0.0000 	 0.8187 	 18 	 0 
1.40 	 3.0414 	 0.8158 	 18 	 1 
1.50 	 0.0000 	 0.8136 	 18 	 1 
1.60 	 0.0000 	 0.8119 	 18 	 0 
1.70 	 0.0000 	 0.8101 	 18 	 0 
1.80 	 0.0000 	 0.8090 	 18 	 0 
1.90 	 3.0414 	 0.8089 	 18 	 1 
2.00 	 0.0000 	 0.8077 	 18 	 0 
2.10 	 0.0000 	 0.8075 	 18 	 0 
2.20 	 0.0000 	 0.8050 	 18 	 0 
2.30 	 3.0414 	 0.8040 	 18 	 1 
2.40 	 0.0000 	 0.8039 	 18 	 0 
2.50 	 0.0000 	 0.8041 	 18 	 0 
2.60 	 3.0414 	 0.8028 	 18 	 1 
2.70 	 0.0000 	 0.8025 	 18 	 9 
2.80 	 0.0000 	 0.8015 	 18 	 1 
2.90 	 0.0000 	 0.8010 	 18 	 2 
3.00 	 0.0000 	 0.8033 	 18 	 0 
3.10 	 3.0414 	 0.8026 	 18 	 1 
3.20 	 0.0000 	 0.8021 	 18 	 1 
3.30 	 0.0000 	 0.8022 	 18 	 2 
3.40 	 0.0000 	 0.8025 	 18 	 0 
3.50 	 0.0000 	 0.8034 	 19 	 0 
3.60 	 3.0414 	 0.8038 	 19 	 0 
3.70 	 0.0000 	 0.8044 	 19 	 0 
3.80 	 0.0000 	 0.8064 	 19 	 0 
3.90 	 0.0000 	 0.8085 	 19 	 9 
4.00 	 3.0414 	 0.8122 	 19 	 9 
4.10 	 0.0000 	 0.8152 	 19 	 1 
4.20 	 3.0414 	 0.8186 	 19 	 1 
4.30 	 0.0000 	 0.8202 	 19 	 5 
4.40 	 0.0000 	 0.8200 	 19 	 11 
4.50 	 0.0000 	 0.8225 	 19 	 2 
4.60 	 0.0000 	 0.8234 	 19 	 0 
4.70 	 0.0000 	 0.8231 	 19 	 0 
4.80 	 0.0000 	 0.8222 	 19 	 0 
4.90 	 3.0414 	 0.8219 	 19 	 11 
5.00 	 0.0000 	 0.8229 	 19 	 11 
5.10 	 0.0000 	 0.8238 	 19 	 11 
5.20 	 0.0000 	 0.8260 	 19 	 11 
5.30 	 6.0827 	 0.8280 	 19 	 1 
5.40 	 0.0000 	 0.8292 	 19 	 19 
5.50 	 0.0000 	 0.8323 	 19 	 10 
5.60 	 0.0000 	 0.8354 	 19 	 10 
5.70 	 0.0000 	 0.8346 	 19 	 10 
5.80 	 0.0000 	 0.8349 	 19 	 12 
5.90 	 0.0000 	 0.8348 	 19 	 12 
6.00 	 0.0000 	 0.8348 	 19 	 0 
6.10 	 0.0000 	 0.8360 	 19 	 0 
6.20 	 3.0414 	 0.8361 	 19 	 13 
6.30 	 0.0000 	 0.8366 	 19 	 0 
6.40 	 0.0000 	 0.8358 	 19 	 9 
6.50 	 3.0414 	 0.8357 	 19 	 1 
6.60 	 0.0000 	 0.8349 	 19 	 3 
6.70 	 3.0414 	 0.8341 	 19 	 10 
6.80 	 0.0000 	 0.8328 	 0 	 4 
6.90 	 0.0000 	 0.8325 	 0 	 4 
7.00 	 0.0000 	 0.8325 	 0 	 11 
7.10 	 0.0000 	 0.8317 	 0 	 4 
7.20 	 0.0000 	 0.8306 	 0 	 4 
7.30 	 0.0000 	 0.8295 	 0 	 4 
7.40 	 0.0000 	 0.8287 	 0 	 0 
7.50 	 3.0414 	 0.8279 	 0 	 6 
7.60 	 3.0414 	 0.8298 	 0 	 15 
7.70 	 0.0000 	 0.8314 	 0 	 5 
7.80 	 0.0000 	 0.8322 	 0 	 5 
7.90 	 3.0414 	 0.8323 	 0 	 5 
8.00 	 0.0000 	 0.8324 	 0 	 5 
8.10 	 0.0000 	 0.8310 	 0 	 5 
8.20 	 0.0000 	 0.8313 	 0 	 12 
8.30 	 0.0000 	 0.8298 	 0 	 11 
8.40 	 0.0000 	 0.8305 	 0 	 0 
8.50 	 0.0000 	 0.8297 	 0 	 0 
8.60 	 0.0000 	 0.8297 	 0 	 12 
8.70 	 3.0414 	 0.8299 	 0 	 5 
8.80 	 0.0000 	 0.8291 	 0 	 5 
8.90 	 3.0414 	 0.8293 	 0 	 5 
9.00 	 0.0000 	 0.8291 	 0 	 5 
9.10 	 3.0414 	 0.8290 	 0 	 1 
9.20 	 0.0000 	 0.8267 	 0 	 5 
9.30 	 0.0000 	 0.8252 	 0 	 5 
9.40 	 0.0000 	 0.8243 	 0 	 14 
9.50 	 0.0000 	 0.8236 	 0 	 14 
9.60 	 0.0000 	 0.8232 	 0 	 13 
9.70 	 0.0000 	 0.8206 	 0 	 0 
9.80 	 0.0000 	 0.8206 	 0 	 0 
9.90 	 3.0414 	 0.8193 	 1 	 6 
10.00 	 0.0000 	 0.8195 	 1 	 5 
10.10 	 0.0000 	 0.8181 	 1 	 5 
10.20 	 3.0414 	 0.8174 	 1 	 13 
10.30 	 3.0414 	 0.8160 	 1 	 1 
10.40 	 0.0000 	 0.8152 	 1 	 1 
10.50 	 0.0000 	 0.8157 	 1 	 15 
10.60 	 0.0000 	 0.8149 	 1 	 7 
10.70 	 0.0000 	 0.8133 	 1 	 13 
10.80 	 0.0000 	 0.8120 	 1 	 13 
10.90 	 0.0000 	 0.8111 	 1 	 0 
11.00 	 0.0000 	 0.8118 	 1 	 0 
11.10 	 3.0414 	 0.8122 	 1 	 6 
11.20 	 0.0000 	 0.8109 	 1 	 6 
11.30 	 3.0414 	 0.8112 	 1 	 6 
11.40 	 3.0414 	 0.8125 	 1 	 1 
11.50 	 0.0000 	 0.8120 	 1 	 1 
11.60 	 0.0000 	 0.8123 	 1 	 1 
11.70 	 0.0000 	 0.8116 	 1 	 2 
11.80 	 0.0000 	 0.8103 	 1 	 2 
11.90 	 0.0000 	 0.8107 	 1 	 2 
12.00 	 0.0000 	 0.8108 	 1 	 6 
12.10 	 0.0000 	 0.8114 	 1 	 6 
12.20 	 0.0000 	 0.8093 	 1 	 6 
12.30 	 3.0414 	 0.8090 	 1 	 6 
12.40 	 3.0414 	 0.8083 	 1 	 6 
12.50 	 0.0000 	 0.8076 	 1 	 6 
12.60 	 0.0000 	 0.8084 	 1 	 6 
12.70 	 3.0414 	 0.8078 	 1 	 1 
12.80 	 0.0000 	 0.8080 	 1 	 7 
12.90 	 0.0000 	 0.8076 	 1 	 7 
13.00 	 0.0000 	 0.8058 	 2 	 2 
13.10 	 0.0000 	 0.8048 	 2 	 2 
13.20 	 0.0000 	 0.8052 	 2 	 2 
13.30 	 0.0000 	 0.8060 	 2 	 2 
13.40 	 3.0414 	 0.8068 	 2 	 6 
13.50 	 0.0000 	 0.8063 	 2 	 3 
13.60 	 0.0000 	 0.8053 	 2 	 6 
13.70 	 3.0414 	 0.8064 	 2 	 8 
13.80 	 0.0000 	 0.8087 	 2 	 1 
13.90 	 3.0414 	 0.8108 	 2 	 1 
14.00 	 0.0000 	 0.8125 	 2 	 14 
14.10 	 0.0000 	 0.8138 	 2 	 14 
14.20 	 0.0000 	 0.8148 	 2 	 7 
14.30 	 0.0000 	 0.8161 	 2 	 7 
14.40 	 0.0000 	 0.8178 	 2 	 2 
14.50 	 0.0000 	 0.8176 	 2 	 7 
14.60 	 0.0000 	 0.8190 	 2 	 13 
14.70 	 0.0000 	 0.8197 	 2 	 14 
14.80 	 3.0414 	 0.8214 	 2 	 3 
14.90 	 0.0000 	 0.8237 	 2 	 3 
15.00 	 3.0414 	 0.8263 	 2 	 7 
15.10 	 0.0000 	 0.8294 	 2 	 4 
15.20 	 3.0414 	 0.8316 	 2 	 7 
15.30 	 0.0000 	 0.8348 	 2 	 7 
15.40 	 0.0000 	 0.8363 	 2 	 7 
15.50 	 0.0000 	 0.8378 	 2 	 5 
15.60 	 0.0000 	 0.8412 	 2 	 7 
15.70 	 0.0000 	 0.8432 	 2 	 7 
15.80 	 0.0000 	 0.8465 	 2 	 0 
15.90 	 0.0000 	 0.8489 	 2 	 0 
16.00 	 3.0414 	 0.8517 	 2 	 8 
16.10 	 0.0000 	 0.8549 	 3 	 14 
16.20 	 0.0000 	 0.8564 	 3 	 14 
16.30 	 6.0827 	 0.8584 	 3 	 7 
16.40 	 0.0000 	 0.8590 	 3 	 7 
16.50 	 0.0000 	 0.8593 	 3 	 7 
16.60 	 0.0000 	 0.8604 	 3 	 7 
16.70 	 0.0000 	 0.8629 	 3 	 7 
16.80 	 0.0000 	 0.8645 	 3 	 2 
16.90 	 3.0414 	 0.8650 	 3 	 5 
17.00 	 0.0000 	 0.8650 	 3 	 15 
17.10 	 0.0000 	 0.8660 	 3 	 3 
17.20 	 0.0000 	 0.8687 	 3 	 3 
17.30 	 0.0000 	 0.8700 	 3 	 3 
17.40 	 0.0000 	 0.8732 	 3 	 16 
17.50 	 0.0000 	 0.8775 	 3 	 0 
17.60 	 6.0827 	 0.8793 	 3 	 4 
17.70 	 3.0414 	 0.8806 	 3 	 1 
17.80 	 0.0000 	 0.8826 	 3 	 5 
17.90 	 0.0000 	 0.8844 	 3 	 5 
18.00 	 0.0000 	 0.8871 	 3 	 5 
18.10 	 0.0000 	 0.8891 	 3 	 8 
18.20 	 0.0000 	 0.8900 	 3 	 5 
18.30 	 3.0414 	 0.8892 	 3 	 8 
18.40 	 0.0000 	 0.8894 	 3 	 16 
18.50 	 0.0000 	 0.8905 	 3 	 3 
18.60 	 0.0000 	 0.8929 	 4 	 4 
18.70 	 3.0414 	 0.8944 	 4 	 4 
18.80 	 0.0000 	 0.8942 	 4 	 4 
18.90 	 0.0000 	 0.8962 	 4 	 4 
19.00 	 3.0414 	 0.8940 	 4 	 2 
19.10 	 0.0000 	 0.8922 	 4 	 2 
19.20 	 0.0000 	 0.8923 	 4 	 16 
19.30 	 0.0000 	 0.8921 	 4 	 16 
19.40 	 3.0414 	 0.8933 	 4 	 16 
19.50 	 0.0000 	 0.8947 	 4 	 16 
19.60 	 0.0000 	 0.8953 	 4 	 3 
19.70 	 0.0000 	 0.8944 	 4 	 3 
19.80 	 3.0414 	 0.8947 	 4 	 6 
19.90 	 0.0000 	 0.8946 	 4 	 4 
20.00 	 0.0000 	 0.8930 	 4 	 4 
20.10 	 0.0000 	 0.8900 	 4 	 4 
20.20 	 3.0414 	 0.8875 	 4 	 4 
20.30 	 0.0000 	 0.8841 	 4 	 2 
20.40 	 3.0414 	 0.8835 	 4 	 2 
20.50 	 0.0000 	 0.8817 	 4 	 2 
20.60 	 0.0000 	 0.8810 	 4 	 2 
20.70 	 3.0414 	 0.8788 	 4 	 5 
20.80 	 0.0000 	 0.8772 	 4 	 3 
20.90 	 0.0000 	 0.8750 	 4 	 3 
21.00 	 0.0000 	 0.8769 	 4 	 6 
21.10 	 0.0000 	 0.8790 	 4 	 17 
21.20 	 3.0414 	 0.8806 	 4 	 17 
21.30 	 0.0000 	 0.8804 	 4 	 17 
21.40 	 0.0000 	 0.8828 	 5 	 2 
21.50 	 0.0000 	 0.8827 	 5 	 0 
21.60 	 3.0414 	 0.8848 	 5 	 10 
21.70 	 3.0414 	 0.8848 	 5 	 1 
21.80 	 0.0000 	 0.8853 	 5 	 1 
21.90 	 0.0000 	 0.8834 	 5 	 3 
22.00 	 0.0000 	 0.8827 	 5 	 3 
22.10 	 0.0000 	 0.8810 	 5 	 17 
22.20 	 0.0000 	 0.8807 	 5 	 3 
22.30 	 0.0000 	 0.8796 	 5 	 9 
22.40 	 0.0000 	 0.8795 	 5 	 17 
22.50 	 3.0414 	 0.8803 	 5 	 0 
22.60 	 0.0000 	 0.8812 	 5 	 0 
22.70 	 3.0414 	 0.8818 	 5 	 10 
22.80 	 3.0414 	 0.8830 	 5 	 1 
22.90 	 0.0000 	 0.8832 	 5 	 1 
23.00 	 0.0000 	 0.8840 	 5 	 1 
23.10 	 0.0000 	 0.8864 	 5 	 11 
23.20 	 0.0000 	 0.8866 	 5 	 3 
23.30 	 3.0414 	 0.8883 	 5 	 3 
23.40 	 3.0414 	 0.8894 	 5 	 3 
23.50 	 0.0000 	 0.8909 	 5 	 3 
23.60 	 0.0000 	 0.8932 	 5 	 3 
23.70 	 0.0000 	 0.8941 	 5 	 2 
23.80 	 3.0414 	 0.8939 	 5 	 2 
23.90 	 0.0000 	 0.8945 	 5 	 18 
24.00 	 0.0000 	 0.8934 	 5 	 18 
24.10 	 3.0414 	 0.8942 	 5 	 1 
24.20 	 0.0000 	 0.8957 	 6 	 3 
24.30 	 0.0000 	 0.8961 	 6 	 11 
24.40 	 0.0000 	 0.8963 	 6 	 11 
24.50 	 0.0000 	 0.8944 	 6 	 11 
24.60 	 3.0414 	 0.8939 	 6 	 2 
24.70 	 3.0414 	 0.8940 	 6 	 1 
24.80 	 0.0000 	 0.8916 	 6 	 18 
24.90 	 0.0000 	 0.8903 	 6 	 18 
25.00 	 0.0000 	 0.8913 	 6 	 4 
25.10 	 3.0414 	 0.8932 	 6 	 1 
25.20 	 0.0000 	 0.8944 	 6 	 10 
25.30 	 0.0000 	 0.8970 	 6 	 1 
25.40 	 0.0000 	 0.8965 	 6 	 1 
25.50 	 0.0000 	 0.8960 	 6 	 19 
25.60 	 0.0000 	 0.8954 	 6 	 3 
25.70 	 0.0000 	 0.8969 	 6 	 3 
25.80 	 0.0000 	 0.8990 	 6 	 6 
25.90 	 0.0000 	 0.8994 	 6 	 0 
26.00 	 0.0000 	 0.8984 	 6 	 0 
26.10 	 6.0827 	 0.8992 	 6 	 18 
26.20 	 0.0000 	 0.9012 	 6 	 4 
26.30 	 0.0000 	 0.9054 	 6 	 4 
26.40 	 3.0414 	 0.9057 	 6 	 3 
26.50 	 0.0000 	 0.9056 	 6 	 3 
26.60 	 0.0000 	 0.9028 	 6 	 5 
26.70 	 0.0000 	 0.9018 	 6 	 5 
26.80 	 0.0000 	 0.9008 	 6 	 5 
26.90 	 0.0000 	 0.9007 	 6 	 3 
27.00 	 0.0000 	 0.9000 	 6 	 0 
27.10 	 0.0000 	 0.9009 	 6 	 0 
27.20 	 3.0414 	 0.9010 	 6 	 0 
27.30 	 3.0414 	 0.9017 	 7 	 8 
27.40 	 3.0414 	 0.9027 	 7 	 2 
27.50 	 0.0000 	 0.9036 	 7 	 3 
27.60 	 0.0000 	 0.9050 	 7 	 3 
27.70 	 0.0000 	 0.9057 	 7 	 19 
27.80 	 0.0000 	 0.9068 	 7 	 19 
27.90 	 0.0000 	 0.9061 	 7 	 2 
28.00 	 0.0000 	 0.9057 	 7 	 2 
28.10 	 0.0000 	 0.9040 	 7 	 0 
28.20 	 0.0000 	 0.9030 	 7 	 0 
28.30 	 3.0414 	 0.9021 	 7 	 2 
28.40 	 0.0000 	 0.9029 	 7 	 4 
28.50 	 6.0827 	 0.9025 	 7 	 1 
28.60 	 0.0000 	 0.9001 	 7 	 1 
28.70 	 0.0000 	 0.8981 	 7 	 3 
28.80 	 0.0000 	 0.8941 	 7 	 3 
28.90 	 0.0000 	 0.8929 	 7 	 9 
29.00 	 0.0000 	 0.8923 	 7 	 4 
29.10 	 0.0000 	 0.8924 	 7 	 13 
29.20 	 0.0000 	 0.8933 	 7 	 0 
29.30 	 0.0000 	 0.8948 	 7 	 0 
29.40 	 0.0000 	 0.8971 	 7 	 0 
29.50 	 0.0000 	 0.8971 	 7 	 0 
29.60 	 3.0414 	 0.8953 	 7 	 0 
29.70 	 3.0414 	 0.8935 	 7 	 8 
29.80 	 0.0000 	 0.8921 	 7 	 8 
29.90 	 3.0414 	 0.8909 	 7 	 1 
30.00 	 0.0000 	 0.8893 	 8 	 9 
30.10 	 0.0000 	 0.8887 	 8 	 2 
30.20 	 0.0000 	 0.8878 	 8 	 0 
30.30 	 0.0000 	 0.8867 	 8 	 0 
30.40 	 0.0000 	 0.8870 	 8 	 0 
30.50 	 0.0000 	 0.8834 	 8 	 0 
30.60 	 0.0000 	 0.8839 	 8 	 0 
30.70 	 0.0000 	 0.8829 	 8 	 0 
30.80 	 6.0827 	 0.8825 	 8 	 3 
30.90 	 3.0414 	 0.8853 	 8 	 1 
31.00 	 0.0000 	 0.8862 	 8 	 1 
31.10 	 0.0000 	 0.8859 	 8 	 8 
31.20 	 0.0000 	 0.8869 	 8 	 8 
31.30 	 0.0000 	 0.8860 	 8 	 5 
31.40 	 0.0000 	 0.8862 	 8 	 6 
31.50 	 0.0000 	 0.8857 	 8 	 6 
31.60 	 0.0000 	 0.8879 	 8 	 0 
31.70 	 0.0000 	 0.8881 	 8 	 0 
31.80 	 3.0414 	 0.8859 	 8 	 0 
31.90 	 0.0000 	 0.8851 	 8 	 0 
32.00 	 6.0827 	 0.8846 	 8 	 1 
32.10 	 0.0000 	 0.8859 	 8 	 1 
32.20 	 0.0000 	 0.8873 	 8 	 1 
32.30 	 0.0000 	 0.8902 	 8 	 1 
32.40 	 0.0000 	 0.8926 	 8 	 1 
32.50 	 3.0414 	 0.8946 	 8 	 9 
32.60 	 0.0000 	 0.8963 	 9 	 9 
32.70 	 0.0000 	 0.8989 	 9 	 9 
32.80 	 0.0000 	 0.8998 	 9 	 5 
32.90 	 0.0000 	 0.8997 	 9 	 5 
33.00 	 0.0000 	 0.8996 	 9 	 0 
33.10 	 3.0414 	 0.8992 	 9 	 0 
33.20 	 3.0414 	 0.9006 	 9 	 1 
33.30 	 0.0000 	 0.9017 	 9 	 1 
33.40 	 0.0000 	 0.9008 	 9 	 1 
33.50 	 3.0414 	 0.8988 	 9 	 1 
33.60 	 0.0000 	 0.8991 	 9 	 13 
33.70 	 0.0000 	 0.9017 	 9 	 9 
33.80 	 0.0000 	 0.9025 	 9 	 5 
33.90 	 0.0000 	 0.9010 	 9 	 9 
34.00 	 3.0414 	 0.9015 	 9 	 9 
34.10 	 0.0000 	 0.8988 	 9 	 6 
34.20 	 0.0000 	 0.8974 	 9 	 9 
34.30 	 0.0000 	 0.8962 	 9 	 9 
34.40 	 3.0414 	 0.8965 	 9 	 1 
34.50 	 3.0414 	 0.8970 	 9 	 1 
34.60 	 0.0000 	 0.8983 	 9 	 1 
34.70 	 3.0414 	 0.8991 	 9 	 1 
34.80 	 0.0000 	 0.8981 	 9 	 2 
34.90 	 0.0000 	 0.8977 	 9 	 2 
35.00 	 0.0000 	 0.8997 	 9 	 2 
35.10 	 0.0000 	 0.9019 	 9 	 9 
35.20 	 0.0000 	 0.9014 	 10 	 10 
35.30 	 0.0000 	 0.9021 	 10 	 10 
35.40 	 0.0000 	 0.9035 	 10 	 6 
35.50 	 0.0000 	 0.9040 	 10 	 6 
35.60 	 3.0414 	 0.9069 	 10 	 6 
35.70 	 3.0414 	 0.9067 	 10 	 1 
35.80 	 3.0414 	 0.9087 	 10 	 1 
35.90 	 0.0000 	 0.9072 	 10 	 2 
36.00 	 0.0000 	 0.9058 	 10 	 2 
36.10 	 0.0000 	 0.9071 	 10 	 2 
36.20 	 0.0000 	 0.9079 	 10 	 2 
36.30 	 0.0000 	 0.9069 	 10 	 10 
36.40 	 0.0000 	 0.9052 	 10 	 10 
36.50 	 0.0000 	 0.9046 	 10 	 10 
36.60 	 0.0000 	 0.9056 	 10 	 6 
36.70 	 0.0000 	 0.9075 	 10 	 6 
36.80 	 3.0414 	 0.9071 	 10 	 10 
36.90 	 0.0000 	 0.9078 	 10 	 9 
37.00 	 6.0827 	 0.9063 	 10 	 10 
37.10 	 0.0000 	 0.9067 	 10 	 10 
37.20 	 0.0000 	 0.9054 	 10 	 10 
37.30 	 0.0000 	 0.9045 	 10 	 10 
37.40 	 0.0000 	 0.9048 	 10 	 2 
37.50 	 0.0000 	 0.9058 	 10 	 2 
37.60 	 0.0000 	 0.9050 	 10 	 3 
37.70 	 0.0000 	 0.9044 	 10 	 3 
37.80 	 0.0000 	 0.9033 	 10 	 3 
37.90 	 0.0000 	 0.9016 	 10 	 7 
38.00 	 0.0000 	 0.9001 	 10 	 0 
38.10 	 0.0000 	 0.8987 	 10 	 0 
38.20 	 3.0414 	 0.8986 	 10 	 7 
38.30 	 3.0414 	 0.8992 	 11 	 10 
38.40 	 3.0414 	 0.9011 	 11 	 10 
38.50 	 0.0000 	 0.9036 	 11 	 3 
38.60 	 0.0000 	 0.9036 	 11 	 3 
38.70 	 0.0000 	 0.9055 	 11 	 3 
38.80 	 0.0000 	 0.9079 	 11 	 3 
38.90 	 0.0000 	 0.9083 	 11 	 6 
39.00 	 0.0000 	 0.9095 	 11 	 6 
39.10 	 0.0000 	 0.9093 	 11 	 10 
39.20 	 3.0414 	 0.9124 	 11 	 10 
39.30 	 3.0414 	 0.9142 	 11 	 11 
39.40 	 0.0000 	 0.9177 	 11 	 11 
39.50 	 0.0000 	 0.9193 	 11 	 11 
39.60 	 0.0000 	 0.9214 	 11 	 3 
39.70 	 3.0414 	 0.9264 	 11 	 3 
39.80 	 0.0000 	 0.9292 	 11 	 11 
39.90 	 0.0000 	 0.9291 	 11 	 11 
40.00 	 0.0000 	 0.9292 	 11 	 11 
40.10 	 0.0000 	 0.9307 	 11 	 4 
40.20 	 0.0000 	 0.9339 	 11 	 4 
40.30 	 0.0000 	 0.9342 	 11 	 14 
40.40 	 0.0000 	 0.9350 	 11 	 5 
40.50 	 3.0414 	 0.9351 	 11 	 11 
40.60 	 6.0827 	 0.9354 	 11 	 1 
40.70 	 0.0000 	 0.9341 	 11 	 12 
40.80 	 0.0000 	 0.9365 	 11 	 12 
40.90 	 0.0000 	 0.9373 	 11 	 12 
41.00 	 0.0000 	 0.9386 	 11 	 3 
41.10 	 0.0000 	 0.9360 	 12 	 18 
41.20 	 0.0000 	 0.9342 	 12 	 4 
41.30 	 0.0000 	 0.9309 	 12 	 4 
41.40 	 0.0000 	 0.9319 	 12 	 4 
41.50 	 0.0000 	 0.9312 	 12 	 4 
41.60 	 0.0000 	 0.9308 	 12 	 0 
41.70 	 3.0414 	 0.9304 	 12 	 12 
41.80 	 3.0414 	 0.9304 	 12 	 12 
41.90 	 3.0414 	 0.9320 	 12 	 12 
42.00 	 0.0000 	 0.9329 	 12 	 12 
42.10 	 0.0000 	 0.9343 	 12 	 12 
42.20 	 0.0000 	 0.9349 	 12 	 12 
42.30 	 0.0000 	 0.9360 	 12 	 12 
42.40 	 0.0000 	 0.9350 	 12 	 13 
42.50 	 0.0000 	 0.9366 	 12 	 13 
42.60 	 0.0000 	 0.9392 	 12 	 4 
42.70 	 0.0000 	 0.9370 	 12 	 4 
42.80 	 0.0000 	 0.9377 	 12 	 5 
42.90 	 3.0414 	 0.9365 	 12 	 5 
43.00 	 0.0000 	 0.9362 	 12 	 11 
43.10 	 3.0414 	 0.9352 	 12 	 11 
43.20 	 3.0414 	 0.9349 	 12 	 1 
43.30 	 0.0000 	 0.9330 	 12 	 13 
43.40 	 0.0000 	 0.9317 	 12 	 13 
43.50 	 0.0000 	 0.9301 	 12 	 13 
43.60 	 0.0000 	 0.9270 	 12 	 13 
43.70 	 0.0000 	 0.9237 	 12 	 12 
43.80 	 0.0000 	 0.9223 	 12 	 7 
43.90 	 0.0000 	 0.9193 	 13 	 19 
44.00 	 0.0000 	 0.9185 	 13 	 4 
44.10 	 0.0000 	 0.9167 	 13 	 0 
44.20 	 0.0000 	 0.9138 	 13 	 0 
44.30 	 6.0827 	 0.9139 	 13 	 5 
44.40 	 3.0414 	 0.9135 	 13 	 1 
44.50 	 0.0000 	 0.9128 	 13 	 6 
44.60 	 0.0000 	 0.9107 	 13 	 13 
44.70 	 0.0000 	 0.9109 	 13 	 13 
44.80 	 0.0000 	 0.9107 	 13 	 13 
44.90 	 0.0000 	 0.9089 	 13 	 13 
45.00 	 0.0000 	 0.9078 	 13 	 19 
45.10 	 0.0000 	 0.9065 	 13 	 13 
45.20 	 0.0000 	 0.9058 	 13 	 4 
45.30 	 0.0000 	 0.9065 	 13 	 5 
45.40 	 3.0414 	 0.9055 	 13 	 5 
45.50 	 3.0414 	 0.9049 	 13 	 5 
45.60 	 0.0000 	 0.9035 	 13 	 6 
45.70 	 3.0414 	 0.9016 	 13 	 12 
45.80 	 0.0000 	 0.8990 	 13 	 10 
45.90 	 0.0000 	 0.8963 	 13 	 10 
46.00 	 0.0000 	 0.8940 	 13 	 2 
46.10 	 0.0000 	 0.8912 	 13 	 14 
46.20 	 0.0000 	 0.8899 	 13 	 14 
46.30 	 0.0000 	 0.8901 	 13 	 14 
46.40 	 0.0000 	 0.8901 	 14 	 14 
46.50 	 0.0000 	 0.8861 	 14 	 14 
46.60 	 0.0000 	 0.8845 	 14 	 0 
46.70 	 0.0000 	 0.8793 	 14 	 0 
46.80 	 6.0827 	 0.8760 	 14 	 5 
46.90 	 3.0414 	 0.8723 	 14 	 1 
47.00 	 0.0000 	 0.8706 	 14 	 1 
47.10 	 0.0000 	 0.8688 	 14 	 6 
47.20 	 0.0000 	 0.8668 	 14 	 2 
47.30 	 0.0000 	 0.8650 	 14 	 7 
47.40 	 0.0000 	 0.8637 	 14 	 14 
47.50 	 0.0000 	 0.8642 	 14 	 14 
47.60 	 0.0000 	 0.8633 	 14 	 14 
47.70 	 0.0000 	 0.8631 	 14 	 8 
47.80 	 0.0000 	 0.8619 	 14 	 0 
47.90 	 0.0000 	 0.8619 	 14 	 0 
48.00 	 0.0000 	 0.8630 	 14 	 0 
48.10 	 6.0827 	 0.8645 	 14 	 5 
48.20 	 3.0414 	 0.8639 	 14 	 1 
48.30 	 0.0000 	 0.8646 	 14 	 6 
48.40 	 0.0000 	 0.8646 	 14 	 6 
48.50 	 0.0000 	 0.8641 	 14 	 7 
48.60 	 0.0000 	 0.8637 	 14 	 11 
48.70 	 0.0000 	 0.8638 	 14 	 11 
48.80 	 0.0000 	 0.8645 	 14 	 0 
48.90 	 3.0414 	 0.8660 	 14 	 0 
49.00 	 0.0000 	 0.8657 	 14 	 0 
49.10 	 0.0000 	 0.8649 	 14 	 15 
49.20 	 0.0000 	 0.8630 	 14 	 15 
49.30 	 3.0414 	 0.8604 	 14 	 14 
49.40 	 0.0000 	 0.8594 	 14 	 9 
49.50 	 3.0414 	 0.8596 	 15 	 0 
49.60 	 3.0414 	 0.8607 	 15 	 1 
49.70 	 0.0000 	 0.8597 	 15 	 2 
49.80 	 0.0000 	 0.8602 	 15 	 2 
49.90 	 0.0000 	 0.8601 	 15 	 2 
50.00 	 0.0000 	 0.8601 	 15 	 3 
50.10 	 0.0000 	 0.8574 	 15 	 7 
50.20 	 0.0000 	 0.8574 	 15 	 8 
50.30 	 0.0000 	 0.8570 	 15 	 0 
50.40 	 0.0000 	 0.8569 	 15 	 0 
50.50 	 3.0414 	 0.8553 	 15 	 15 
50.60 	 0.0000 	 0.8522 	 15 	 0 
50.70 	 3.0414 	 0.8498 	 15 	 1 
50.80 	 0.0000 	 0.8490 	 15 	 1 
50.90 	 3.0414 	 0.8470 	 15 	 1 
51.00 	 0.0000 	 0.8459 	 15 	 9 
51.10 	 0.0000 	 0.8439 	 15 	 2 
51.20 	 0.0000 	 0.8423 	 15 	 13 
51.30 	 0.0000 	 0.8403 	 15 	 7 
51.40 	 0.0000 	 0.8403 	 15 	 0 
51.50 	 0.0000 	 0.8408 	 15 	 0 
51.60 	 0.0000 	 0.8421 	 15 	 0 
51.70 	 0.0000 	 0.8400 	 15 	 0 
51.80 	 9.1241 	 0.8397 	 15 	 1 
51.90 	 0.0000 	 0.8389 	 15 	 16 
52.00 	 0.0000 	 0.8382 	 15 	 16 
52.10 	 0.0000 	 0.8383 	 15 	 13 
52.20 	 0.0000 	 0.8400 	 15 	 13 
52.30 	 0.0000 	 0.8420 	 15 	 0 
52.40 	 0.0000 	 0.8430 	 16 	 0 
52.50 	 3.0414 	 0.8433 	 16 	 17 
52.60 	 3.0414 	 0.8467 	 16 	 3 
52.70 	 0.0000 	 0.8479 	 16 	 3 
52.80 	 0.0000 	 0.8504 	 16 	 11 
52.90 	 0.0000 	 0.8537 	 16 	 4 
53.00 	 0.0000 	 0.8550 	 16 	 4 
53.10 	 0.0000 	 0.8576 	 16 	 0 
53.20 	 0.0000 	 0.8601 	 16 	 16 
53.30 	 6.0827 	 0.8625 	 16 	 1 
53.40 	 0.0000 	 0.8650 	 16 	 1 
53.50 	 0.0000 	 0.8670 	 16 	 2 
53.60 	 0.0000 	 0.8658 	 16 	 2 
53.70 	 0.0000 	 0.8673 	 16 	 2 
53.80 	 3.0414 	 0.8689 	 16 	 10 
53.90 	 0.0000 	 0.8706 	 16 	 10 
54.00 	 0.0000 	 0.8715 	 16 	 16 
54.10 	 3.0414 	 0.8737 	 16 	 1 
54.20 	 0.0000 	 0.8757 	 16 	 1 
54.30 	 3.0414 	 0.8781 	 16 	 1 
54.40 	 0.0000 	 0.8771 	 16 	 1 
54.50 	 0.0000 	 0.8751 	 16 	 1 
54.60 	 0.0000 	 0.8735 	 16 	 1 
54.70 	 0.0000 	 0.8728 	 16 	 2 
54.80 	 0.0000 	 0.8723 	 16 	 17 
54.90 	 0.0000 	 0.8692 	 16 	 17 
55.00 	 0.0000 	 0.8687 	 16 	 14 
55.10 	 3.0414 	 0.8641 	 16 	 14 
55.20 	 6.0827 	 0.8632 	 16 	 1 
55.30 	 0.0000 	 0.8612 	 16 	 1 
55.40 	 0.0000 	 0.8609 	 17 	 1 
55.50 	 0.0000 	 0.8599 	 17 	 2 
55.60 	 0.0000 	 0.8575 	 17 	 4 
55.70 	 0.0000 	 0.8554 	 17 	 9 
55.80 	 3.0414 	 0.8540 	 17 	 1 
55.90 	 0.0000 	 0.8544 	 17 	 1 
56.00 	 0.0000 	 0.8541 	 17 	 10 
56.10 	 0.0000 	 0.8525 	 17 	 17 
56.20 	 0.0000 	 0.8522 	 17 	 2 
56.30 	 0.0000 	 0.8500 	 17 	 2 
56.40 	 0.0000 	 0.8471 	 17 	 0 
56.50 	 3.0414 	 0.8457 	 17 	 3 
56.60 	 0.0000 	 0.8440 	 17 	 3 
56.70 	 0.0000 	 0.8420 	 17 	 14 
56.80 	 6.0827 	 0.8398 	 17 	 1 
56.90 	 0.0000 	 0.8398 	 17 	 1 
57.00 	 0.0000 	 0.8402 	 17 	 2 
57.10 	 0.0000 	 0.8394 	 17 	 2 
57.20 	 0.0000 	 0.8396 	 17 	 2 
57.30 	 0.0000 	 0.8402 	 17 	 10 
57.40 	 0.0000 	 0.8413 	 17 	 10 
57.50 	 0.0000 	 0.8426 	 17 	 10 
57.60 	 0.0000 	 0.8443 	 17 	 0 
57.70 	 0.0000 	 0.8460 	 17 	 3 
57.80 	 0.0000 	 0.8471 	 17 	 10 
57.90 	 3.0414 	 0.8480 	 17 	 10 
58.00 	 3.0414 	 0.8468 	 17 	 2 
58.10 	 0.0000 	 0.8463 	 17 	 2 
58.20 	 3.0414 	 0.8464 	 17 	 2 
58.30 	 0.0000 	 0.8448 	 17 	 2 
58.40 	 0.0000 	 0.8440 	 18 	 5 
58.50 	 0.0000 	 0.8439 	 18 	 2 
58.60 	 0.0000 	 0.8431 	 18 	 2 
58.70 	 3.0414 	 0.8410 	 18 	 10 
58.80 	 0.0000 	 0.8399 	 18 	 10 
58.90 	 0.0000 	 0.8382 	 18 	 2 
59.00 	 0.0000 	 0.8372 	 18 	 2 
59.10 	 0.0000 	 0.8349 	 18 	 2 
59.20 	 6.0827 	 0.8340 	 18 	 1 
59.30 	 0.0000 	 0.8350 	 18 	 11 
59.40 	 0.0000 	 0.8351 	 18 	 19 
59.50 	 0.0000 	 0.8359 	 18 	 4 
59.60 	 0.0000 	 0.8364 	 18 	 9 
59.70 	 0.0000 	 0.8356 	 18 	 0 
59.80 	 0.0000 	 0.8352 	 18 	 0 
59.90 	 0.0000 	 0.8345 	 18 	 0 
60.00 	 0.0000 	 0.8341 	 18 	 0 
60.10 	 6.0827 	 0.8345 	 18 	 2 
60.20 	 0.0000 	 0.8340 	 18 	 3 
60.30 	 3.0414 	 0.8330 	 18 	 1 
60.40 	 0.0000 	 0.8338 	 18 	 1 
60.50 	 0.0000 	 0.8353 	 18 	 11 
60.60 	 0.0000 	 0.8354 	 18 	 4 
60.70 	 0.0000 	 0.8355 	 18 	 11 
60.80 	 0.0000 	 0.8357 	 18 	 11 
60.90 	 0.0000 	 0.8364 	 18 	 3 
61.00 	 0.0000 	 0.8368 	 18 	 3 
61.10 	 0.0000 	 0.8366 	 18 	 0 
61.20 	 0.0000 	 0.8362 	 18 	 0 
61.30 	 0.0000 	 0.8377 	 18 	 0 
61.40 	 3.0414 	 0.8371 	 19 	 3 
61.50 	 3.0414 	 0.8372 	 19 	 3 
61.60 	 0.0000 	 0.8374 	 19 	 3 
61.70 	 3.0414 	 0.8366 	 19 	 3 
61.80 	 0.0000 	 0.8353 	 19 	 3 
61.90 	 0.0000 	 0.8345 	 19 	 11 
62.00 	 0.0000 	 0.8335 	 19 	 11 
62.10 	 0.0000 	 0.8327 	 19 	 4 
62.20 	 0.0000 	 0.8323 	 19 	 5 
62.30 	 0.0000 	 0.8316 	 19 	 0 
62.40 	 0.0000 	 0.8312 	 19 	 12 
62.50 	 0.0000 	 0.8312 	 19 	 0 
62.60 	 3.0414 	 0.8329 	 19 	 12 
62.70 	 6.0827 	 0.8344 	 19 	 1 
62.80 	 0.0000 	 0.8359 	 19 	 1 
62.90 	 0.0000 	 0.8372 	 19 	 1 
63.00 	 0.0000 	 0.8383 	 19 	 4 
63.10 	 0.0000 	 0.8395 	 19 	 4 
63.20 	 0.0000 	 0.8402 	 19 	 11 
63.30 	 0.0000 	 0.8412 	 19 	 2 
63.40 	 0.0000 	 0.8414 	 19 	 2 
63.50 	 0.0000 	 0.8432 	 19 	 4 
63.60 	 0.0000 	 0.8427 	 19 	 12 
63.70 	 0.0000 	 0.8424 	 19 	 0 
63.80 	 3.0414 	 0.8425 	 19 	 12 
63.90 	 0.0000 	 0.8428 	 19 	 12 
64.00 	 6.0827 	 0.8402 	 19 	 12 
64.10 	 0.0000 	 0.8405 	 19 	 4 
64.20 	 0.0000 	 0.8400 	 19 	 4 
64.30 	 0.0000 	 0.8386 	 19 	 4 
64.40 	 0.0000 	 0.8381 	 19 	 4 
64.50 	 0.0000 	 0.8378 	 0 	 5 
64.60 	 0.0000 	 0.8372 	 0 	 0 
64.70 	 3.0414 	 0.8362 	 0 	 0 
64.80 	 0.0000 	 0.8359 	 0 	 0 
64.90 	 0.0000 	 0.8352 	 0 	 0 
65.00 	 3.0414 	 0.8353 	 0 	 12 
65.10 	 0.0000 	 0.8339 	 0 	 12 
65.20 	 0.0000 	 0.8339 	 0 	 12 
65.30 	 3.0414 	 0.8329 	 0 	 6 
65.40 	 3.0414 	 0.8339 	 0 	 1 
65.50 	 0.0000 	 0.8325 	 0 	 13 
65.60 	 0.0000 	 0.8339 	 0 	 13 
65.70 	 0.0000 	 0.8324 	 0 	 2 
65.80 	 0.0000 	 0.8329 	 0 	 0 
65.90 	 0.0000 	 0.8330 	 0 	 0 
66.00 	 0.0000 	 0.8337 	 0 	 0 
66.10 	 0.0000 	 0.8341 	 0 	 0 
66.20 	 3.0414 	 0.8333 	 0 	 12 
66.30 	 0.0000 	 0.8335 	 0 	 12 
66.40 	 3.0414 	 0.8341 	 0 	 12 
66.50 	 0.0000 	 0.8338 	 0 	 1 
66.60 	 0.0000 	 0.8330 	 0 	 1 
66.70 	 0.0000 	 0.8316 	 0 	 5 
66.80 	 3.0414 	 0.8310 	 0 	 13 
66.90 	 0.0000 	 0.8309 	 0 	 13 
67.00 	 0.0000 	 0.8309 	 0 	 5 
67.10 	 0.0000 	 0.8297 	 0 	 5 
67.20 	 0.0000 	 0.8304 	 0 	 5 
67.30 	 0.0000 	 0.8309 	 0 	 5 
67.40 	 0.0000 	 0.8320 	 0 	 0 
67.50 	 6.0827 	 0.8330 	 1 	 1 
67.60 	 3.0414 	 0.8320 	 1 	 1 
67.70 	 0.0000 	 0.8341 	 1 	 1 
67.80 	 0.0000 	 0.8351 	 1 	 1 
67.90 	 0.0000 	 0.8374 	 1 	 5 
68.00 	 0.0000 	 0.8367 	 1 	 17 
68.10 	 0.0000 	 0.8371 	 1 	 17 
68.20 	 3.0414 	 0.8371 	 1 	 2 
68.30 	 0.0000 	 0.8344 	 1 	 2 
68.40 	 0.0000 	 0.8343 	 1 	 7 
68.50 	 0.0000 	 0.8333 	 1 	 3 
68.60 	 3.0414 	 0.8352 	 1 	 3 
68.70 	 3.0414 	 0.8338 	 1 	 14 
68.80 	 0.0000 	 0.8322 	 1 	 1 
68.90 	 0.0000 	 0.8326 	 1 	 1 
69.00 	 0.0000 	 0.8331 	 1 	 1 
69.10 	 0.0000 	 0.8354 	 1 	 4 
69.20 	 0.0000 	 0.8344 	 1 	 4 
69.30 	 3.0414 	 0.8343 	 1 	 1 
69.40 	 0.0000 	 0.8348 	 1 	 2 
69.50 	 0.0000 	 0.8361 	 1 	 2 
69.60 	 0.0000 	 0.8372 	 1 	 6 
69.70 	 3.0414 	 0.8384 	 1 	 6 
69.80 	 0.0000 	 0.8402 	 1 	 6 
69.90 	 0.0000 	 0.8418 	 1 	 14 
70.00 	 3.0414 	 0.8433 	 1 	 1 
70.10 	 0.0000 	 0.8435 	 1 	 1 
70.20 	 0.0000 	 0.8467 	 1 	 6 
70.30 	 0.0000 	 0.8483 	 1 	 6 
70.40 	 3.0414 	 0.8504 	 2 	 2 
70.50 	 3.0414 	 0.8510 	 2 	 1 
70.60 	 0.0000 	 0.8531 	 2 	 2 
70.70 	 0.0000 	 0.8532 	 2 	 2 
70.80 	 0.0000 	 0.8522 	 2 	 2 
70.90 	 0.0000 	 0.8525 	 2 	 6 
71.00 	 3.0414 	 0.8542 	 2 	 1 
71.10 	 0.0000 	 0.8567 	 2 	 2 
71.20 	 0.0000 	 0.8572 	 2 	 3 
71.30 	 0.0000 	 0.8588 	 2 	 8 
71.40 	 0.0000 	 0.8596 	 2 	 3 
71.50 	 0.0000 	 0.8600 	 2 	 9 
71.60 	 0.0000 	 0.8602 	 2 	 0 
71.70 	 3.0414 	 0.8593 	 2 	 4 
71.80 	 0.0000 	 0.8605 	 2 	 2 
71.90 	 3.0414 	 0.8618 	 2 	 2 
72.00 	 3.0414 	 0.8631 	 2 	 1 
72.10 	 0.0000 	 0.8651 	 2 	 1 
72.20 	 0.0000 	 0.8640 	 2 	 1 
72.30 	 0.0000 	 0.8637 	 2 	 1 
72.40 	 0.0000 	 0.8656 	 2 	 3 
72.50 	 0.0000 	 0.8649 	 2 	 3 
72.60 	 0.0000 	 0.8641 	 2 	 3 
72.70 	 0.0000 	 0.8666 	 2 	 3 
72.80 	 0.0000 	 0.8671 	 2 	 0 
72.90 	 0.0000 	 0.8691 	 2 	 0 
73.00 	 3.0414 	 0.8664 	 2 	 2 
73.10 	 3.0414 	 0.8662 	 2 	 2 
73.20 	 0.0000 	 0.8634 	 2 	 2 
73.30 	 0.0000 	 0.8625 	 2 	 7 
73.40 	 3.0414 	 0.8630 	 2 	 2 
73.50 	 0.0000 	 0.8637 	 2 	 2 
73.60 	 0.0000 	 0.8631 	 2 	 2 
73.70 	 0.0000 	 0.8630 	 3 	 3 
73.80 	 0.0000 	 0.8658 	 3 	 0 
73.90 	 0.0000 	 0.8681 	 3 	 0 
74.00 	 0.0000 	 0.8701 	 3 	 0 
74.10 	 0.0000 	 0.8712 	 3 	 0 
74.20 	 0.0000 	 0.8745 	 3 	 0 
74.30 	 6.0827 	 0.8793 	 3 	 3 
74.40 	 3.0414 	 0.8833 	 3 	 1 
74.50 	 0.0000 	 0.8872 	 3 	 1 
74.60 	 0.0000 	 0.8898 	 3 	 1 
74.70 	 0.0000 	 0.8904 	 3 	 1 
74.80 	 0.0000 	 0.8916 	 3 	 2 
74.90 	 0.0000 	 0.8946 	 3 	 0 
75.00 	 0.0000 	 0.8975 	 3 	 0 
75.10 	 3.0414 	 0.8988 	 3 	 2 
75.20 	 0.0000 	 0.8987 	 3 	 2 
75.30 	 0.0000 	 0.8995 	 3 	 2 
75.40 	 0.0000 	 0.8974 	 3 	 2 
75.50 	 3.0414 	 0.8981 	 3 	 3 
75.60 	 3.0414 	 0.8987 	 3 	 1 
75.70 	 0.0000 	 0.8985 	 3 	 1 
75.80 	 0.0000 	 0.8987 	 3 	 4 
75.90 	 0.0000 	 0.9018 	 3 	 11 
76.00 	 0.0000 	 0.9031 	 3 	 11 
76.10 	 0.0000 	 0.9050 	 3 	 0 
76.20 	 0.0000 	 0.9073 	 3 	 3 
76.30 	 0.0000 	 0.9066 	 3 	 3 
76.40 	 0.0000 	 0.9060 	 3 	 3 
76.50 	 3.0414 	 0.9071 	 3 	 3 
76.60 	 0.0000 	 0.9077 	 3 	 0 
76.70 	 3.0414 	 0.9108 	 3 	 3 
76.80 	 3.0414 	 0.9127 	 3 	 1 
76.90 	 0.0000 	 0.9154 	 3 	 3 
77.00 	 0.0000 	 0.9174 	 4 	 1 
77.10 	 0.0000 	 0.9171 	 4 	 1 
77.20 	 0.0000 	 0.9169 	 4 	 3 
77.30 	 0.0000 	 0.9164 	 4 	 3 
77.40 	 0.0000 	 0.9154 	 4 	 0 
77.50 	 0.0000 	 0.9168 	 4 	 0 
77.60 	 0.0000 	 0.9171 	 4 	 0 
77.70 	 0.0000 	 0.9160 	 4 	 0 
77.80 	 3.0414 	 0.9157 	 4 	 0 
77.90 	 6.0827 	 0.9124 	 4 	 1 
78.00 	 0.0000 	 0.9119 	 4 	 4 
78.10 	 0.0000 	 0.9108 	 4 	 4 
78.20 	 0.0000 	 0.9127 	 4 	 3 
78.30 	 0.0000 	 0.9142 	 4 	 3 
78.40 	 0.0000 	 0.9172 	 4 	 0 
78.50 	 0.0000 	 0.9177 	 4 	 0 
78.60 	 3.0414 	 0.9187 	 4 	 2 
78.70 	 0.0000 	 0.9192 	 4 	 16 
78.80 	 0.0000 	 0.9221 	 4 	 2 
78.90 	 3.0414 	 0.9266 	 4 	 17 
79.00 	 0.0000 	 0.9281 	 4 	 4 
79.10 	 0.0000 	 0.9309 	 4 	 4 
79.20 	 3.0414 	 0.9317 	 4 	 1 
79.30 	 0.0000 	 0.9336 	 4 	 1 
79.40 	 0.0000 	 0.9340 	 4 	 4 
79.50 	 3.0414 	 0.9349 	 4 	 1 
79.60 	 0.0000 	 0.9363 	 4 	 4 
79.70 	 3.0414 	 0.9377 	 4 	 2 
79.80 	 0.0000 	 0.9384 	 4 	 2 
79.90 	 0.0000 	 0.9408 	 4 	 4 
80.00 	 0.0000 	 0.9397 	 5 	 2 
80.10 	 3.0414 	 0.9419 	 5 	 1 
80.20 	 0.0000 	 0.9442 	 5 	 1 
80.30 	 0.0000 	 0.9471 	 5 	 1 
80.40 	 0.0000 	 0.9476 	 5 	 0 
80.50 	 0.0000 	 0.9485 	 5 	 0 
80.60 	 3.0414 	 0.9509 	 5 	 1 
80.70 	 0.0000 	 0.9516 	 5 	 4 
80.80 	 0.0000 	 0.9545 	 5 	 5 
80.90 	 3.0414 	 0.9544 	 5 	 5 
81.00 	 3.0414 	 0.9555 	 5 	 1 
81.10 	 0.0000 	 0.9562 	 5 	 1 
81.20 	 0.0000 	 0.9582 	 5 	 1 
81.30 	 0.0000 	 0.9606 	 5 	 1 
81.40 	 0.0000 	 0.9585 	 5 	 19 
81.50 	 0.0000 	 0.9617 	 5 	 19 
81.60 	 0.0000 	 0.9622 	 5 	 19 
81.70 	 0.0000 	 0.9627 	 5 	 0 
81.80 	 0.0000 	 0.9617 	 5 	 0 
81.90 	 3.0414 	 0.9612 	 5 	 0 
82.00 	 3.0414 	 0.9594 	 5 	 5 
82.10 	 0.0000 	 0.9566 	 5 	 5 
82.20 	 0.0000 	 0.9547 	 5 	 5 
82.30 	 3.0414 	 0.9537 	 5 	 1 
82.40 	 0.0000 	 0.9511 	 5 	 3 
82.50 	 0.0000 	 0.9472 	 5 	 3 
82.60 	 0.0000 	 0.9473 	 6 	 3 
82.70 	 0.0000 	 0.9466 	 6 	 19 
82.80 	 0.0000 	 0.9457 	 6 	 5 
82.90 	 0.0000 	 0.9447 	 6 	 19 
83.00 	 0.0000 	 0.9446 	 6 	 19 
83.10 	 0.0000 	 0.9435 	 6 	 0 
83.20 	 3.0414 	 0.9444 	 6 	 0 
83.30 	 3.0414 	 0.9452 	 6 	 2 
83.40 	 3.0414 	 0.9442 	 6 	 19 
83.50 	 0.0000 	 0.9434 	 6 	 6 
83.60 	 0.0000 	 0.9417 	 6 	 19 
83.70 	 0.0000 	 0.9408 	 6 	 19 
83.80 	 0.0000 	 0.9412 	 6 	 19 
83.90 	 3.0414 	 0.9406 	 6 	 2 
84.00 	 0.0000 	 0.9415 	 6 	 0 
84.10 	 0.0000 	 0.9400 	 6 	 0 
84.20 	 0.0000 	 0.9386 	 6 	 0 
84.30 	 0.0000 	 0.9401 	 6 	 0 
84.40 	 0.0000 	 0.9422 	 6 	 0 
84.50 	 0.0000 	 0.9412 	 6 	 19 
84.60 	 0.0000 	 0.9405 	 6 	 19 
84.70 	 3.0414 	 0.9420 	 6 	 0 
84.80 	 3.0414 	 0.9427 	 6 	 0 
84.90 	 3.0414 	 0.9440 	 6 	 1 
85.00 	 0.0000 	 0.9431 	 6 	 18 
85.10 	 0.0000 	 0.9440 	 7 	 0 
85.20 	 0.0000 	 0.9432 	 7 	 0 
85.30 	 0.0000 	 0.9440 	 7 	 4 
85.40 	 0.0000 	 0.9450 	 7 	 0 
85.50 	 0.0000 	 0.9433 	 7 	 0 
85.60 	 0.0000 	 0.9423 	 7 	 0 
85.70 	 0.0000 	 0.9399 	 7 	 0 
85.80 	 3.0414 	 0.9368 	 7 	 0 
85.90 	 0.0000 	 0.9329 	 7 	 0 
86.00 	 3.0414 	 0.9315 	 7 	 0 
86.10 	 0.0000 	 0.9285 	 7 	 0 
86.20 	 3.0414 	 0.9263 	 7 	 3 
86.30 	 0.0000 	 0.9263 	 7 	 0 
86.40 	 0.0000 	 0.9270 	 7 	 0 
86.50 	 0.0000 	 0.9244 	 7 	 0 
86.60 	 0.0000 	 0.9211 	 7 	 0 
86.70 	 3.0414 	 0.9209 	 7 	 0 
86.80 	 0.0000 	 0.9194 	 7 	 0 
86.90 	 0.0000 	 0.9182 	 7 	 0 
87.00 	 0.0000 	 0.9174 	 7 	 0 
87.10 	 6.0827 	 0.9167 	 7 	 1 
87.20 	 0.0000 	 0.9184 	 7 	 1 
87.30 	 0.0000 	 0.9196 	 7 	 0 
87.40 	 0.0000 	 0.9189 	 7 	 0 
87.50 	 0.0000 	 0.9191 	 7 	 0 
87.60 	 3.0414 	 0.9191 	 8 	 0 
87.70 	 0.0000 	 0.9188 	 8 	 0 
87.80 	 0.0000 	 0.9182 	 8 	 0 
87.90 	 3.0414 	 0.9175 	 8 	 2 
88.00 	 3.0414 	 0.9171 	 8 	 1 
88.10 	 0.0000 	 0.9161 	 8 	 1 
88.20 	 0.0000 	 0.9122 	 8 	 1 
88.30 	 0.0000 	 0.9112 	 8 	 1 
88.40 	 0.0000 	 0.9103 	 8 	 8 
88.50 	 0.0000 	 0.9092 	 8 	 8 
88.60 	 0.0000 	 0.9091 	 8 	 0 
88.70 	 0.0000 	 0.9082 	 8 	 0 
88.80 	 3.0414 	 0.9089 	 8 	 1 
88.90 	 6.0827 	 0.9084 	 8 	 1 
89.00 	 0.0000 	 0.9077 	 8 	 1 
89.10 	 0.0000 	 0.9077 	 8 	 1 
89.20 	 0.0000 	 0.9056 	 8 	 1 
89.30 	 0.0000 	 0.9041 	 8 	 1 
89.40 	 0.0000 	 0.9037 	 8 	 0 
89.50 	 3.0414 	 0.9031 	 8 	 1 
89.60 	 0.0000 	 0.9017 	 8 	 1 
89.70 	 0.0000 	 0.9022 	 8 	 1 
89.80 	 0.0000 	 0.9022 	 8 	 1 
89.90 	 0.0000 	 0.9003 	 9 	 1 
90.00 	 0.0000 	 0.9004 	 9 	 1 
90.10 	 0.0000 	 0.9016 	 9 	 2 
90.20 	 3.0414 	 0.9025 	 9 	 2 
90.30 	 0.0000 	 0.9019 	 9 	 0 
90.40 	 3.0414 	 0.9002 	 9 	 1 
90.50 	 3.0414 	 0.9001 	 9 	 1 
90.60 	 0.0000 	 0.9012 	 9 	 1 
90.70 	 0.0000 	 0.8997 	 9 	 1 
90.80 	 0.0000 	 0.9004 	 9 	 1 
90.90 	 0.0000 	 0.8993 	 9 	 9 
91.00 	 0.0000 	 0.8992 	 9 	 9 
91.10 	 0.0000 	 0.9001 	 9 	 0 
91.20 	 0.0000 	 0.9025 	 9 	 0 
91.30 	 0.0000 	 0.9012 	 9 	 0 
91.40 	 3.0414 	 0.9025 	 9 	 0 
91.50 	 3.0414 	 0.9008 	 9 	 1 
91.60 	 0.0000 	 0.9002 	 9 	 1 
91.70 	 0.0000 	 0.8992 	 9 	 2 
91.80 	 3.0414 	 0.8979 	 9 	 2 
91.90 	 0.0000 	 0.8949 	 9 	 2 
92.00 	 0.0000 	 0.8919 	 9 	 2 
92.10 	 0.0000 	 0.8906 	 9 	 2 
92.20 	 0.0000 	 0.8882 	 9 	 2 
92.30 	 0.0000 	 0.8870 	 9 	 2 
92.40 	 6.0827 	 0.8857 	 9 	 2 
92.50 	 0.0000 	 0.8851 	 9 	 2 
92.60 	 0.0000 	 0.8862 	 9 	 2 
92.70 	 0.0000 	 0.8855 	 10 	 2 
92.80 	 0.0000 	 0.8852 	 10 	 2 
92.90 	 3.0414 	 0.8859 	 10 	 1 
93.00 	 0.0000 	 0.8854 	 10 	 1 
93.10 	 0.0000 	 0.8853 	 10 	 14 
93.20 	 0.0000 	 0.8886 	 10 	 0 
93.30 	 0.0000 	 0.8890 	 10 	 2 
93.40 	 3.0414 	 0.8900 	 10 	 2 
93.50 	 0.0000 	 0.8911 	 10 	 2 
93.60 	 0.0000 	 0.8910 	 10 	 2 
93.70 	 0.0000 	 0.8925 	 10 	 18 
93.80 	 3.0414 	 0.8953 	 10 	 10 
93.90 	 0.0000 	 0.8971 	 10 	 18 
94.00 	 0.0000 	 0.8991 	 10 	 3 
94.10 	 0.0000 	 0.8998 	 10 	 3 
94.20 	 3.0414 	 0.9012 	 10 	 1 
94.30 	 3.0414 	 0.9011 	 10 	 1 
94.40 	 0.0000 	 0.9017 	 10 	 2 
94.50 	 0.0000 	 0.9023 	 10 	 2 
94.60 	 0.0000 	 0.9031 	 10 	 2 
94.70 	 0.0000 	 0.9019 	 10 	 3 
94.80 	 0.0000 	 0.9010 	 10 	 3 
94.90 	 0.0000 	 0.8999 	 10 	 0 
95.00 	 0.0000 	 0.9003 	 10 	 0 
95.10 	 0.0000 	 0.8992 	 10 	 0 
95.20 	 3.0414 	 0.8984 	 10 	 15 
95.30 	 0.0000 	 0.8977 	 11 	 0 
95.40 	 3.0414 	 0.8962 	 11 	 3 
95.50 	 3.0414 	 0.8959 	 11 	 3 
95.60 	 0.0000 	 0.8975 	 11 	 2 
95.70 	 0.0000 	 0.8955 	 11 	 2 
95.80 	 0.0000 	 0.8964 	 11 	 2 
95.90 	 0.0000 	 0.8952 	 11 	 2 
96.00 	 3.0414 	 0.8937 	 11 	 3 
96.10 	 0.0000 	 0.8926 	 11 	 3 
96.20 	 0.0000 	 0.8910 	 11 	 3 
96.30 	 0.0000 	 0.8912 	 11 	 11 
96.40 	 0.0000 	 0.8930 	 11 	 11 
96.50 	 0.0000 	 0.8925 	 11 	 11 
96.60 	 0.0000 	 0.8929 	 11 	 11 
96.70 	 3.0414 	 0.8928 	 11 	 11 
96.80 	 0.0000 	 0.8942 	 11 	 4 
96.90 	 3.0414 	 0.8950 	 11 	 4 
97.00 	 0.0000 	 0.8956 	 11 	 2 
97.10 	 0.0000 	 0.8976 	 11 	 0 
97.20 	 0.0000 	 0.9001 	 11 	 0 
97.30 	 3.0414 	 0.8996 	 11 	 4 
97.40 	 0.0000 	 0.8998 	 11 	 3 
97.50 	 0.0000 	 0.9018 	 11 	 3 
97.60 	 0.0000 	 0.9038 	 11 	 0 
97.70 	 3.0414 	 0.9040 	 11 	 4 
97.80 	 0.0000 	 0.9070 	 12 	 4 
97.90 	 3.0414 	 0.9093 	 12 	 1 
98.00 	 0.0000 	 0.9122 	 12 	 4 
98.10 	 3.0414 	 0.9131 	 12 	 4 
98.20 	 0.0000 	 0.9181 	 12 	 4 
98.30 	 0.0000 	 0.9215 	 12 	 4 
98.40 	 0.0000 	 0.9228 	 12 	 4 
98.50 	 0.0000 	 0.9263 	 12 	 0 
98.60 	 0.0000 	 0.9284 	 12 	 0 
98.70 	 3.0414 	 0.9304 	 12 	 4 
98.80 	 0.0000 	 0.9331 	 12 	 4 
98.90 	 0.0000 	 0.9350 	 12 	 0 
99.00 	 3.0414 	 0.9356 	 12 	 12 
99.10 	 0.0000 	 0.9323 	 12 	 12 
99.20 	 0.0000 	 0.9325 	 12 	 12 
99.30 	 0.0000 	 0.9310 	 12 	 0 
99.40 	 0.0000 	 0.9303 	 12 	 0 
99.50 	 0.0000 	 0.9292 	 12 	 0 
99.60 	 0.0000 	 0.9295 	 12 	 0 
99.70 	 0.0000 	 0.9295 	 12 	 0 
99.80 	 6.0827 	 0.9285 	 12 	 3 
99.90 	 3.0414 	 0.9292 	 12 	 1 
100.00 	 0.0000 	 0.9318 	 12 	 1 
100.10 	 0.0000 	 0.9330 	 12 	 1 
100.20 	 0.0000 	 0.9329 	 12 	 5 
100.30 	 0.0000 	 0.9340 	 13 	 13 
100.40 	 0.0000 	 0.9311 	 13 	 5 
100.50 	 0.0000 	 0.9298 	 13 	 5 
100.60 	 0.0000 	 0.9275 	 13 	 0 
100.70 	 3.0414 	 0.9240 	 13 	 5 
100.80 	 0.0000 	 0.9211 	 13 	 5 
100.90 	 3.0414 	 0.9200 	 13 	 5 
101.00 	 3.0414 	 0.9193 	 13 	 5 
101.10 	 0.0000 	 0.9157 	 13 	 5 
101.20 	 0.0000 	 0.9141 	 13 	 4 
101.30 	 0.0000 	 0.9135 	 13 	 4 
101.40 	 3.0414 	 0.9152 	 13 	 4 
101.50 	 0.0000 	 0.9169 	 13 	 13 
101.60 	 0.0000 	 0.9189 	 13 	 13 
101.70 	 0.0000 	 0.9218 	 13 	 5 
101.80 	 3.0414 	 0.9229 	 13 	 5 
101.90 	 0.0000 	 0.9265 	 13 	 3 
102.00 	 0.0000 	 0.9267 	 13 	 11 
102.10 	 3.0414 	 0.9296 	 13 	 1 
102.20 	 3.0414 	 0.9314 	 13 	 1 
102.30 	 0.0000 	 0.9332 	 13 	 1 
102.40 	 0.0000 	 0.9343 	 13 	 2 
102.50 	 0.0000 	 0.9356 	 13 	 4 
102.60 	 0.0000 	 0.9370 	 13 	 2 
102.70 	 0.0000 	 0.9369 	 13 	 6 
102.80 	 0.0000 	 0.9373 	 13 	 5 
102.90 	 0.0000 	 0.9378 	 13 	 5 
103.00 	 3.0414 	 0.9398 	 14 	 15 
103.10 	 0.0000 	 0.9403 	 14 	 3 
103.20 	 0.0000 	 0.9404 	 14 	 0 
103.30 	 0.0000 	 0.9384 	 14 	 11 
103.40 	 3.0414 	 0.9405 	 14 	 6 
103.50 	 0.0000 	 0.9418 	 14 	 6 
103.60 	 3.0414 	 0.9423 	 14 	 6 
103.70 	 0.0000 	 0.9421 	 14 	 3 
103.80 	 0.0000 	 0.9416 	 14 	 3 
103.90 	 3.0414 	 0.9396 	 14 	 6 
104.00 	 0.0000 	 0.9395 	 14 	 5 
104.10 	 0.0000 	 0.9381 	 14 	 5 
104.20 	 3.0414 	 0.9367 	 14 	 11 
104.30 	 0.0000 	 0.9345 	 14 	 1 
104.40 	 0.0000 	 0.9331 	 14 	 6 
104.50 	 0.0000 	 0.9320 	 14 	 6 
104.60 	 0.0000 	 0.9304 	 14 	 6 
104.70 	 3.0414 	 0.9315 	 14 	 4 
104.80 	 3.0414 	 0.9323 	 14 	 2 
104.90 	 0.0000 	 0.9328 	 14 	 3 
105.00 	 3.0414 	 0.9313 	 14 	 3 
105.10 	 0.0000 	 0.9308 	 14 	 3 
105.20 	 0.0000 	 0.9291 	 14 	 3 
105.30 	 0.0000 	 0.9287 	 14 	 5 
105.40 	 0.0000 	 0.9293 	 14 	 5 
105.50 	 0.0000 	 0.9289 	 14 	 5 
105.60 	 0.0000 	 0.9291 	 14 	 16 
105.70 	 0.0000 	 0.9301 	 14 	 6 
105.80 	 0.0000 	 0.9309 	 15 	 4 
105.90 	 6.0827 	 0.9311 	 15 	 1 
106.00 	 0.0000 	 0.9303 	 15 	 1 
106.10 	 0.0000 	 0.9296 	 15 	 7 
106.20 	 0.0000 	 0.9291 	 15 	 7 
106.30 	 3.0414 	 0.9279 	 15 	 7 
106.40 	 0.0000 	 0.9274 	 15 	 7 
106.50 	 0.0000 	 0.9284 	 15 	 7 
106.60 	 0.0000 	 0.9283 	 15 	 15 
106.70 	 0.0000 	 0.9285 	 15 	 4 
106.80 	 3.0414 	 0.9307 	 15 	 4 
106.90 	 0.0000 	 0.9310 	 15 	 6 
107.00 	 0.0000 	 0.9300 	 15 	 15 
107.10 	 3.0414 	 0.9313 	 15 	 3 
107.20 	 0.0000 	 0.9303 	 15 	 3 
107.30 	 0.0000 	 0.9302 	 15 	 7 
107.40 	 0.0000 	 0.9313 	 15 	 7 
107.50 	 0.0000 	 0.9323 	 15 	 3 
107.60 	 0.0000 	 0.9302 	 15 	 0 
107.70 	 3.0414 	 0.9306 	 15 	 0 
107.80 	 0.0000 	 0.9298 	 15 	 0 
107.90 	 0.0000 	 0.9292 	 15 	 0 
108.00 	 6.0827 	 0.9287 	 15 	 4 
108.10 	 0.0000 	 0.9298 	 15 	 4 
108.20 	 0.0000 	 0.9312 	 15 	 6 
108.30 	 0.0000 	 0.9325 	 15 	 19 
108.40 	 0.0000 	 0.9278 	 15 	 5 
108.50 	 0.0000 	 0.9260 	 15 	 3 
108.60 	 0.0000 	 0.9257 	 15 	 0 
108.70 	 0.0000 	 0.9233 	 16 	 0 
108.80 	 0.0000 	 0.9235 	 16 	 0 
108.90 	 3.0414 	 0.9231 	 16 	 0 
109.00 	 0.0000 	 0.9213 	 16 	 0 
109.10 	 0.0000 	 0.9241 	 16 	 8 
109.20 	 3.0414 	 0.9267 	 16 	 8 
109.30 	 3.0414 	 0.9286 	 16 	 8 
109.40 	 0.0000 	 0.9312 	 16 	 18 
109.50 	 0.0000 	 0.9315 	 16 	 18 
109.60 	 0.0000 	 0.9342 	 16 	 3 
109.70 	 0.0000 	 0.9363 	 16 	 0 
109.80 	 0.0000 	 0.9363 	 16 	 0 
109.90 	 0.0000 	 0.9379 	 16 	 0 
110.00 	 6.0827 	 0.9375 	 16 	 4 
110.10 	 3.0414 	 0.9361 	 16 	 8 
110.20 	 0.0000 	 0.9346 	 16 	 8 
110.30 	 0.0000 	 0.9357 	 16 	 1 
110.40 	 0.0000 	 0.9366 	 16 	 1 
110.50 	 0.0000 	 0.9387 	 16 	 1 
110.60 	 0.0000 	 0.9371 	 16 	 17 
110.70 	 3.0414 	 0.9364 	 16 	 18 
110.80 	 0.0000 	 0.9381 	 16 	 18 
110.90 	 0.0000 	 0.9381 	 16 	 18 
111.00 	 0.0000 	 0.9386 	 16 	 18 
111.10 	 3.0414 	 0.9386 	 16 	 18 
111.20 	 0.0000 	 0.9381 	 16 	 3 
111.30 	 3.0414 	 0.9380 	 17 	 1 
111.40 	 0.0000 	 0.9399 	 17 	 17 
111.50 	 0.0000 	 0.9411 	 17 	 4 
111.60 	 0.0000 	 0.9396 	 17 	 1 
111.70 	 3.0414 	 0.9387 	 17 	 1 
111.80 	 0.0000 	 0.9376 	 17 	 1 
111.90 	 0.0000 	 0.9385 	 17 	 1 
112.00 	 0.0000 	 0.9386 	 17 	 16 
112.10 	 0.0000 	 0.9393 	 17 	 16 
112.20 	 0.0000 	 0.9366 	 17 	 19 
112.30 	 3.0414 	 0.9352 	 17 	 19 
112.40 	 0.0000 	 0.9366 	 17 	 19 
112.50 	 0.0000 	 0.9376 	 17 	 3 
112.60 	 0.0000 	 0.9365 	 17 	 4 
112.70 	 3.0414 	 0.9364 	 17 	 1 
112.80 	 0.0000 	 0.9356 	 17 	 1 
112.90 	 3.0414 	 0.9345 	 17 	 5 
113.00 	 3.0414 	 0.9332 	 17 	 2 
113.10 	 0.0000 	 0.9306 	 17 	 18 
113.20 	 0.0000 	 0.9251 	 17 	 2 
113.30 	 0.0000 	 0.9252 	 17 	 2 
113.40 	 0.0000 	 0.9252 	 17 	 2 
113.50 	 0.0000 	 0.9231 	 17 	 19 
113.60 	 0.0000 	 0.9213 	 17 	 19 
113.70 	 0.0000 	 0.9216 	 17 	 3 
113.80 	 3.0414 	 0.9199 	 17 	 19 
113.90 	 0.0000 	 0.9185 	 17 	 0 
114.00 	 3.0414 	 0.9184 	 17 	 17 
114.10 	 3.0414 	 0.9165 	 17 	 1 
114.20 	 0.0000 	 0.9137 	 18 	 18 
114.30 	 0.0000 	 0.9117 	 18 	 1 
114.40 	 0.0000 	 0.9101 	 18 	 5 
114.50 	 0.0000 	 0.9086 	 18 	 2 
114.60 	 0.0000 	 0.9095 	 18 	 2 
114.70 	 0.0000 	 0.9095 	 18 	 2 
114.80 	 0.0000 	 0.9108 	 18 	 17 
114.90 	 0.0000 	 0.9129 	 18 	 0 
115.00 	 0.0000 	 0.9122 	 18 	 0 
115.10 	 0.0000 	 0.9152 	 18 	 0 
115.20 	 0.0000 	 0.9131 	 18 	 0 
115.30 	 0.0000 	 0.9151 	 18 	 0 
115.40 	 6.0827 	 0.9172 	 18 	 2 
115.50 	 0.0000 	 0.9165 	 18 	 0 
115.60 	 0.0000 	 0.9187 	 18 	 0 
115.70 	 0.0000 	 0.9203 	 18 	 0 
115.80 	 3.0414 	 0.9204 	 18 	 0 
115.90 	 0.0000 	 0.9229 	 18 	 0 
116.00 	 0.0000 	 0.9249 	 18 	 0 
116.10 	 0.0000 	 0.9256 	 18 	 0 
116.20 	 0.0000 	 0.9225 	 18 	 0 
116.30 	 3.0414 	 0.9240 	 18 	 0 
116.40 	 0.0000 	 0.9262 	 18 	 0 
116.50 	 3.0414 	 0.9284 	 18 	 0 
116.60 	 3.0414 	 0.9298 	 18 	 2 
116.70 	 0.0000 	 0.9318 	 18 	 2 
116.80 	 0.0000 	 0.9329 	 18 	 5 
116.90 	 0.0000 	 0.9344 	 18 	 5 
117.00 	 3.0414 	 0.9336 	 19 	 19 
117.10 	 0.0000 	 0.9339 	 19 	 19 
117.20 	 0.0000 	 0.9336 	 19 	 0 
117.30 	 0.0000 	 0.9320 	 19 	 0 
117.40 	 0.0000 	 0.9328 	 19 	 0 
117.50 	 3.0414 	 0.9302 	 19 	 0 
117.60 	 6.0827 	 0.9307 	 19 	 1 
117.70 	 0.0000 	 0.9280 	 19 	 1 
117.80 	 0.0000 	 0.9285 	 19 	 1 
117.90 	 0.0000 	 0.9280 	 19 	 1 
118.00 	 0.0000 	 0.9304 	 19 	 1 
118.10 	 0.0000 	 0.9301 	 19 	 1 
118.20 	 0.0000 	 0.9312 	 19 	 1 
118.30 	 0.0000 	 0.9344 	 19 	 1 
118.40 	 0.0000 	 0.9348 	 19 	 1 
118.50 	 0.0000 	 0.9343 	 19 	 0 
118.60 	 3.0414 	 0.9353 	 19 	 0 
118.70 	 0.0000 	 0.9338 	 19 	 0 
118.80 	 6.0827 	 0.9350 	 19 	 1 
118.90 	 0.0000 	 0.9360 	 19 	 1 
119.00 	 0.0000 	 0.9360 	 19 	 1 
119.10 	 0.0000 	 0.9358 	 19 	 1 
119.20 	 3.0414 	 0.9360 	 19 	 1 
119.30 	 0.0000 	 0.9360 	 19 	 1 
119.40 	 0.0000 	 0.9364 	 19 	 1 
119.50 	 0.0000 	 0.9368 	 19 	 1 
119.60 	 0.0000 	 0.9366 	 19 	 3 
119.70 	 0.0000 	 0.9363 	 19 	 0 
119.80 	 0.0000 	 0.9351 	 19 	 7 
119.90 	 0.0000 	 0.9357 	 0 	 0 
120.00 	 3.0414 	 0.9348 	 0 	 0 
120.10 	 0.0000 	 0.9358 	 0 	 0 
120.20 	 6.0827 	 0.9367 	 0 	 1 
120.30 	 0.0000 	 0.9377 	 0 	 1 
120.40 	 0.0000 	 0.9376 	 0 	 2 
120.50 	 0.0000 	 0.9373 	 0 	 19 
120.60 	 3.0414 	 0.9386 	 0 	 19 
120.70 	 0.0000 	 0.9379 	 0 	 19 
120.80 	 0.0000 	 0.9395 	 0 	 2 
120.90 	 0.0000 	 0.9395 	 0 	 0 
121.00 	 0.0000 	 0.9398 	 0 	 0 
121.10 	 0.0000 	 0.9385 	 0 	 0 
121.20 	 0.0000 	 0.9399 	 0 	 0 
121.30 	 0.0000 	 0.9406 	 0 	 0 
121.40 	 0.0000 	 0.9428 	 0 	 0 
121.50 	 3.0414 	 0.9423 	 0 	 5 
121.60 	 6.0827 	 0.9424 	 0 	 1 
121.70 	 0.0000 	 0.9437 	 0 	 1 
121.80 	 0.0000 	 0.9432 	 0 	 2 
121.90 	 0.0000 	 0.9453 	 0 	 4 
122.00 	 0.0000 	 0.9469 	 0 	 10 
122.10 	 0.0000 	 0.9470 	 0 	 2 
122.20 	 0.0000 	 0.9493 	 0 	 2 
122.30 	 0.0000 	 0.9493 	 0 	 0 
122.40 	 0.0000 	 0.9521 	 0 	 0 
122.50 	 0.0000 	 0.9546 	 0 	 0 
122.60 	 3.0414 	 0.9547 	 0 	 19 
122.70 	 3.0414 	 0.9581 	 0 	 1 
122.80 	 3.0414 	 0.9574 	 1 	 1 
122.90 	 0.0000 	 0.9594 	 1 	 19 
123.00 	 0.0000 	 0.9597 	 1 	 3 
123.10 	 0.0000 	 0.9575 	 1 	 0 
123.20 	 0.0000 	 0.9556 	 1 	 7 
123.30 	 0.0000 	 0.9548 	 1 	 0 
123.40 	 0.0000 	 0.9561 	 1 	 0 
123.50 	 0.0000 	 0.9528 	 1 	 0 
123.60 	 0.0000 	 0.9522 	 1 	 0 
123.70 	 3.0414 	 0.9537 	 1 	 0 
123.80 	 6.0827 	 0.9560 	 1 	 1 
123.90 	 0.0000 	 0.9593 	 1 	 1 
124.00 	 0.0000 	 0.9594 	 1 	 1 
124.10 	 0.0000 	 0.9613 	 1 	 1 
124.20 	 0.0000 	 0.9645 	 1 	 3 
124.30 	 0.0000 	 0.9629 	 1 	 14 
124.40 	 0.0000 	 0.9640 	 1 	 0 
124.50 	 3.0414 	 0.9646 	 1 	 0 
124.60 	 0.0000 	 0.9618 	 1 	 0 
124.70 	 0.0000 	 0.9619 	 1 	 14 
124.80 	 0.0000 	 0.9625 	 1 	 0 
124.90 	 3.0414 	 0.9603 	 1 	 9 
125.00 	 0.0000 	 0.9607 	 1 	 9 
125.10 	 0.0000 	 0.9632 	 1 	 6 
125.20 	 3.0414 	 0.9654 	 1 	 19 
125.30 	 0.0000 	 0.9673 	 1 	 0 
125.40 	 3.0414 	 0.9683 	 1 	 1 
125.50 	 0.0000 	 0.9699 	 1 	 4 
125.60 	 0.0000 	 0.9702 	 1 	 0 
125.70 	 3.0414 	 0.9723 	 2 	 14 
125.80 	 0.0000 	 0.9732 	 2 	 8 
125.90 	 0.0000 	 0.9735 	 2 	 8 
126.00 	 0.0000 	 0.9715 	 2 	 9 
126.10 	 3.0414 	 0.9710 	 2 	 9 
126.20 	 0.0000 	 0.9722 	 2 	 1 
126.30 	 0.0000 	 0.9719 	 2 	 10 
126.40 	 3.0414 	 0.9723 	 2 	 19 
126.50 	 0.0000 	 0.9722 	 2 	 4 
126.60 	 0.0000 	 0.9692 	 2 	 0 
126.70 	 0.0000 	 0.9664 	 2 	 4 
126.80 	 0.0000 	 0.9681 	 2 	 0 
126.90 	 0.0000 	 0.9680 	 2 	 0 
127.00 	 0.0000 	 0.9667 	 2 	 0 
127.10 	 3.0414 	 0.9678 	 2 	 9 
127.20 	 6.0827 	 0.9678 	 2 	 1 
127.30 	 0.0000 	 0.9683 	 2 	 1 
127.40 	 0.0000 	 0.9679 	 2 	 18 
127.50 	 0.0000 	 0.9675 	 2 	 1 
127.60 	 0.0000 	 0.9678 	 2 	 0 
127.70 	 0.0000 	 0.9689 	 2 	 0 
127.80 	 0.0000 	 0.9706 	 2 	 19 
127.90 	 0.0000 	 0.9714 	 2 	 0 
128.00 	 0.0000 	 0.9724 	 2 	 0 
128.10 	 0.0000 	 0.9704 	 2 	 0 
128.20 	 3.0414 	 0.9702 	 2 	 0 
128.30 	 3.0414 	 0.9710 	 2 	 15 
128.40 	 3.0414 	 0.9721 	 3 	 10 
128.50 	 0.0000 	 0.9722 	 3 	 10 
128.60 	 0.0000 	 0.9730 	 3 	 10 
128.70 	 0.0000 	 0.9728 	 3 	 11 
128.80 	 0.0000 	 0.9717 	 3 	 4 
128.90 	 0.0000 	 0.9736 	 3 	 2 
129.00 	 3.0414 	 0.9735 	 3 	 19 
129.10 	 0.0000 	 0.9727 	 3 	 3 
129.20 	 0.0000 	 0.9721 	 3 	 0 
129.30 	 6.0827 	 0.9696 	 3 	 5 
129.40 	 0.0000 	 0.9690 	 3 	 1 
129.50 	 0.0000 	 0.9670 	 3 	 1 
129.60 	 0.0000 	 0.9639 	 3 	 1 
129.70 	 0.0000 	 0.9634 	 3 	 10 
129.80 	 0.0000 	 0.9622 	 3 	 2 
129.90 	 0.0000 	 0.9623 	 3 	 11 
130.00 	 3.0414 	 0.9621 	 3 	 2 
130.10 	 3.0414 	 0.9600 	 3 	 3 
130.20 	 0.0000 	 0.9592 	 3 	 3 
130.30 	 0.0000 	 0.9615 	 3 	 10 
130.40 	 0.0000 	 0.9608 	 3 	 0 
130.50 	 0.0000 	 0.9586 	 3 	 0 
130.60 	 0.0000 	 0.9589 	 3 	 0 
130.70 	 6.0827 	 0.9593 	 3 	 1 
130.80 	 0.0000 	 0.9594 	 3 	 1 
130.90 	 0.0000 	 0.9602 	 4 	 11 
131.00 	 0.0000 	 0.9606 	 4 	 11 
131.10 	 3.0414 	 0.9612 	 4 	 11 
131.20 	 0.0000 	 0.9594 	 4 	 11 
131.30 	 0.0000 	 0.9586 	 4 	 12 
131.40 	 0.0000 	 0.9567 	 4 	 3 
131.50 	 3.0414 	 0.9559 	 4 	 1 
131.60 	 0.0000 	 0.9535 	 4 	 0 
131.70 	 0.0000 	 0.9520 	 4 	 0 
131.80 	 0.0000 	 0.9475 	 4 	 0 
131.90 	 0.0000 	 0.9448 	 4 	 0 
132.00 	 3.0414 	 0.9420 	 4 	 11 
132.10 	 3.0414 	 0.9401 	 4 	 11 
132.20 	 0.0000 	 0.9402 	 4 	 11 
132.30 	 0.0000 	 0.9399 	 4 	 2 
132.40 	 0.0000 	 0.9392 	 4 	 12 
132.50 	 0.0000 	 0.9407 	 4 	 12 
132.60 	 0.0000 	 0.9409 	 4 	 3 
132.70 	 0.0000 	 0.9397 	 4 	 14 
132.80 	 3.0414 	 0.9378 	 4 	 4 
132.90 	 0.0000 	 0.9365 	 4 	 14 
133.00 	 0.0000 	 0.9355 	 4 	 0 
133.10 	 3.0414 	 0.9333 	 4 	 2 
133.20 	 3.0414 	 0.9319 	 4 	 2 
133.30 	 0.0000 	 0.9314 	 4 	 2 
133.40 	 0.0000 	 0.9318 	 4 	 2 
133.50 	 0.0000 	 0.9291 	 5 	 2 
133.60 	 0.0000 	 0.9268 	 5 	 12 
133.70 	 3.0414 	 0.9270 	 5 	 12 
133.80 	 0.0000 	 0.9289 	 5 	 12 
133.90 	 0.0000 	 0.9291 	 5 	 12 
134.00 	 0.0000 	 0.9287 	 5 	 4 
134.10 	 0.0000 	 0.9269 	 5 	 2 
134.20 	 0.0000 	 0.9246 	 5 	 2 
134.30 	 6.0827 	 0.9242 	 5 	 2 
134.40 	 3.0414 	 0.9231 	 5 	 1 
134.50 	 0.0000 	 0.9211 	 5 	 1 
134.60 	 0.0000 	 0.9227 	 5 	 1 
134.70 	 0.0000 	 0.9242 	 5 	 1 
134.80 	 0.0000 	 0.9237 	 5 	 12 
134.90 	 0.0000 	 0.9225 	 5 	 12 
135.00 	 0.0000 	 0.9217 	 5 	 12 
135.10 	 0.0000 	 0.9234 	 5 	 4 
135.20 	 0.0000 	 0.9230 	 5 	 4 
135.30 	 0.0000 	 0.9206 	 5 	 4 
135.40 	 0.0000 	 0.9198 	 5 	 18 
135.50 	 3.0414 	 0.9186 	 5 	 2 
135.60 	 0.0000 	 0.9191 	 5 	 15 
135.70 	 3.0414 	 0.9168 	 5 	 3 
135.80 	 3.0414 	 0.9155 	 5 	 1 
135.90 	 0.0000 	 0.9166 	 5 	 1 
136.00 	 0.0000 	 0.9172 	 5 	 1 
136.10 	 0.0000 	 0.9157 	 6 	 3 
136.20 	 0.0000 	 0.9147 	 6 	 8 
136.30 	 3.0414 	 0.9136 	 6 	 8 
136.40 	 0.0000 	 0.9132 	 6 	 13 
136.50 	 0.0000 	 0.9134 	 6 	 14 
136.60 	 0.0000 	 0.9127 	 6 	 13 
136.70 	 3.0414 	 0.9121 	 6 	 1 
136.80 	 0.0000 	 0.9131 	 6 	 3 
136.90 	 0.0000 	 0.9133 	 6 	 3 
137.00 	 0.0000 	 0.9139 	 6 	 3 
137.10 	 0.0000 	 0.9134 	 6 	 3 
137.20 	 3.0414 	 0.9144 	 6 	 13 
137.30 	 0.0000 	 0.9150 	 6 	 2 
137.40 	 3.0414 	 0.9166 	 6 	 2 
137.50 	 0.0000 	 0.9179 	 6 	 2 
137.60 	 0.0000 	 0.9173 	 6 	 13 
137.70 	 0.0000 	 0.9163 	 6 	 2 
137.80 	 0.0000 	 0.9173 	 6 	 13 
137.90 	 0.0000 	 0.9172 	 6 	 5 
138.00 	 0.0000 	 0.9163 	 6 	 9 
138.10 	 3.0414 	 0.9179 	 6 	 16 
138.20 	 0.0000 	 0.9191 	 6 	 3 
138.30 	 0.0000 	 0.9175 	 6 	 3 
138.40 	 0.0000 	 0.9167 	 6 	 19 
138.50 	 0.0000 	 0.9198 	 6 	 4 
138.60 	 3.0414 	 0.9199 	 6 	 2 
138.70 	 0.0000 	 0.9210 	 7 	 2 
138.80 	 3.0414 	 0.9222 	 7 	 2 
138.90 	 0.0000 	 0.9215 	 7 	 8 
139.00 	 0.0000 	 0.9225 	 7 	 19 
139.10 	 0.0000 	 0.9202 	 7 	 14 
139.20 	 0.0000 	 0.9202 	 7 	 15 
139.30 	 3.0414 	 0.9211 	 7 	 0 
139.40 	 0.0000 	 0.9222 	 7 	 0 
139.50 	 0.0000 	 0.9237 	 7 	 0 
139.60 	 0.0000 	 0.9239 	 7 	 0 
139.70 	 6.0827 	 0.9247 	 7 	 4 
139.80 	 0.0000 	 0.9241 	 7 	 17 
139.90 	 0.0000 	 0.9262 	 7 	 17 
140.00 	 0.0000 	 0.9273 	 7 	 18 
140.10 	 0.0000 	 0.9274 	 7 	 3 
140.20 	 0.0000 	 0.9263 	 7 	 14 
140.30 	 0.0000 	 0.9250 	 7 	 0 
140.40 	 3.0414 	 0.9268 	 7 	 0 
140.50 	 0.0000 	 0.9259 	 7 	 0 
140.60 	 0.0000 	 0.9264 	 7 	 0 
140.70 	 0.0000 	 0.9277 	 7 	 0 
140.80 	 0.0000 	 0.9289 	 7 	 0 
140.90 	 0.0000 	 0.9307 	 7 	 0 
141.00 	 6.0827 	 0.9345 	 7 	 4 
141.10 	 0.0000 	 0.9372 	 7 	 0 
141.20 	 0.0000 	 0.9374 	 7 	 18 
141.30 	 0.0000 	 0.9351 	 8 	 0 
141.40 	 0.0000 	 0.9365 	 8 	 0 
141.50 	 3.0414 	 0.9381 	 8 	 0 
141.60 	 0.0000 	 0.9394 	 8 	 0 
141.70 	 0.0000 	 0.9410 	 8 	 15 
141.80 	 0.0000 	 0.9430 	 8 	 0 
141.90 	 0.0000 	 0.9444 	 8 	 0 
142.00 	 0.0000 	 0.9453 	 8 	 0 
142.10 	 3.0414 	 0.9471 	 8 	 0 
142.20 	 6.0827 	 0.9475 	 8 	 1 
142.30 	 0.0000 	 0.9471 	 8 	 5 
142.40 	 0.0000 	 0.9480 	 8 	 5 
142.50 	 0.0000 	 0.9462 	 8 	 5 
142.60 	 0.0000 	 0.9439 	 8 	 0 
142.70 	 0.0000 	 0.9417 	 8 	 0 
142.80 	 3.0414 	 0.9409 	 8 	 0 
142.90 	 0.0000 	 0.9396 	 8 	 15 
143.00 	 0.0000 	 0.9392 	 8 	 4 
143.10 	 0.0000 	 0.9391 	 8 	 4 
143.20 	 3.0414 	 0.9380 	 8 	 4 
143.30 	 3.0414 	 0.9387 	 8 	 1 
143.40 	 0.0000 	 0.9378 	 8 	 11 
143.50 	 0.0000 	 0.9343 	 8 	 0 
143.60 	 0.0000 	 0.9351 	 8 	 0 
143.70 	 0.0000 	 0.9337 	 9 	 13 
143.80 	 0.0000 	 0.9351 	 9 	 0 
143.90 	 0.0000 	 0.9359 	 9 	 0 
144.00 	 6.0827 	 0.9369 	 9 	 1 
144.10 	 0.0000 	 0.9345 	 9 	 1 
144.20 	 3.0414 	 0.9362 	 9 	 1 
144.30 	 0.0000 	 0.9358 	 9 	 1 
144.40 	 0.0000 	 0.9347 	 9 	 16 
144.50 	 0.0000 	 0.9342 	 9 	 19 
144.60 	 0.0000 	 0.9341 	 9 	 19 
144.70 	 0.0000 	 0.9339 	 9 	 8 
144.80 	 0.0000 	 0.9338 	 9 	 12 
144.90 	 0.0000 	 0.9342 	 9 	 0 
145.00 	 3.0414 	 0.9340 	 9 	 0 
145.10 	 0.0000 	 0.9327 	 9 	 0 
145.20 	 3.0414 	 0.9311 	 9 	 14 
145.30 	 0.0000 	 0.9305 	 9 	 14 
145.40 	 3.0414 	 0.9305 	 9 	 14 
145.50 	 0.0000 	 0.9304 	 9 	 16 
145.60 	 0.0000 	 0.9279 	 9 	 15 
145.70 	 0.0000 	 0.9265 	 9 	 15 
145.80 	 0.0000 	 0.9264 	 9 	 0 
145.90 	 0.0000 	 0.9266 	 9 	 0 
146.00 	 3.0414 	 0.9253 	 9 	 0 
146.10 	 3.0414 	 0.9237 	 9 	 12 
146.20 	 0.0000 	 0.9201 	 9 	 12 
146.30 	 0.0000 	 0.9154 	 10 	 0 
146.40 	 3.0414 	 0.9120 	 10 	 1 
146.50 	 0.0000 	 0.9121 	 10 	 1 
146.60 	 3.0414 	 0.9120 	 10 	 1 
146.70 	 0.0000 	 0.9123 	 10 	 1 
146.80 	 0.0000 	 0.9126 	 10 	 2 
146.90 	 0.0000 	 0.9117 	 10 	 2 
147.00 	 0.0000 	 0.9087 	 10 	 0 
147.10 	 0.0000 	 0.9095 	 10 	 0 
147.20 	 0.0000 	 0.9089 	 10 	 0 
147.30 	 0.0000 	 0.9069 	 10 	 0 
147.40 	 0.0000 	 0.9057 	 10 	 0 
147.50 	 0.0000 	 0.9041 	 10 	 0 
147.60 	 6.0827 	 0.9032 	 10 	 1 
147.70 	 0.0000 	 0.9020 	 10 	 1 
147.80 	 3.0414 	 0.8999 	 10 	 1 
147.90 	 0.0000 	 0.8977 	 10 	 4 
148.00 	 0.0000 	 0.8981 	 10 	 15 
148.10 	 0.0000 	 0.8972 	 10 	 5 
148.20 	 0.0000 	 0.8974 	 10 	 10 
148.30 	 0.0000 	 0.8994 	 10 	 0 
148.40 	 3.0414 	 0.8992 	 10 	 12 
148.50 	 3.0414 	 0.8997 	 10 	 1 
148.60 	 0.0000 	 0.9005 	 10 	 1 
148.70 	 0.0000 	 0.8973 	 10 	 1 
148.80 	 0.0000 	 0.8961 	 10 	 3 
148.90 	 3.0414 	 0.8968 	 10 	 3 
149.00 	 3.0414 	 0.8939 	 10 	 13 
149.10 	 0.0000 	 0.8943 	 11 	 1 
149.20 	 0.0000 	 0.8948 	 11 	 1 
149.30 	 0.0000 	 0.8945 	 11 	 2 
149.40 	 0.0000 	 0.8952 	 11 	 15 
149.50 	 0.0000 	 0.8953 	 11 	 12 
149.60 	 0.0000 	 0.8953 	 11 	 12 
149.70 	 0.0000 	 0.8938 	 11 	 3 
149.80 	 3.0414 	 0.8895 	 11 	 13 
149.90 	 0.0000 	 0.8900 	 11 	 13 
150.00 	 6.0827 	 0.8904 	 11 	 1 
150.10 	 0.0000 	 0.8913 	 11 	 1 
150.20 	 0.0000 	 0.8927 	 11 	 1 
150.30 	 0.0000 	 0.8943 	 11 	 1 
150.40 	 0.0000 	 0.8944 	 11 	 1 
150.50 	 0.0000 	 0.8941 	 11 	 1 
150.60 	 0.0000 	 0.8964 	 11 	 1 
150.70 	 0.0000 	 0.8987 	 11 	 2 
150.80 	 0.0000 	 0.9028 	 11 	 11 
150.90 	 0.0000 	 0.9060 	 11 	 11 
151.00 	 0.0000 	 0.9084 	 11 	 13 
151.10 	 0.0000 	 0.9090 	 11 	 13 
151.20 	 6.0827 	 0.9128 	 11 	 13 
151.30 	 0.0000 	 0.9136 	 11 	 12 
151.40 	 3.0414 	 0.9151 	 11 	 1 
151.50 	 0.0000 	 0.9145 	 11 	 13 
151.60 	 0.0000 	 0.9156 	 12 	 13 
151.70 	 0.0000 	 0.9155 	 12 	 13 
151.80 	 3.0414 	 0.9158 	 12 	 2 
151.90 	 0.0000 	 0.9156 	 12 	 2 
152.00 	 0.0000 	 0.9138 	 12 	 2 
152.10 	 0.0000 	 0.9126 	 12 	 16 
152.20 	 0.0000 	 0.9146 	 12 	 16 
152.30 	 0.0000 	 0.9156 	 12 	 11 
152.40 	 0.0000 	 0.9153 	 12 	 11 
152.50 	 0.0000 	 0.9161 	 12 	 11 
152.60 	 3.0414 	 0.9175 	 12 	 4 
152.70 	 0.0000 	 0.9173 	 12 	 4 
152.80 	 3.0414 	 0.9202 	 12 	 2 
152.90 	 0.0000 	 0.9185 	 12 	 14 
153.00 	 3.0414 	 0.9182 	 12 	 2 
153.10 	 0.0000 	 0.9207 	 12 	 2 
153.20 	 0.0000 	 0.9232 	 12 	 2 
153.30 	 0.0000 	 0.9261 	 12 	 2 
153.40 	 0.0000 	 0.9276 	 12 	 12 
153.50 	 0.0000 	 0.9270 	 12 	 13 
153.60 	 0.0000 	 0.9274 	 12 	 13 
153.70 	 0.0000 	 0.9287 	 12 	 14 
153.80 	 0.0000 	 0.9301 	 12 	 14 
153.90 	 3.0414 	 0.9293 	 12 	 14 
154.00 	 0.0000 	 0.9272 	 12 	 0 
154.10 	 0.0000 	 0.9269 	 12 	 0 
154.20 	 6.0827 	 0.9244 	 12 	 6 
154.30 	 0.0000 	 0.9237 	 13 	 14 
154.40 	 0.0000 	 0.9223 	 13 	 13 
154.50 	 0.0000 	 0.9197 	 13 	 5 
154.60 	 0.0000 	 0.9160 	 13 	 5 
154.70 	 0.0000 	 0.9119 	 13 	 5 
154.80 	 0.0000 	 0.9112 	 13 	 3 
154.90 	 3.0414 	 0.9094 	 13 	 17 
155.00 	 0.0000 	 0.9087 	 13 	 12 
155.10 	 0.0000 	 0.9105 	 13 	 5 
155.20 	 3.0414 	 0.9115 	 13 	 5 
155.30 	 3.0414 	 0.9157 	 13 	 12 
155.40 	 0.0000 	 0.9169 	 13 	 15 
155.50 	 0.0000 	 0.9192 	 13 	 15 
155.60 	 0.0000 	 0.9219 	 13 	 15 
155.70 	 0.0000 	 0.9231 	 13 	 15 
155.80 	 3.0414 	 0.9268 	 13 	 3 
155.90 	 3.0414 	 0.9282 	 13 	 3 
156.00 	 0.0000 	 0.9292 	 13 	 3 
156.10 	 0.0000 	 0.9281 	 13 	 1 
156.20 	 0.0000 	 0.9277 	 13 	 14 
156.30 	 0.0000 	 0.9263 	 13 	 9 
156.40 	 0.0000 	 0.9264 	 13 	 15 
156.50 	 0.0000 	 0.9240 	 13 	 15 
156.60 	 0.0000 	 0.9234 	 13 	 0 
156.70 	 0.0000 	 0.9228 	 13 	 0 
156.80 	 6.0827 	 0.9232 	 13 	 1 
156.90 	 0.0000 	 0.9236 	 13 	 6 
157.00 	 0.0000 	 0.9219 	 14 	 6 
157.10 	 3.0414 	 0.9215 	 14 	 6 
157.20 	 0.0000 	 0.9215 	 14 	 6 
157.30 	 0.0000 	 0.9234 	 14 	 6 
157.40 	 0.0000 	 0.9246 	 14 	 6 
157.50 	 0.0000 	 0.9262 	 14 	 6 
157.60 	 0.0000 	 0.9279 	 14 	 6 
157.70 	 0.0000 	 0.9298 	 14 	 0 
157.80 	 0.0000 	 0.9320 	 14 	 0 
157.90 	 0.0000 	 0.9327 	 14 	 0 
158.00 	 3.0414 	 0.9306 	 14 	 13 
158.10 	 3.0414 	 0.9289 	 14 	 16 
158.20 	 0.0000 	 0.9284 	 14 	 16 
158.30 	 3.0414 	 0.9266 	 14 	 16 
158.40 	 0.0000 	 0.9291 	 14 	 16 
158.50 	 0.0000 	 0.9279 	 14 	 16 
158.60 	 0.0000 	 0.9302 	 14 	 0 
158.70 	 0.0000 	 0.9324 	 14 	 15 
158.80 	 0.0000 	 0.9332 	 14 	 0 
158.90 	 0.0000 	 0.9373 	 14 	 0 
159.00 	 0.0000 	 0.9385 	 14 	 0 
159.10 	 3.0414 	 0.9410 	 14 	 0 
159.20 	 0.0000 	 0.9426 	 14 	 0 
159.30 	 3.0414 	 0.9451 	 14 	 16 
159.40 	 3.0414 	 0.9484 	 14 	 16 
159.50 	 0.0000 	 0.9515 	 14 	 16 
159.60 	 0.0000 	 0.9531 	 15 	 0 
159.70 	 0.0000 	 0.9526 	 15 	 17 
159.80 	 0.0000 	 0.9529 	 15 	 7 
159.90 	 0.0000 	 0.9520 	 15 	 7 
160.00 	 0.0000 	 0.9506 	 15 	 0 
160.10 	 3.0414 	 0.9486 	 15 	 7 
160.20 	 0.0000 	 0.9476 	 15 	 7 
160.30 	 3.0414 	 0.9433 	 15 	 17 
160.40 	 0.0000 	 0.9420 	 15 	 14 
160.50 	 3.0414 	 0.9406 	 15 	 0 
160.60 	 0.0000 	 0.9392 	 15 	 0 
160.70 	 0.0000 	 0.9367 	 15 	 7 
160.80 	 0.0000 	 0.9352 	 15 	 0 
160.90 	 0.0000 	 0.9346 	 15 	 0 
161.00 	 3.0414 	 0.9318 	 15 	 7 
161.10 	 3.0414 	 0.9325 	 15 	 17 
161.20 	 0.0000 	 0.9335 	 15 	 17 
161.30 	 0.0000 	 0.9332 	 15 	 17 
161.40 	 0.0000 	 0.9342 	 15 	 17 
161.50 	 0.0000 	 0.9364 	 15 	 17 
161.60 	 0.0000 	 0.9393 	 15 	 8 
161.70 	 3.0414 	 0.9383 	 15 	 17 
161.80 	 0.0000 	 0.9380 	 15 	 1 
161.90 	 0.0000 	 0.9363 	 16 	 0 
162.00 	 6.0827 	 0.9375 	 16 	 1 
162.10 	 0.0000 	 0.9410 	 16 	 16 
162.20 	 0.0000 	 0.9437 	 16 	 8 
162.30 	 3.0414 	 0.9449 	 16 	 8 
162.40 	 0.0000 	 0.9477 	 16 	 8 
162.50 	 0.0000 	 0.9484 	 16 	 1 
162.60 	 0.0000 	 0.9508 	 16 	 8 
162.70 	 0.0000 	 0.9492 	 16 	 18 
162.80 	 0.0000 	 0.9476 	 16 	 1 
162.90 	 0.0000 	 0.9499 	 16 	 15 
163.00 	 3.0414 	 0.9498 	 16 	 8 
163.10 	 0.0000 	 0.9503 	 16 	 15 
163.20 	 0.0000 	 0.9519 	 16 	 8 
163.30 	 3.0414 	 0.9530 	 16 	 18 
163.40 	 3.0414 	 0.9545 	 16 	 1 
163.50 	 0.0000 	 0.9569 	 16 	 1 
163.60 	 0.0000 	 0.9583 	 16 	 1 
163.70 	 0.0000 	 0.9586 	 16 	 1 
163.80 	 0.0000 	 0.9554 	 16 	 1 
163.90 	 0.0000 	 0.9531 	 16 	 18 
164.00 	 0.0000 	 0.9497 	 16 	 18 
164.10 	 0.0000 	 0.9469 	 16 	 8 
164.20 	 3.0414 	 0.9431 	 16 	 8 
164.30 	 0.0000 	 0.9433 	 16 	 9 
164.40 	 3.0414 	 0.9414 	 16 	 9 
164.50 	 0.0000 	 0.9408 	 17 	 9 
164.60 	 0.0000 	 0.9407 	 17 	 9 
164.70 	 3.0414 	 0.9403 	 17 	 9 
164.80 	 3.0414 	 0.9408 	 17 	 1 
164.90 	 0.0000 	 0.9399 	 17 	 2 
165.00 	 0.0000 	 0.9391 	 17 	 9 
165.10 	 0.0000 	 0.9373 	 17 	 9 
165.20 	 0.0000 	 0.9373 	 17 	 9 
165.30 	 0.0000 	 0.9342 	 17 	 19 
165.40 	 0.0000 	 0.9315 	 17 	 19 
165.50 	 0.0000 	 0.9256 	 17 	 9 
165.60 	 3.0414 	 0.9222 	 17 	 2 
165.70 	 3.0414 	 0.9218 	 17 	 9 
165.80 	 0.0000 	 0.9208 	 17 	 9 
165.90 	 0.0000 	 0.9180 	 17 	 19 
166.00 	 0.0000 	 0.9194 	 17 	 19 
166.10 	 0.0000 	 0.9169 	 17 	 3 
166.20 	 3.0414 	 0.9159 	 17 	 9 
166.30 	 0.0000 	 0.9175 	 17 	 2 
166.40 	 0.0000 	 0.9169 	 17 	 2 
166.50 	 0.0000 	 0.9138 	 17 	 2 
166.60 	 0.0000 	 0.9118 	 17 	 2 
166.70 	 0.0000 	 0.9114 	 17 	 9 
166.80 	 0.0000 	 0.9089 	 17 	 9 
166.90 	 0.0000 	 0.9084 	 17 	 10 
167.00 	 6.0827 	 0.9087 	 17 	 10 
167.10 	 0.0000 	 0.9079 	 17 	 10 
167.20 	 0.0000 	 0.9066 	 18 	 10 
167.30 	 0.0000 	 0.9067 	 18 	 3 
167.40 	 0.0000 	 0.9073 	 18 	 10 
167.50 	 3.0414 	 0.9074 	 18 	 2 
167.60 	 0.0000 	 0.9068 	 18 	 10 
167.70 	 0.0000 	 0.9063 	 18 	 10 
167.80 	 0.0000 	 0.9063 	 18 	 10 
167.90 	 0.0000 	 0.9053 	 18 	 19 
168.00 	 0.0000 	 0.9063 	 18 	 0 
168.10 	 0.0000 	 0.9049 	 18 	 0 
168.20 	 0.0000 	 0.9029 	 18 	 0 
168.30 	 0.0000 	 0.9008 	 18 	 0 
168.40 	 6.0827 	 0.8997 	 18 	 10 
168.50 	 0.0000 	 0.8988 	 18 	 10 
168.60 	 0.0000 	 0.8966 	 18 	 10 
168.70 	 3.0414 	 0.8969 	 18 	 10 
168.80 	 0.0000 	 0.8943 	 18 	 10 
168.90 	 0.0000 	 0.8925 	 18 	 0 
169.00 	 0.0000 	 0.8915 	 18 	 0 
169.10 	 3.0414 	 0.8885 	 18 	 3 
169.20 	 0.0000 	 0.8861 	 18 	 3 
169.30 	 0.0000 	 0.8847 	 18 	 3 
169.40 	 0.0000 	 0.8830 	 18 	 3 
169.50 	 0.0000 	 0.8776 	 18 	 0 
169.60 	 0.0000 	 0.8768 	 18 	 0 
169.70 	 3.0414 	 0.8755 	 18 	 11 
169.80 	 3.0414 	 0.8721 	 18 	 11 
169.90 	 3.0414 	 0.8699 	 18 	 4 
170.00 	 0.0000 	 0.8660 	 18 	 16 
170.10 	 0.0000 	 0.8659 	 19 	 16 
170.20 	 0.0000 	 0.8663 	 19 	 0 
170.30 	 0.0000 	 0.8658 	 19 	 0 
170.40 	 0.0000 	 0.8691 	 19 	 0 
170.50 	 3.0414 	 0.8695 	 19 	 11 
170.60 	 0.0000 	 0.8707 	 19 	 11 
170.70 	 0.0000 	 0.8707 	 19 	 4 
170.80 	 3.0414 	 0.8709 	 19 	 0 
170.90 	 0.0000 	 0.8705 	 19 	 0 
171.00 	 3.0414 	 0.8710 	 19 	 1 
171.10 	 0.0000 	 0.8710 	 19 	 1 
171.20 	 0.0000 	 0.8708 	 19 	 11 
171.30 	 3.0414 	 0.8726 	 19 	 11 
171.40 	 0.0000 	 0.8760 	 19 	 11 
171.50 	 0.0000 	 0.8779 	 19 	 11 
171.60 	 0.0000 	 0.8789 	 19 	 11 
171.70 	 3.0414 	 0.8786 	 19 	 11 
171.80 	 0.0000 	 0.8767 	 19 	 0 
171.90 	 0.0000 	 0.8771 	 19 	 0 
172.00 	 0.0000 	 0.8793 	 19 	 4 
172.10 	 3.0414 	 0.8789 	 19 	 4 
172.20 	 0.0000 	 0.8779 	 19 	 4 
172.30 	 0.0000 	 0.8763 	 19 	 1 
172.40 	 3.0414 	 0.8747 	 19 	 1 
172.50 	 0.0000 	 0.8748 	 19 	 1 
172.60 	 0.0000 	 0.8748 	 19 	 2 
172.70 	 0.0000 	 0.8738 	 19 	 12 
172.80 	 6.0827 	 0.8737 	 19 	 1 
172.90 	 0.0000 	 0.8745 	 0 	 1 
173.00 	 0.0000 	 0.8720 	 0 	 1 
173.10 	 0.0000 	 0.8744 	 0 	 1 
173.20 	 0.0000 	 0.8739 	 0 	 1 
173.30 	 0.0000 	 0.8750 	 0 	 1 
173.40 	 0.0000 	 0.8774 	 0 	 11 
173.50 	 0.0000 	 0.8777 	 0 	 12 
173.60 	 3.0414 	 0.8760 	 0 	 12 
173.70 	 3.0414 	 0.8768 	 0 	 1 
173.80 	 0.0000 	 0.8759 	 0 	 1 
173.90 	 0.0000 	 0.8728 	 0 	 1 
174.00 	 0.0000 	 0.8717 	 0 	 2 
174.10 	 0.0000 	 0.8734 	 0 	 0 
174.20 	 0.0000 	 0.8726 	 0 	 0 
174.30 	 0.0000 	 0.8725 	 0 	 0 
174.40 	 3.0414 	 0.8714 	 0 	 12 
174.50 	 0.0000 	 0.8708 	 0 	 12 
174.60 	 3.0414 	 0.8701 	 0 	 12 
174.70 	 3.0414 	 0.8709 	 0 	 1 
174.80 	 0.0000 	 0.8694 	 0 	 5 
174.90 	 0.0000 	 0.8692 	 0 	 5 
175.00 	 0.0000 	 0.8684 	 0 	 1 
175.10 	 0.0000 	 0.8672 	 0 	 2 
175.20 	 0.0000 	 0.8651 	 0 	 2 
175.30 	 0.0000 	 0.8644 	 0 	 0 
175.40 	 0.0000 	 0.8623 	 0 	 0 
175.50 	 0.0000 	 0.8584 	 0 	 0 
175.60 	 3.0414 	 0.8552 	 0 	 4 
175.70 	 3.0414 	 0.8543 	 0 	 1 
175.80 	 3.0414 	 0.8513 	 1 	 1 
175.90 	 0.0000 	 0.8499 	 1 	 5 
176.00 	 0.0000 	 0.8492 	 1 	 2 
176.10 	 0.0000 	 0.8511 	 1 	 2 
176.20 	 0.0000 	 0.8514 	 1 	 2 
176.30 	 0.0000 	 0.8528 	 1 	 0 
176.40 	 0.0000 	 0.8503 	 1 	 0 
176.50 	 0.0000 	 0.8496 	 1 	 2 
176.60 	 0.0000 	 0.8500 	 1 	 13 
176.70 	 3.0414 	 0.8489 	 1 	 2 
176.80 	 3.0414 	 0.8495 	 1 	 2 
176.90 	 0.0000 	 0.8526 	 1 	 14 
177.00 	 0.0000 	 0.8536 	 1 	 17 
177.10 	 3.0414 	 0.8539 	 1 	 1 
177.20 	 0.0000 	 0.8552 	 1 	 1 
177.30 	 0.0000 	 0.8556 	 1 	 1 
177.40 	 0.0000 	 0.8551 	 1 	 13 
177.50 	 0.0000 	 0.8546 	 1 	 6 
177.60 	 0.0000 	 0.8559 	 1 	 13 
177.70 	 0.0000 	 0.8549 	 1 	 13 
177.80 	 0.0000 	 0.8557 	 1 	 0 
177.90 	 0.0000 	 0.8568 	 1 	 0 
178.00 	 3.0414 	 0.8576 	 1 	 3 
178.10 	 3.0414 	 0.8580 	 1 	 3 
178.20 	 3.0414 	 0.8572 	 1 	 1 
178.30 	 0.0000 	 0.8559 	 1 	 1 
178.40 	 0.0000 	 0.8531 	 1 	 1 
178.50 	 0.0000 	 0.8510 	 1 	 1 
178.60 	 0.0000 	 0.8505 	 1 	 13 
178.70 	 0.0000 	 0.8497 	 2 	 0 
178.80 	 0.0000 	 0.8459 	 2 	 0 
178.90 	 0.0000 	 0.8436 	 2 	 0 
179.00 	 0.0000 	 0.8423 	 2 	 0 
179.10 	 0.0000 	 0.8423 	 2 	 0 
179.20 	 0.0000 	 0.8388 	 2 	 0 
179.30 	 9.1241 	 0.8375 	 2 	 1 
179.40 	 0.0000 	 0.8383 	 2 	 1 
179.50 	 0.0000 	 0.8379 	 2 	 1 
179.60 	 0.0000 	 0.8380 	 2 	 3 
179.70 	 0.0000 	 0.8372 	 2 	 0 
179.80 	 0.0000 	 0.8380 	 2 	 0 
179.90 	 0.0000 	 0.8387 	 2 	 0 
180.00 	 0.0000 	 0.8393 	 2 	 0 
180.10 	 0.0000 	 0.8419 	 2 	 18 
180.20 	 0.0000 	 0.8431 	 2 	 0 
180.30 	 0.0000 	 0.8456 	 2 	 0 
180.40 	 3.0414 	 0.8454 	 2 	 3 
180.50 	 6.0827 	 0.8429 	 2 	 1 
180.60 	 0.0000 	 0.8424 	 2 	 1 
180.70 	 0.0000 	 0.8420 	 2 	 1 
180.80 	 0.0000 	 0.8414 	 2 	 1 
180.90 	 0.0000 	 0.8406 	 2 	 1 
181.00 	 0.0000 	 0.8385 	 2 	 4 
181.10 	 0.0000 	 0.8369 	 2 	 0 
181.20 	 3.0414 	 0.8357 	 2 	 2 
181.30 	 0.0000 	 0.8325 	 2 	 2 
181.40 	 0.0000 	 0.8311 	 2 	 2 
181.50 	 0.0000 	 0.8320 	 2 	 14 
181.60 	 6.0827 	 0.8328 	 3 	 1 
181.70 	 0.0000 	 0.8310 	 3 	 1 
181.80 	 0.0000 	 0.8305 	 3 	 1 
181.90 	 0.0000 	 0.8300 	 3 	 1 
182.00 	 0.0000 	 0.8279 	 3 	 1 
182.10 	 0.0000 	 0.8290 	 3 	 1 
182.20 	 0.0000 	 0.8308 	 3 	 4 
182.30 	 0.0000 	 0.8324 	 3 	 0 
182.40 	 0.0000 	 0.8329 	 3 	 0 
182.50 	 3.0414 	 0.8326 	 3 	 2 
182.60 	 3.0414 	 0.8323 	 3 	 2 
182.70 	 0.0000 	 0.8327 	 3 	 9 
182.80 	 0.0000 	 0.8340 	 3 	 9 
182.90 	 3.0414 	 0.8346 	 3 	 1 
183.00 	 0.0000 	 0.8357 	 3 	 1 
183.10 	 0.0000 	 0.8340 	 3 	 19 
183.20 	 0.0000 	 0.8319 	 3 	 1 
183.30 	 0.0000 	 0.8327 	 3 	 0 
183.40 	 0.0000 	 0.8338 	 3 	 0 
183.50 	 0.0000 	 0.8345 	 3 	 0 
183.60 	 0.0000 	 0.8354 	 3 	 0 
183.70 	 3.0414 	 0.8350 	 3 	 2 
183.80 	 3.0414 	 0.8343 	 3 	 2 
183.90 	 0.0000 	 0.8336 	 3 	 2 
184.00 	 0.0000 	 0.8339 	 3 	 18 
184.10 	 0.0000 	 0.8337 	 3 	 9 
184.20 	 0.0000 	 0.8328 	 3 	 3 
184.30 	 3.0414 	 0.8333 	 3 	 3 
184.40 	 0.0000 	 0.8330 	 3 	 3 
184.50 	 0.0000 	 0.8344 	 4 	 10 
184.60 	 0.0000 	 0.8329 	 4 	 4 
184.70 	 0.0000 	 0.8338 	 4 	 0 
184.80 	 0.0000 	 0.8347 	 4 	 0 
184.90 	 3.0414 	 0.8363 	 4 	 0 
185.00 	 0.0000 	 0.8371 	 4 	 0 
185.10 	 3.0414 	 0.8382 	 4 	 10 
185.20 	 0.0000 	 0.8390 	 4 	 10 
185.30 	 3.0414 	 0.8406 	 4 	 1 
185.40 	 0.0000 	 0.8428 	 4 	 1 
185.50 	 0.0000 	 0.8440 	 4 	 3 
185.60 	 0.0000 	 0.8465 	 4 	 9 
185.70 	 0.0000 	 0.8487 	 4 	 10 
185.80 	 0.0000 	 0.8519 	 4 	 10 
185.90 	 0.0000 	 0.8525 	 4 	 2 
186.00 	 0.0000 	 0.8530 	 4 	 0 
186.10 	 3.0414 	 0.8547 	 4 	 0 
186.20 	 3.0414 	 0.8554 	 4 	 2 
186.30 	 0.0000 	 0.8545 	 4 	 2 
186.40 	 3.0414 	 0.8535 	 4 	 1 
186.50 	 0.0000 	 0.8535 	 4 	 1 
186.60 	 0.0000 	 0.8526 	 4 	 1 
186.70 	 3.0414 	 0.8507 	 4 	 9 
186.80 	 0.0000 	 0.8523 	 4 	 9 
186.90 	 0.0000 	 0.8520 	 4 	 9 
187.00 	 0.0000 	 0.8515 	 4 	 9 
187.10 	 0.0000 	 0.8521 	 4 	 4 
187.20 	 0.0000 	 0.8503 	 4 	 4 
187.30 	 0.0000 	 0.8487 	 5 	 0 
187.40 	 0.0000 	 0.8489 	 5 	 0 
187.50 	 0.0000 	 0.8469 	 5 	 10 
187.60 	 6.0827 	 0.8466 	 5 	 1 
187.70 	 3.0414 	 0.8437 	 5 	 1 
187.80 	 0.0000 	 0.8423 	 5 	 1 
187.90 	 0.0000 	 0.8423 	 5 	 3 
188.00 	 0.0000 	 0.8423 	 5 	 2 
188.10 	 0.0000 	 0.8434 	 5 	 2 
188.20 	 0.0000 	 0.8454 	 5 	 2 
188.30 	 0.0000 	 0.8463 	 5 	 2 
188.40 	 0.0000 	 0.8479 	 5 	 10 
188.50 	 0.0000 	 0.8491 	 5 	 10 
188.60 	 0.0000 	 0.8482 	 5 	 0 
188.70 	 3.0414 	 0.8497 	 5 	 10 
188.80 	 3.0414 	 0.8515 	 5 	 1 
188.90 	 0.0000 	 0.8521 	 5 	 3 
189.00 	 3.0414 	 0.8524 	 5 	 3 
189.10 	 0.0000 	 0.8535 	 5 	 2 
189.20 	 0.0000 	 0.8541 	 5 	 2 
189.30 	 0.0000 	 0.8540 	 5 	 2 
189.40 	 0.0000 	 0.8518 	 5 	 2 
189.50 	 0.0000 	 0.8524 	 5 	 2 
189.60 	 0.0000 	 0.8524 	 5 	 10 
189.70 	 0.0000 	 0.8525 	 5 	 10 
189.80 	 0.0000 	 0.8532 	 5 	 0 
189.90 	 3.0414 	 0.8539 	 6 	 10 
190.00 	 0.0000 	 0.8553 	 6 	 10 
190.10 	 6.0827 	 0.8535 	 6 	 1 
190.20 	 0.0000 	 0.8518 	 6 	 1 
190.30 	 0.0000 	 0.8508 	 6 	 8 
190.40 	 0.0000 	 0.8508 	 6 	 8 
190.50 	 0.0000 	 0.8483 	 6 	 8 
190.60 	 0.0000 	 0.8461 	 6 	 2 
190.70 	 0.0000 	 0.8435 	 6 	 8 
190.80 	 0.0000 	 0.8433 	 6 	 3 
190.90 	 0.0000 	 0.8428 	 6 	 3 
191.00 	 0.0000 	 0.8406 	 6 	 3 
191.10 	 0.0000 	 0.8398 	 6 	 3 
191.20 	 0.0000 	 0.8399 	 6 	 0 
191.30 	 3.0414 	 0.8381 	 6 	 10 
191.40 	 0.0000 	 0.8377 	 6 	 10 
191.50 	 6.0827 	 0.8370 	 6 	 1 
191.60 	 0.0000 	 0.8349 	 6 	 8 
191.70 	 0.0000 	 0.8345 	 6 	 8 
191.80 	 0.0000 	 0.8353 	 6 	 8 
191.90 	 0.0000 	 0.8362 	 6 	 3 
192.00 	 0.0000 	 0.8357 	 6 	 8 
192.10 	 0.0000 	 0.8348 	 6 	 3 
192.20 	 0.0000 	 0.8343 	 6 	 8 
192.30 	 0.0000 	 0.8345 	 6 	 3 
192.40 	 0.0000 	 0.8359 	 6 	 3 
192.50 	 0.0000 	 0.8367 	 6 	 0 
192.60 	 0.0000 	 0.8352 	 6 	 0 
192.70 	 9.1241 	 0.8364 	 7 	 1 
192.80 	 0.0000 	 0.8378 	 7 	 4 
192.90 	 0.0000 	 0.8384 	 7 	 8 
193.00 	 0.0000 	 0.8380 	 7 	 2 
193.10 	 0.0000 	 0.8389 	 7 	 2 
193.20 	 0.0000 	 0.8404 	 7 	 5 
193.30 	 0.0000 	 0.8417 	 7 	 3 
193.40 	 0.0000 	 0.8427 	 7 	 3 
193.50 	 0.0000 	 0.8446 	 7 	 4 
193.60 	 0.0000 	 0.8446 	 7 	 4 
193.70 	 0.0000 	 0.8447 	 7 	 4 
193.80 	 0.0000 	 0.8449 	 7 	 4 
193.90 	 0.0000 	 0.8438 	 7 	 0 
194.00 	 6.0827 	 0.8419 	 7 	 12 
194.10 	 3.0414 	 0.8410 	 7 	 9 
194.20 	 0.0000 	 0.8394 	 7 	 10 
194.30 	 0.0000 	 0.8367 	 7 	 5 
194.40 	 0.0000 	 0.8324 	 7 	 5 
194.50 	 0.0000 	 0.8335 	 7 	 8 
194.60 	 0.0000 	 0.8317 	 7 	 6 
194.70 	 0.0000 	 0.8304 	 7 	 6 
194.80 	 0.0000 	 0.8297 	 7 	 4 
194.90 	 0.0000 	 0.8294 	 7 	 9 
195.00 	 0.0000 	 0.8274 	 7 	 9 
195.10 	 0.0000 	 0.8263 	 7 	 9 
195.20 	 6.0827 	 0.8252 	 7 	 9 
195.30 	 3.0414 	 0.8250 	 7 	 1 
195.40 	 0.0000 	 0.8233 	 7 	 1 
195.50 	 0.0000 	 0.8215 	 7 	 5 
195.60 	 0.0000 	 0.8210 	 7 	 19 
195.70 	 0.0000 	 0.8217 	 7 	 13 
195.80 	 0.0000 	 0.8217 	 7 	 3 
195.90 	 0.0000 	 0.8209 	 7 	 3 
196.00 	 0.0000 	 0.8181 	 8 	 6 
196.10 	 0.0000 	 0.8165 	 8 	 9 
196.20 	 0.0000 	 0.8154 	 8 	 9 
196.30 	 0.0000 	 0.8144 	 8 	 0 
196.40 	 3.0414 	 0.8137 	 8 	 5 
196.50 	 0.0000 	 0.8119 	 8 	 5 
196.60 	 3.0414 	 0.8083 	 8 	 5 
196.70 	 3.0414 	 0.8093 	 8 	 1 
196.80 	 0.0000 	 0.8108 	 8 	 9 
196.90 	 0.0000 	 0.8098 	 8 	 2 
197.00 	 0.0000 	 0.8087 	 8 	 9 
197.10 	 0.0000 	 0.8083 	 8 	 9 
197.20 	 0.0000 	 0.8106 	 8 	 3 
197.30 	 0.0000 	 0.8125 	 8 	 0 
197.40 	 0.0000 	 0.8157 	 8 	 0 
197.50 	 0.0000 	 0.8168 	 8 	 0 
197.60 	 3.0414 	 0.8198 	 8 	 5 
197.70 	 3.0414 	 0.8229 	 8 	 5 
197.80 	 0.0000 	 0.8255 	 8 	 5 
197.90 	 3.0414 	 0.8273 	 8 	 1 
198.00 	 0.0000 	 0.8308 	 8 	 1 
198.10 	 0.0000 	 0.8342 	 8 	 10 
198.20 	 0.0000 	 0.8376 	 8 	 2 
198.30 	 0.0000 	 0.8403 	 8 	 6 
198.40 	 0.0000 	 0.8418 	 8 	 3 
198.50 	 0.0000 	 0.8424 	 8 	 0 
198.60 	 0.0000 	 0.8435 	 8 	 0 
198.70 	 0.0000 	 0.8436 	 8 	 0 
198.80 	 3.0414 	 0.8441 	 8 	 4 
198.90 	 0.0000 	 0.8448 	 8 	 10 
199.00 	 3.0414 	 0.8464 	 8 	 5 
199.10 	 3.0414 	 0.8456 	 8 	 1 
199.20 	 0.0000 	 0.8465 	 8 	 1 
199.30 	 0.0000 	 0.8472 	 8 	 6 
199.40 	 0.0000 	 0.8482 	 8 	 0 
199.50 	 0.0000 	 0.8483 	 9 	 9 
199.60 	 0.0000 	 0.8469 	 9 	 9 
199.70 	 0.0000 	 0.8478 	 9 	 9 
199.80 	 3.0414 	 0.8478 	 9 	 3 
199.90 	 0.0000 	 0.8472 	 9 	 11 
200.00 	 3.0414 	 0.8459 	 9 	 14 
