# Optimal flow and avg speed dependent on time 
 # Aggressives: 0 
 # Velocity factor: 0.3 
0.10 	 0.0000 	 0.6788 	 3 	 13 
0.20 	 0.0000 	 0.6789 	 3 	 13 
0.30 	 0.0000 	 0.6777 	 3 	 5 
0.40 	 0.0000 	 0.6769 	 3 	 5 
0.50 	 0.0000 	 0.6768 	 3 	 5 
0.60 	 3.3333 	 0.6772 	 3 	 2 
0.70 	 0.0000 	 0.6774 	 3 	 0 
0.80 	 0.0000 	 0.6770 	 3 	 0 
0.90 	 0.0000 	 0.6768 	 3 	 6 
1.00 	 0.0000 	 0.6765 	 3 	 6 
1.10 	 0.0000 	 0.6757 	 3 	 0 
1.20 	 3.3333 	 0.6756 	 3 	 6 
1.30 	 0.0000 	 0.6756 	 3 	 4 
1.40 	 3.3333 	 0.6763 	 3 	 1 
1.50 	 0.0000 	 0.6767 	 3 	 1 
1.60 	 0.0000 	 0.6764 	 3 	 13 
1.70 	 0.0000 	 0.6770 	 3 	 2 
1.80 	 0.0000 	 0.6763 	 3 	 5 
1.90 	 0.0000 	 0.6756 	 3 	 5 
2.00 	 3.3333 	 0.6764 	 3 	 5 
2.10 	 0.0000 	 0.6770 	 3 	 8 
2.20 	 0.0000 	 0.6782 	 3 	 0 
2.30 	 0.0000 	 0.6787 	 3 	 3 
2.40 	 0.0000 	 0.6798 	 3 	 3 
2.50 	 0.0000 	 0.6799 	 3 	 0 
2.60 	 3.3333 	 0.6806 	 3 	 3 
2.70 	 3.3333 	 0.6800 	 3 	 1 
2.80 	 0.0000 	 0.6779 	 3 	 1 
2.90 	 0.0000 	 0.6782 	 3 	 1 
3.00 	 0.0000 	 0.6797 	 3 	 1 
3.10 	 0.0000 	 0.6811 	 3 	 2 
3.20 	 0.0000 	 0.6830 	 3 	 2 
3.30 	 0.0000 	 0.6826 	 3 	 2 
3.40 	 0.0000 	 0.6834 	 3 	 5 
3.50 	 3.3333 	 0.6841 	 3 	 2 
3.60 	 0.0000 	 0.6839 	 3 	 2 
3.70 	 0.0000 	 0.6850 	 3 	 2 
3.80 	 0.0000 	 0.6847 	 3 	 2 
3.90 	 3.3333 	 0.6862 	 3 	 2 
4.00 	 3.3333 	 0.6862 	 3 	 1 
4.10 	 0.0000 	 0.6843 	 3 	 1 
4.20 	 0.0000 	 0.6845 	 3 	 15 
4.30 	 0.0000 	 0.6835 	 3 	 2 
4.40 	 0.0000 	 0.6859 	 3 	 2 
4.50 	 0.0000 	 0.6847 	 3 	 3 
4.60 	 0.0000 	 0.6836 	 3 	 3 
4.70 	 0.0000 	 0.6826 	 3 	 2 
4.80 	 3.3333 	 0.6825 	 3 	 2 
4.90 	 0.0000 	 0.6819 	 3 	 2 
5.00 	 0.0000 	 0.6839 	 3 	 2 
5.10 	 0.0000 	 0.6841 	 3 	 2 
5.20 	 0.0000 	 0.6849 	 3 	 2 
5.30 	 3.3333 	 0.6852 	 3 	 2 
5.40 	 0.0000 	 0.6860 	 3 	 2 
5.50 	 3.3333 	 0.6858 	 3 	 2 
5.60 	 0.0000 	 0.6874 	 3 	 2 
5.70 	 0.0000 	 0.6882 	 3 	 2 
5.80 	 0.0000 	 0.6887 	 3 	 2 
5.90 	 0.0000 	 0.6889 	 3 	 2 
6.00 	 3.3333 	 0.6826 	 3 	 2 
6.10 	 0.0000 	 0.6811 	 3 	 2 
6.20 	 0.0000 	 0.6807 	 3 	 3 
6.30 	 0.0000 	 0.6817 	 3 	 3 
6.40 	 0.0000 	 0.6798 	 3 	 3 
6.50 	 0.0000 	 0.6763 	 3 	 2 
6.60 	 3.3333 	 0.6758 	 3 	 2 
6.70 	 0.0000 	 0.6774 	 3 	 2 
6.80 	 0.0000 	 0.6770 	 3 	 2 
6.90 	 0.0000 	 0.6785 	 3 	 2 
7.00 	 3.3333 	 0.6792 	 3 	 2 
7.10 	 0.0000 	 0.6795 	 3 	 2 
7.20 	 0.0000 	 0.6817 	 3 	 2 
7.30 	 0.0000 	 0.6819 	 3 	 2 
7.40 	 6.6667 	 0.6830 	 3 	 1 
7.50 	 0.0000 	 0.6845 	 3 	 1 
7.60 	 0.0000 	 0.6850 	 3 	 1 
7.70 	 0.0000 	 0.6858 	 3 	 1 
7.80 	 0.0000 	 0.6852 	 3 	 3 
7.90 	 0.0000 	 0.6858 	 3 	 3 
8.00 	 0.0000 	 0.6841 	 3 	 2 
8.10 	 0.0000 	 0.6859 	 3 	 2 
8.20 	 0.0000 	 0.6843 	 3 	 2 
8.30 	 0.0000 	 0.6845 	 3 	 2 
8.40 	 0.0000 	 0.6837 	 3 	 2 
8.50 	 3.3333 	 0.6830 	 3 	 3 
8.60 	 0.0000 	 0.6822 	 3 	 3 
8.70 	 3.3333 	 0.6837 	 3 	 3 
8.80 	 0.0000 	 0.6821 	 3 	 3 
8.90 	 0.0000 	 0.6815 	 3 	 3 
9.00 	 3.3333 	 0.6823 	 3 	 1 
9.10 	 0.0000 	 0.6824 	 3 	 2 
9.20 	 0.0000 	 0.6826 	 3 	 2 
9.30 	 0.0000 	 0.6834 	 3 	 2 
9.40 	 0.0000 	 0.6840 	 3 	 2 
9.50 	 0.0000 	 0.6842 	 3 	 2 
9.60 	 0.0000 	 0.6840 	 3 	 3 
9.70 	 0.0000 	 0.6840 	 3 	 2 
9.80 	 0.0000 	 0.6794 	 3 	 2 
9.90 	 3.3333 	 0.6784 	 3 	 2 
10.00 	 0.0000 	 0.6783 	 3 	 2 
10.10 	 0.0000 	 0.6734 	 3 	 2 
10.20 	 3.3333 	 0.6714 	 3 	 2 
10.30 	 0.0000 	 0.6713 	 3 	 2 
10.40 	 0.0000 	 0.6702 	 3 	 2 
10.50 	 0.0000 	 0.6735 	 3 	 2 
10.60 	 3.3333 	 0.6728 	 3 	 2 
10.70 	 0.0000 	 0.6735 	 3 	 2 
10.80 	 0.0000 	 0.6750 	 3 	 2 
10.90 	 0.0000 	 0.6765 	 3 	 2 
11.00 	 0.0000 	 0.6759 	 3 	 2 
11.10 	 0.0000 	 0.6768 	 3 	 2 
11.20 	 0.0000 	 0.6779 	 3 	 2 
11.30 	 0.0000 	 0.6787 	 3 	 2 
11.40 	 3.3333 	 0.6789 	 3 	 2 
11.50 	 0.0000 	 0.6784 	 3 	 2 
11.60 	 0.0000 	 0.6788 	 3 	 2 
11.70 	 0.0000 	 0.6808 	 3 	 2 
11.80 	 3.3333 	 0.6800 	 3 	 2 
11.90 	 0.0000 	 0.6801 	 3 	 2 
12.00 	 0.0000 	 0.6798 	 3 	 2 
12.10 	 3.3333 	 0.6797 	 3 	 2 
12.20 	 0.0000 	 0.6803 	 3 	 2 
12.30 	 0.0000 	 0.6797 	 3 	 2 
12.40 	 0.0000 	 0.6799 	 3 	 2 
12.50 	 0.0000 	 0.6805 	 3 	 2 
12.60 	 0.0000 	 0.6804 	 3 	 2 
12.70 	 0.0000 	 0.6805 	 3 	 2 
12.80 	 0.0000 	 0.6798 	 3 	 2 
12.90 	 3.3333 	 0.6800 	 3 	 2 
13.00 	 0.0000 	 0.6814 	 3 	 2 
13.10 	 0.0000 	 0.6811 	 3 	 2 
13.20 	 0.0000 	 0.6808 	 3 	 2 
13.30 	 0.0000 	 0.6810 	 3 	 2 
13.40 	 3.3333 	 0.6802 	 3 	 2 
13.50 	 0.0000 	 0.6790 	 3 	 2 
13.60 	 3.3333 	 0.6794 	 3 	 2 
13.70 	 0.0000 	 0.6787 	 3 	 2 
13.80 	 0.0000 	 0.6807 	 3 	 2 
13.90 	 0.0000 	 0.6798 	 3 	 2 
14.00 	 0.0000 	 0.6805 	 3 	 2 
14.10 	 0.0000 	 0.6811 	 3 	 2 
14.20 	 0.0000 	 0.6827 	 3 	 2 
14.30 	 0.0000 	 0.6821 	 3 	 2 
14.40 	 3.3333 	 0.6838 	 3 	 2 
14.50 	 0.0000 	 0.6854 	 3 	 2 
14.60 	 0.0000 	 0.6863 	 3 	 2 
14.70 	 0.0000 	 0.6867 	 3 	 2 
14.80 	 0.0000 	 0.6870 	 3 	 2 
14.90 	 3.3333 	 0.6799 	 3 	 2 
15.00 	 3.3333 	 0.6807 	 3 	 1 
15.10 	 0.0000 	 0.6802 	 3 	 1 
15.20 	 0.0000 	 0.6808 	 3 	 1 
15.30 	 0.0000 	 0.6799 	 3 	 1 
15.40 	 0.0000 	 0.6788 	 3 	 1 
15.50 	 0.0000 	 0.6777 	 3 	 2 
15.60 	 0.0000 	 0.6787 	 3 	 2 
15.70 	 0.0000 	 0.6777 	 3 	 2 
15.80 	 0.0000 	 0.6762 	 3 	 2 
15.90 	 0.0000 	 0.6782 	 3 	 2 
16.00 	 3.3333 	 0.6796 	 3 	 2 
16.10 	 0.0000 	 0.6796 	 3 	 2 
16.20 	 0.0000 	 0.6802 	 3 	 2 
16.30 	 3.3333 	 0.6801 	 3 	 2 
16.40 	 0.0000 	 0.6800 	 3 	 2 
16.50 	 0.0000 	 0.6806 	 3 	 2 
16.60 	 0.0000 	 0.6808 	 3 	 2 
16.70 	 3.3333 	 0.6804 	 3 	 2 
16.80 	 0.0000 	 0.6810 	 3 	 2 
16.90 	 0.0000 	 0.6797 	 3 	 2 
17.00 	 0.0000 	 0.6792 	 3 	 2 
17.10 	 0.0000 	 0.6800 	 3 	 2 
17.20 	 0.0000 	 0.6802 	 3 	 2 
17.30 	 0.0000 	 0.6800 	 3 	 2 
17.40 	 3.3333 	 0.6800 	 3 	 2 
17.50 	 0.0000 	 0.6800 	 3 	 2 
17.60 	 0.0000 	 0.6790 	 3 	 2 
17.70 	 0.0000 	 0.6799 	 3 	 2 
17.80 	 3.3333 	 0.6811 	 3 	 1 
17.90 	 0.0000 	 0.6809 	 3 	 1 
18.00 	 0.0000 	 0.6830 	 3 	 2 
18.10 	 0.0000 	 0.6826 	 3 	 2 
18.20 	 0.0000 	 0.6822 	 3 	 2 
18.30 	 0.0000 	 0.6827 	 3 	 2 
18.40 	 3.3333 	 0.6830 	 3 	 2 
18.50 	 0.0000 	 0.6831 	 3 	 2 
18.60 	 0.0000 	 0.6833 	 3 	 2 
18.70 	 3.3333 	 0.6829 	 3 	 1 
18.80 	 0.0000 	 0.6848 	 3 	 1 
18.90 	 0.0000 	 0.6846 	 3 	 1 
19.00 	 0.0000 	 0.6777 	 3 	 1 
19.10 	 0.0000 	 0.6773 	 3 	 2 
19.20 	 0.0000 	 0.6767 	 3 	 2 
19.30 	 0.0000 	 0.6772 	 3 	 2 
19.40 	 3.3333 	 0.6756 	 3 	 2 
19.50 	 0.0000 	 0.6756 	 3 	 2 
19.60 	 0.0000 	 0.6760 	 3 	 2 
19.70 	 0.0000 	 0.6759 	 3 	 2 
19.80 	 0.0000 	 0.6760 	 3 	 2 
19.90 	 0.0000 	 0.6752 	 3 	 2 
20.00 	 3.3333 	 0.6738 	 3 	 2 
20.10 	 0.0000 	 0.6750 	 3 	 2 
20.20 	 3.3333 	 0.6753 	 3 	 2 
20.30 	 0.0000 	 0.6774 	 3 	 2 
20.40 	 0.0000 	 0.6780 	 3 	 2 
20.50 	 0.0000 	 0.6775 	 3 	 2 
20.60 	 0.0000 	 0.6785 	 3 	 2 
20.70 	 0.0000 	 0.6788 	 3 	 2 
20.80 	 0.0000 	 0.6803 	 3 	 2 
20.90 	 3.3333 	 0.6797 	 3 	 2 
21.00 	 0.0000 	 0.6792 	 3 	 2 
21.10 	 0.0000 	 0.6801 	 3 	 2 
21.20 	 0.0000 	 0.6805 	 3 	 2 
21.30 	 0.0000 	 0.6794 	 3 	 2 
21.40 	 0.0000 	 0.6774 	 3 	 2 
21.50 	 3.3333 	 0.6792 	 3 	 1 
21.60 	 0.0000 	 0.6791 	 3 	 1 
21.70 	 0.0000 	 0.6786 	 3 	 1 
21.80 	 0.0000 	 0.6789 	 3 	 1 
21.90 	 0.0000 	 0.6804 	 3 	 1 
22.00 	 3.3333 	 0.6811 	 3 	 1 
22.10 	 0.0000 	 0.6795 	 3 	 2 
22.20 	 0.0000 	 0.6810 	 3 	 2 
22.30 	 0.0000 	 0.6804 	 3 	 2 
22.40 	 3.3333 	 0.6825 	 3 	 2 
22.50 	 0.0000 	 0.6832 	 3 	 2 
22.60 	 0.0000 	 0.6816 	 3 	 2 
22.70 	 0.0000 	 0.6820 	 3 	 2 
22.80 	 0.0000 	 0.6835 	 3 	 0 
22.90 	 0.0000 	 0.6825 	 3 	 0 
23.00 	 3.3333 	 0.6813 	 3 	 1 
23.10 	 0.0000 	 0.6820 	 3 	 1 
23.20 	 0.0000 	 0.6831 	 3 	 2 
23.30 	 0.0000 	 0.6831 	 3 	 2 
23.40 	 0.0000 	 0.6831 	 3 	 2 
23.50 	 0.0000 	 0.6846 	 3 	 2 
23.60 	 0.0000 	 0.6855 	 3 	 2 
23.70 	 3.3333 	 0.6838 	 3 	 2 
23.80 	 3.3333 	 0.6851 	 3 	 1 
23.90 	 0.0000 	 0.6850 	 3 	 1 
24.00 	 0.0000 	 0.6858 	 3 	 1 
24.10 	 0.0000 	 0.6869 	 3 	 1 
24.20 	 0.0000 	 0.6874 	 3 	 1 
24.30 	 0.0000 	 0.6880 	 3 	 2 
24.40 	 0.0000 	 0.6879 	 3 	 2 
24.50 	 3.3333 	 0.6884 	 3 	 2 
24.60 	 0.0000 	 0.6875 	 3 	 2 
24.70 	 0.0000 	 0.6884 	 3 	 2 
24.80 	 0.0000 	 0.6877 	 3 	 0 
24.90 	 0.0000 	 0.6877 	 3 	 0 
25.00 	 3.3333 	 0.6873 	 3 	 1 
25.10 	 0.0000 	 0.6872 	 3 	 1 
25.20 	 0.0000 	 0.6808 	 3 	 1 
25.30 	 0.0000 	 0.6816 	 3 	 0 
25.40 	 0.0000 	 0.6731 	 3 	 0 
25.50 	 0.0000 	 0.6730 	 3 	 2 
25.60 	 0.0000 	 0.6713 	 3 	 2 
25.70 	 3.3333 	 0.6715 	 3 	 2 
25.80 	 0.0000 	 0.6702 	 3 	 2 
25.90 	 0.0000 	 0.6707 	 3 	 2 
26.00 	 3.3333 	 0.6711 	 3 	 1 
26.10 	 3.3333 	 0.6703 	 3 	 1 
26.20 	 0.0000 	 0.6712 	 3 	 1 
26.30 	 0.0000 	 0.6720 	 3 	 1 
26.40 	 0.0000 	 0.6738 	 3 	 1 
26.50 	 0.0000 	 0.6747 	 3 	 1 
26.60 	 0.0000 	 0.6760 	 3 	 1 
26.70 	 0.0000 	 0.6761 	 3 	 1 
26.80 	 0.0000 	 0.6762 	 3 	 2 
26.90 	 0.0000 	 0.6763 	 3 	 2 
27.00 	 0.0000 	 0.6745 	 3 	 2 
27.10 	 0.0000 	 0.6756 	 3 	 2 
27.20 	 0.0000 	 0.6742 	 3 	 2 
27.30 	 0.0000 	 0.6764 	 3 	 0 
27.40 	 3.3333 	 0.6740 	 3 	 2 
27.50 	 0.0000 	 0.6735 	 3 	 2 
27.60 	 0.0000 	 0.6743 	 3 	 2 
27.70 	 3.3333 	 0.6740 	 3 	 1 
27.80 	 3.3333 	 0.6743 	 3 	 1 
27.90 	 0.0000 	 0.6747 	 3 	 1 
28.00 	 0.0000 	 0.6743 	 3 	 1 
28.10 	 0.0000 	 0.6746 	 3 	 1 
28.20 	 0.0000 	 0.6749 	 3 	 1 
28.30 	 0.0000 	 0.6744 	 3 	 1 
28.40 	 0.0000 	 0.6745 	 3 	 1 
28.50 	 0.0000 	 0.6767 	 3 	 1 
28.60 	 0.0000 	 0.6760 	 3 	 0 
28.70 	 3.3333 	 0.6759 	 3 	 2 
28.80 	 0.0000 	 0.6758 	 3 	 2 
28.90 	 0.0000 	 0.6757 	 3 	 2 
29.00 	 0.0000 	 0.6755 	 3 	 2 
29.10 	 0.0000 	 0.6744 	 3 	 2 
29.20 	 0.0000 	 0.6729 	 3 	 2 
29.30 	 3.3333 	 0.6735 	 3 	 2 
29.40 	 0.0000 	 0.6731 	 3 	 1 
29.50 	 0.0000 	 0.6726 	 3 	 0 
29.60 	 0.0000 	 0.6747 	 3 	 0 
29.70 	 3.3333 	 0.6741 	 3 	 1 
29.80 	 0.0000 	 0.6734 	 3 	 1 
29.90 	 3.3333 	 0.6674 	 3 	 1 
30.00 	 0.0000 	 0.6688 	 3 	 1 
30.10 	 0.0000 	 0.6631 	 3 	 1 
30.20 	 0.0000 	 0.6638 	 3 	 1 
30.30 	 0.0000 	 0.6637 	 3 	 2 
30.40 	 0.0000 	 0.6643 	 3 	 2 
30.50 	 0.0000 	 0.6649 	 3 	 2 
30.60 	 0.0000 	 0.6650 	 3 	 2 
30.70 	 0.0000 	 0.6645 	 3 	 2 
30.80 	 0.0000 	 0.6651 	 3 	 2 
30.90 	 0.0000 	 0.6662 	 3 	 2 
31.00 	 0.0000 	 0.6661 	 3 	 2 
31.10 	 3.3333 	 0.6672 	 3 	 2 
31.20 	 0.0000 	 0.6670 	 3 	 2 
31.30 	 3.3333 	 0.6679 	 3 	 1 
31.40 	 0.0000 	 0.6683 	 3 	 1 
31.50 	 3.3333 	 0.6678 	 3 	 1 
31.60 	 0.0000 	 0.6680 	 3 	 1 
31.70 	 0.0000 	 0.6681 	 3 	 1 
31.80 	 0.0000 	 0.6678 	 3 	 2 
31.90 	 0.0000 	 0.6680 	 3 	 2 
32.00 	 0.0000 	 0.6679 	 3 	 2 
32.10 	 0.0000 	 0.6673 	 3 	 2 
32.20 	 0.0000 	 0.6686 	 3 	 2 
32.30 	 0.0000 	 0.6678 	 3 	 0 
32.40 	 0.0000 	 0.6680 	 3 	 0 
32.50 	 0.0000 	 0.6699 	 3 	 0 
32.60 	 0.0000 	 0.6693 	 3 	 0 
32.70 	 3.3333 	 0.6697 	 3 	 0 
32.80 	 3.3333 	 0.6688 	 3 	 1 
32.90 	 0.0000 	 0.6695 	 3 	 1 
33.00 	 0.0000 	 0.6710 	 3 	 2 
33.10 	 0.0000 	 0.6712 	 3 	 3 
33.20 	 0.0000 	 0.6721 	 3 	 1 
33.30 	 0.0000 	 0.6724 	 3 	 0 
33.40 	 3.3333 	 0.6722 	 3 	 1 
33.50 	 0.0000 	 0.6719 	 3 	 1 
33.60 	 0.0000 	 0.6724 	 3 	 2 
33.70 	 0.0000 	 0.6731 	 3 	 2 
33.80 	 0.0000 	 0.6731 	 3 	 0 
33.90 	 0.0000 	 0.6762 	 3 	 0 
34.00 	 3.3333 	 0.6759 	 3 	 2 
34.10 	 0.0000 	 0.6775 	 3 	 2 
34.20 	 0.0000 	 0.6772 	 3 	 2 
34.30 	 3.3333 	 0.6760 	 3 	 2 
34.40 	 0.0000 	 0.6771 	 3 	 2 
34.50 	 0.0000 	 0.6780 	 3 	 2 
34.60 	 0.0000 	 0.6789 	 3 	 2 
34.70 	 0.0000 	 0.6771 	 3 	 2 
34.80 	 0.0000 	 0.6783 	 3 	 2 
34.90 	 0.0000 	 0.6775 	 3 	 1 
35.00 	 0.0000 	 0.6780 	 3 	 1 
35.10 	 0.0000 	 0.6776 	 3 	 0 
35.20 	 3.3333 	 0.6781 	 3 	 2 
35.30 	 3.3333 	 0.6767 	 3 	 2 
35.40 	 0.0000 	 0.6792 	 3 	 2 
35.50 	 0.0000 	 0.6798 	 3 	 2 
35.60 	 0.0000 	 0.6808 	 3 	 2 
35.70 	 0.0000 	 0.6793 	 3 	 2 
35.80 	 3.3333 	 0.6781 	 3 	 1 
35.90 	 0.0000 	 0.6774 	 3 	 1 
36.00 	 0.0000 	 0.6775 	 3 	 1 
36.10 	 0.0000 	 0.6779 	 3 	 1 
36.20 	 0.0000 	 0.6790 	 3 	 1 
36.30 	 3.3333 	 0.6799 	 3 	 1 
36.40 	 0.0000 	 0.6802 	 3 	 1 
36.50 	 0.0000 	 0.6798 	 3 	 2 
36.60 	 0.0000 	 0.6790 	 3 	 2 
36.70 	 0.0000 	 0.6795 	 3 	 0 
36.80 	 0.0000 	 0.6810 	 3 	 0 
36.90 	 0.0000 	 0.6807 	 3 	 0 
37.00 	 0.0000 	 0.6808 	 3 	 0 
37.10 	 0.0000 	 0.6808 	 3 	 0 
37.20 	 6.6667 	 0.6819 	 3 	 1 
37.30 	 3.3333 	 0.6765 	 3 	 1 
37.40 	 0.0000 	 0.6781 	 3 	 1 
37.50 	 0.0000 	 0.6784 	 3 	 1 
37.60 	 0.0000 	 0.6779 	 3 	 1 
37.70 	 0.0000 	 0.6779 	 3 	 1 
37.80 	 0.0000 	 0.6758 	 3 	 1 
37.90 	 0.0000 	 0.6751 	 3 	 1 
38.00 	 0.0000 	 0.6754 	 3 	 2 
38.10 	 0.0000 	 0.6780 	 3 	 2 
38.20 	 0.0000 	 0.6802 	 3 	 2 
38.30 	 0.0000 	 0.6795 	 3 	 2 
38.40 	 3.3333 	 0.6812 	 3 	 2 
38.50 	 0.0000 	 0.6829 	 3 	 2 
38.60 	 0.0000 	 0.6777 	 3 	 1 
38.70 	 0.0000 	 0.6781 	 3 	 1 
38.80 	 0.0000 	 0.6799 	 3 	 0 
38.90 	 3.3333 	 0.6813 	 3 	 2 
39.00 	 0.0000 	 0.6843 	 3 	 2 
39.10 	 0.0000 	 0.6847 	 3 	 2 
39.20 	 0.0000 	 0.6856 	 3 	 2 
39.30 	 0.0000 	 0.6862 	 3 	 2 
39.40 	 6.6667 	 0.6878 	 3 	 1 
39.50 	 0.0000 	 0.6884 	 3 	 1 
39.60 	 0.0000 	 0.6899 	 3 	 1 
39.70 	 0.0000 	 0.6904 	 3 	 1 
39.80 	 0.0000 	 0.6915 	 3 	 1 
39.90 	 0.0000 	 0.6918 	 3 	 2 
40.00 	 0.0000 	 0.6926 	 3 	 2 
40.10 	 0.0000 	 0.6918 	 3 	 2 
40.20 	 0.0000 	 0.6916 	 3 	 2 
40.30 	 0.0000 	 0.6919 	 3 	 2 
40.40 	 3.3333 	 0.6928 	 3 	 2 
40.50 	 0.0000 	 0.6927 	 3 	 1 
40.60 	 0.0000 	 0.6932 	 3 	 1 
40.70 	 3.3333 	 0.6924 	 3 	 1 
40.80 	 0.0000 	 0.6910 	 3 	 1 
40.90 	 0.0000 	 0.6910 	 3 	 2 
41.00 	 0.0000 	 0.6914 	 3 	 2 
41.10 	 0.0000 	 0.6903 	 3 	 0 
41.20 	 3.3333 	 0.6916 	 3 	 1 
41.30 	 0.0000 	 0.6901 	 3 	 1 
41.40 	 0.0000 	 0.6911 	 3 	 1 
41.50 	 3.3333 	 0.6928 	 3 	 1 
41.60 	 0.0000 	 0.6917 	 3 	 1 
41.70 	 0.0000 	 0.6910 	 3 	 1 
41.80 	 0.0000 	 0.6913 	 3 	 1 
41.90 	 0.0000 	 0.6916 	 3 	 2 
42.00 	 0.0000 	 0.6930 	 3 	 2 
42.10 	 0.0000 	 0.6944 	 3 	 2 
42.20 	 0.0000 	 0.6947 	 3 	 2 
42.30 	 0.0000 	 0.6959 	 3 	 2 
42.40 	 3.3333 	 0.6968 	 3 	 2 
42.50 	 0.0000 	 0.6958 	 3 	 0 
42.60 	 3.3333 	 0.6973 	 3 	 1 
42.70 	 0.0000 	 0.6978 	 3 	 1 
42.80 	 0.0000 	 0.6987 	 3 	 1 
42.90 	 0.0000 	 0.6996 	 3 	 1 
43.00 	 0.0000 	 0.7002 	 3 	 2 
43.10 	 3.3333 	 0.7004 	 3 	 2 
43.20 	 0.0000 	 0.7005 	 3 	 2 
43.30 	 0.0000 	 0.7028 	 3 	 2 
43.40 	 0.0000 	 0.7057 	 3 	 2 
43.50 	 0.0000 	 0.7052 	 3 	 2 
43.60 	 3.3333 	 0.7054 	 3 	 1 
43.70 	 0.0000 	 0.6990 	 3 	 1 
43.80 	 0.0000 	 0.6979 	 3 	 1 
43.90 	 0.0000 	 0.6975 	 3 	 2 
44.00 	 0.0000 	 0.6967 	 3 	 2 
44.10 	 3.3333 	 0.6957 	 3 	 2 
44.20 	 0.0000 	 0.6942 	 3 	 2 
44.30 	 0.0000 	 0.6935 	 3 	 2 
44.40 	 0.0000 	 0.6918 	 3 	 2 
44.50 	 0.0000 	 0.6922 	 3 	 2 
44.60 	 0.0000 	 0.6927 	 3 	 2 
44.70 	 0.0000 	 0.6917 	 3 	 0 
44.80 	 0.0000 	 0.6923 	 3 	 0 
44.90 	 0.0000 	 0.6922 	 3 	 0 
45.00 	 3.3333 	 0.6919 	 3 	 2 
45.10 	 3.3333 	 0.6916 	 3 	 1 
45.20 	 0.0000 	 0.6926 	 3 	 1 
45.30 	 0.0000 	 0.6941 	 3 	 1 
45.40 	 0.0000 	 0.6916 	 3 	 1 
45.50 	 3.3333 	 0.6917 	 3 	 1 
45.60 	 0.0000 	 0.6925 	 3 	 1 
45.70 	 0.0000 	 0.6924 	 3 	 1 
45.80 	 0.0000 	 0.6928 	 3 	 2 
45.90 	 0.0000 	 0.6945 	 3 	 2 
46.00 	 0.0000 	 0.6947 	 3 	 2 
46.10 	 0.0000 	 0.6961 	 3 	 2 
46.20 	 0.0000 	 0.6976 	 3 	 2 
46.30 	 0.0000 	 0.6978 	 3 	 2 
46.40 	 0.0000 	 0.6989 	 3 	 2 
46.50 	 0.0000 	 0.6991 	 3 	 2 
46.60 	 3.3333 	 0.7005 	 3 	 2 
46.70 	 0.0000 	 0.7019 	 3 	 2 
46.80 	 3.3333 	 0.7014 	 3 	 2 
46.90 	 0.0000 	 0.7031 	 3 	 2 
47.00 	 3.3333 	 0.7021 	 3 	 2 
47.10 	 0.0000 	 0.7026 	 3 	 1 
47.20 	 0.0000 	 0.7047 	 3 	 1 
47.30 	 0.0000 	 0.7056 	 3 	 1 
47.40 	 0.0000 	 0.7065 	 3 	 1 
47.50 	 0.0000 	 0.7068 	 3 	 1 
47.60 	 0.0000 	 0.7094 	 3 	 2 
47.70 	 0.0000 	 0.7100 	 3 	 2 
47.80 	 0.0000 	 0.7118 	 3 	 2 
47.90 	 0.0000 	 0.7122 	 3 	 2 
48.00 	 3.3333 	 0.7123 	 3 	 2 
48.10 	 0.0000 	 0.7132 	 3 	 2 
48.20 	 3.3333 	 0.7114 	 3 	 2 
48.30 	 0.0000 	 0.7124 	 3 	 2 
48.40 	 0.0000 	 0.7143 	 3 	 2 
48.50 	 0.0000 	 0.7154 	 3 	 2 
48.60 	 0.0000 	 0.7162 	 3 	 2 
48.70 	 0.0000 	 0.7180 	 3 	 2 
48.80 	 0.0000 	 0.7180 	 3 	 2 
48.90 	 0.0000 	 0.7188 	 3 	 2 
49.00 	 3.3333 	 0.7199 	 3 	 2 
49.10 	 3.3333 	 0.7208 	 3 	 2 
49.20 	 0.0000 	 0.7223 	 3 	 1 
49.30 	 0.0000 	 0.7235 	 3 	 1 
49.40 	 0.0000 	 0.7255 	 3 	 1 
49.50 	 0.0000 	 0.7265 	 3 	 1 
49.60 	 0.0000 	 0.7255 	 3 	 2 
49.70 	 0.0000 	 0.7250 	 3 	 2 
49.80 	 3.3333 	 0.7265 	 3 	 2 
49.90 	 0.0000 	 0.7257 	 3 	 2 
50.00 	 0.0000 	 0.7249 	 3 	 2 
50.10 	 0.0000 	 0.7244 	 3 	 2 
50.20 	 3.3333 	 0.7219 	 3 	 1 
50.30 	 0.0000 	 0.7201 	 3 	 1 
50.40 	 0.0000 	 0.7188 	 3 	 1 
50.50 	 0.0000 	 0.7170 	 3 	 1 
50.60 	 0.0000 	 0.7144 	 3 	 1 
50.70 	 0.0000 	 0.7119 	 3 	 2 
50.80 	 0.0000 	 0.7096 	 3 	 2 
50.90 	 3.3333 	 0.7078 	 3 	 1 
51.00 	 0.0000 	 0.7068 	 3 	 1 
51.10 	 0.0000 	 0.7050 	 3 	 1 
51.20 	 0.0000 	 0.7027 	 3 	 0 
51.30 	 3.3333 	 0.7005 	 3 	 1 
51.40 	 3.3333 	 0.6987 	 3 	 1 
51.50 	 0.0000 	 0.6895 	 3 	 1 
51.60 	 0.0000 	 0.6901 	 3 	 1 
51.70 	 0.0000 	 0.6887 	 3 	 1 
51.80 	 0.0000 	 0.6875 	 3 	 1 
51.90 	 0.0000 	 0.6813 	 3 	 1 
52.00 	 0.0000 	 0.6828 	 3 	 1 
52.10 	 0.0000 	 0.6831 	 3 	 1 
52.20 	 0.0000 	 0.6845 	 3 	 1 
52.30 	 0.0000 	 0.6871 	 3 	 1 
52.40 	 0.0000 	 0.6874 	 3 	 0 
52.50 	 0.0000 	 0.6877 	 3 	 0 
52.60 	 0.0000 	 0.6872 	 3 	 0 
52.70 	 3.3333 	 0.6897 	 3 	 1 
52.80 	 3.3333 	 0.6900 	 3 	 1 
52.90 	 0.0000 	 0.6892 	 3 	 1 
53.00 	 3.3333 	 0.6884 	 3 	 1 
53.10 	 0.0000 	 0.6896 	 3 	 1 
53.20 	 0.0000 	 0.6889 	 3 	 1 
53.30 	 0.0000 	 0.6891 	 3 	 1 
53.40 	 0.0000 	 0.6885 	 3 	 1 
53.50 	 0.0000 	 0.6897 	 3 	 2 
53.60 	 0.0000 	 0.6881 	 3 	 2 
53.70 	 0.0000 	 0.6893 	 3 	 2 
53.80 	 0.0000 	 0.6875 	 3 	 2 
53.90 	 0.0000 	 0.6872 	 3 	 2 
54.00 	 0.0000 	 0.6848 	 3 	 2 
54.10 	 3.3333 	 0.6842 	 3 	 1 
54.20 	 0.0000 	 0.6841 	 3 	 1 
54.30 	 0.0000 	 0.6845 	 3 	 1 
54.40 	 0.0000 	 0.6836 	 3 	 1 
54.50 	 3.3333 	 0.6820 	 3 	 1 
54.60 	 0.0000 	 0.6833 	 3 	 1 
54.70 	 0.0000 	 0.6821 	 3 	 1 
54.80 	 0.0000 	 0.6812 	 3 	 0 
54.90 	 0.0000 	 0.6812 	 3 	 2 
55.00 	 0.0000 	 0.6807 	 3 	 2 
55.10 	 3.3333 	 0.6815 	 3 	 2 
55.20 	 0.0000 	 0.6795 	 3 	 2 
55.30 	 3.3333 	 0.6784 	 3 	 2 
55.40 	 0.0000 	 0.6795 	 3 	 2 
55.50 	 0.0000 	 0.6793 	 3 	 2 
55.60 	 0.0000 	 0.6791 	 3 	 1 
55.70 	 0.0000 	 0.6799 	 3 	 2 
55.80 	 0.0000 	 0.6792 	 3 	 2 
55.90 	 0.0000 	 0.6787 	 3 	 2 
56.00 	 0.0000 	 0.6774 	 3 	 0 
56.10 	 0.0000 	 0.6786 	 3 	 0 
56.20 	 0.0000 	 0.6784 	 3 	 0 
56.30 	 0.0000 	 0.6777 	 3 	 0 
56.40 	 6.6667 	 0.6776 	 3 	 1 
56.50 	 0.0000 	 0.6752 	 3 	 1 
56.60 	 0.0000 	 0.6677 	 3 	 1 
56.70 	 0.0000 	 0.6673 	 3 	 1 
56.80 	 0.0000 	 0.6654 	 3 	 1 
56.90 	 3.3333 	 0.6646 	 3 	 2 
57.00 	 0.0000 	 0.6630 	 3 	 2 
57.10 	 0.0000 	 0.6610 	 3 	 2 
57.20 	 0.0000 	 0.6606 	 3 	 2 
57.30 	 0.0000 	 0.6584 	 3 	 2 
57.40 	 0.0000 	 0.6557 	 3 	 2 
57.50 	 0.0000 	 0.6558 	 3 	 0 
57.60 	 0.0000 	 0.6536 	 3 	 0 
57.70 	 0.0000 	 0.6537 	 3 	 0 
57.80 	 3.3333 	 0.6521 	 3 	 1 
57.90 	 0.0000 	 0.6514 	 3 	 1 
58.00 	 0.0000 	 0.6518 	 3 	 1 
58.10 	 0.0000 	 0.6494 	 3 	 0 
58.20 	 0.0000 	 0.6504 	 3 	 0 
58.30 	 3.3333 	 0.6512 	 3 	 1 
58.40 	 0.0000 	 0.6512 	 3 	 1 
58.50 	 3.3333 	 0.6517 	 3 	 1 
58.60 	 0.0000 	 0.6517 	 3 	 1 
58.70 	 0.0000 	 0.6516 	 3 	 1 
58.80 	 0.0000 	 0.6503 	 3 	 2 
58.90 	 0.0000 	 0.6513 	 3 	 2 
59.00 	 0.0000 	 0.6509 	 3 	 2 
59.10 	 0.0000 	 0.6509 	 3 	 2 
59.20 	 3.3333 	 0.6514 	 3 	 1 
59.30 	 0.0000 	 0.6506 	 3 	 1 
59.40 	 0.0000 	 0.6514 	 3 	 1 
59.50 	 0.0000 	 0.6510 	 3 	 1 
59.60 	 0.0000 	 0.6516 	 3 	 1 
59.70 	 0.0000 	 0.6529 	 3 	 2 
59.80 	 0.0000 	 0.6535 	 3 	 0 
59.90 	 0.0000 	 0.6532 	 3 	 0 
60.00 	 0.0000 	 0.6528 	 3 	 0 
60.10 	 3.3333 	 0.6531 	 3 	 0 
60.20 	 3.3333 	 0.6520 	 3 	 1 
60.30 	 0.0000 	 0.6532 	 3 	 1 
60.40 	 0.0000 	 0.6524 	 3 	 1 
60.50 	 0.0000 	 0.6522 	 3 	 1 
60.60 	 0.0000 	 0.6537 	 3 	 1 
60.70 	 3.3333 	 0.6533 	 3 	 1 
60.80 	 0.0000 	 0.6541 	 3 	 2 
60.90 	 0.0000 	 0.6528 	 3 	 2 
61.00 	 0.0000 	 0.6533 	 3 	 0 
61.10 	 0.0000 	 0.6544 	 3 	 0 
61.20 	 0.0000 	 0.6547 	 3 	 0 
61.30 	 0.0000 	 0.6555 	 3 	 0 
61.40 	 0.0000 	 0.6550 	 3 	 0 
61.50 	 3.3333 	 0.6549 	 3 	 1 
61.60 	 0.0000 	 0.6557 	 3 	 1 
61.70 	 0.0000 	 0.6554 	 3 	 0 
61.80 	 0.0000 	 0.6559 	 3 	 0 
61.90 	 0.0000 	 0.6562 	 3 	 0 
62.00 	 0.0000 	 0.6566 	 3 	 0 
62.10 	 3.3333 	 0.6564 	 3 	 1 
62.20 	 3.3333 	 0.6568 	 3 	 1 
62.30 	 0.0000 	 0.6567 	 3 	 1 
62.40 	 0.0000 	 0.6577 	 3 	 1 
62.50 	 0.0000 	 0.6578 	 3 	 1 
62.60 	 3.3333 	 0.6586 	 3 	 1 
62.70 	 0.0000 	 0.6588 	 3 	 1 
62.80 	 0.0000 	 0.6588 	 3 	 1 
62.90 	 0.0000 	 0.6593 	 3 	 1 
63.00 	 0.0000 	 0.6598 	 3 	 1 
63.10 	 0.0000 	 0.6593 	 3 	 1 
63.20 	 0.0000 	 0.6597 	 3 	 1 
63.30 	 0.0000 	 0.6607 	 3 	 1 
63.40 	 3.3333 	 0.6591 	 3 	 1 
63.50 	 0.0000 	 0.6599 	 3 	 1 
63.60 	 0.0000 	 0.6590 	 3 	 2 
63.70 	 3.3333 	 0.6599 	 3 	 1 
63.80 	 0.0000 	 0.6569 	 3 	 1 
63.90 	 0.0000 	 0.6512 	 3 	 0 
64.00 	 0.0000 	 0.6482 	 3 	 0 
64.10 	 0.0000 	 0.6477 	 3 	 0 
64.20 	 0.0000 	 0.6489 	 3 	 0 
64.30 	 0.0000 	 0.6461 	 3 	 0 
64.40 	 0.0000 	 0.6483 	 3 	 0 
64.50 	 0.0000 	 0.6484 	 3 	 0 
64.60 	 0.0000 	 0.6501 	 3 	 0 
64.70 	 3.3333 	 0.6512 	 3 	 1 
64.80 	 0.0000 	 0.6538 	 3 	 1 
64.90 	 3.3333 	 0.6542 	 3 	 1 
65.00 	 0.0000 	 0.6560 	 3 	 1 
65.10 	 0.0000 	 0.6564 	 3 	 1 
65.20 	 0.0000 	 0.6566 	 3 	 1 
65.30 	 0.0000 	 0.6583 	 3 	 1 
65.40 	 0.0000 	 0.6598 	 3 	 0 
65.50 	 0.0000 	 0.6599 	 3 	 2 
65.60 	 0.0000 	 0.6599 	 3 	 0 
65.70 	 3.3333 	 0.6620 	 3 	 2 
65.80 	 3.3333 	 0.6634 	 3 	 2 
65.90 	 0.0000 	 0.6644 	 3 	 2 
66.00 	 0.0000 	 0.6645 	 3 	 2 
66.10 	 0.0000 	 0.6649 	 3 	 2 
66.20 	 0.0000 	 0.6658 	 3 	 0 
66.30 	 0.0000 	 0.6663 	 3 	 0 
66.40 	 0.0000 	 0.6660 	 3 	 0 
66.50 	 0.0000 	 0.6653 	 3 	 0 
66.60 	 0.0000 	 0.6663 	 3 	 0 
66.70 	 3.3333 	 0.6670 	 3 	 0 
66.80 	 3.3333 	 0.6663 	 3 	 1 
66.90 	 0.0000 	 0.6684 	 3 	 1 
67.00 	 0.0000 	 0.6673 	 3 	 1 
67.10 	 0.0000 	 0.6687 	 3 	 1 
67.20 	 0.0000 	 0.6682 	 3 	 0 
67.30 	 3.3333 	 0.6677 	 3 	 1 
67.40 	 0.0000 	 0.6679 	 3 	 1 
67.50 	 0.0000 	 0.6690 	 3 	 2 
67.60 	 0.0000 	 0.6688 	 3 	 2 
67.70 	 3.3333 	 0.6697 	 3 	 2 
67.80 	 0.0000 	 0.6693 	 3 	 2 
67.90 	 0.0000 	 0.6708 	 3 	 1 
68.00 	 0.0000 	 0.6702 	 3 	 1 
68.10 	 0.0000 	 0.6690 	 3 	 0 
68.20 	 0.0000 	 0.6712 	 3 	 0 
68.30 	 0.0000 	 0.6715 	 3 	 0 
68.40 	 0.0000 	 0.6708 	 3 	 0 
68.50 	 0.0000 	 0.6717 	 3 	 0 
68.60 	 3.3333 	 0.6713 	 3 	 2 
68.70 	 3.3333 	 0.6693 	 3 	 2 
68.80 	 0.0000 	 0.6718 	 3 	 2 
68.90 	 3.3333 	 0.6731 	 3 	 1 
69.00 	 0.0000 	 0.6732 	 3 	 1 
69.10 	 0.0000 	 0.6749 	 3 	 1 
69.20 	 0.0000 	 0.6755 	 3 	 1 
69.30 	 0.0000 	 0.6759 	 3 	 2 
69.40 	 0.0000 	 0.6766 	 3 	 2 
69.50 	 0.0000 	 0.6759 	 3 	 2 
69.60 	 0.0000 	 0.6773 	 3 	 2 
69.70 	 0.0000 	 0.6788 	 3 	 2 
69.80 	 3.3333 	 0.6785 	 3 	 2 
69.90 	 0.0000 	 0.6783 	 3 	 0 
70.00 	 0.0000 	 0.6802 	 3 	 2 
70.10 	 0.0000 	 0.6810 	 3 	 0 
70.20 	 0.0000 	 0.6793 	 3 	 0 
70.30 	 0.0000 	 0.6819 	 3 	 0 
70.40 	 3.3333 	 0.6818 	 3 	 2 
70.50 	 0.0000 	 0.6815 	 3 	 2 
70.60 	 0.0000 	 0.6837 	 3 	 2 
70.70 	 6.6667 	 0.6846 	 3 	 1 
70.80 	 0.0000 	 0.6854 	 3 	 1 
70.90 	 0.0000 	 0.6846 	 3 	 1 
71.00 	 0.0000 	 0.6863 	 3 	 1 
71.10 	 0.0000 	 0.6857 	 3 	 1 
71.20 	 0.0000 	 0.6855 	 3 	 1 
71.30 	 0.0000 	 0.6865 	 3 	 2 
71.40 	 0.0000 	 0.6866 	 3 	 2 
71.50 	 0.0000 	 0.6855 	 3 	 2 
71.60 	 0.0000 	 0.6860 	 3 	 2 
71.70 	 3.3333 	 0.6854 	 3 	 0 
71.80 	 0.0000 	 0.6832 	 3 	 0 
71.90 	 3.3333 	 0.6813 	 3 	 1 
72.00 	 0.0000 	 0.6736 	 3 	 1 
72.10 	 0.0000 	 0.6724 	 3 	 1 
72.20 	 0.0000 	 0.6712 	 3 	 2 
72.30 	 0.0000 	 0.6696 	 3 	 2 
72.40 	 0.0000 	 0.6679 	 3 	 2 
72.50 	 0.0000 	 0.6668 	 3 	 0 
72.60 	 3.3333 	 0.6660 	 3 	 1 
72.70 	 0.0000 	 0.6668 	 3 	 1 
72.80 	 0.0000 	 0.6659 	 3 	 1 
72.90 	 0.0000 	 0.6677 	 3 	 0 
73.00 	 3.3333 	 0.6678 	 3 	 1 
73.10 	 0.0000 	 0.6683 	 3 	 1 
73.20 	 3.3333 	 0.6694 	 3 	 1 
73.30 	 0.0000 	 0.6699 	 3 	 1 
73.40 	 0.0000 	 0.6703 	 3 	 1 
73.50 	 0.0000 	 0.6692 	 3 	 1 
73.60 	 0.0000 	 0.6714 	 3 	 1 
73.70 	 0.0000 	 0.6708 	 3 	 1 
73.80 	 0.0000 	 0.6726 	 3 	 2 
73.90 	 0.0000 	 0.6715 	 3 	 2 
74.00 	 0.0000 	 0.6715 	 3 	 2 
74.10 	 0.0000 	 0.6725 	 3 	 0 
74.20 	 0.0000 	 0.6731 	 3 	 0 
74.30 	 0.0000 	 0.6740 	 3 	 0 
74.40 	 3.3333 	 0.6751 	 3 	 0 
74.50 	 0.0000 	 0.6752 	 3 	 0 
74.60 	 6.6667 	 0.6746 	 3 	 1 
74.70 	 0.0000 	 0.6748 	 3 	 1 
74.80 	 0.0000 	 0.6738 	 3 	 1 
74.90 	 0.0000 	 0.6753 	 3 	 1 
75.00 	 0.0000 	 0.6745 	 3 	 1 
75.10 	 0.0000 	 0.6770 	 3 	 1 
75.20 	 0.0000 	 0.6772 	 3 	 2 
75.30 	 0.0000 	 0.6774 	 3 	 2 
75.40 	 0.0000 	 0.6787 	 3 	 2 
75.50 	 3.3333 	 0.6792 	 3 	 2 
75.60 	 0.0000 	 0.6788 	 3 	 2 
75.70 	 0.0000 	 0.6786 	 3 	 2 
75.80 	 0.0000 	 0.6778 	 3 	 2 
75.90 	 0.0000 	 0.6776 	 3 	 2 
76.00 	 0.0000 	 0.6785 	 3 	 0 
76.10 	 0.0000 	 0.6779 	 3 	 2 
76.20 	 0.0000 	 0.6772 	 3 	 0 
76.30 	 3.3333 	 0.6775 	 3 	 2 
76.40 	 0.0000 	 0.6773 	 3 	 0 
76.50 	 6.6667 	 0.6770 	 3 	 1 
76.60 	 0.0000 	 0.6775 	 3 	 1 
76.70 	 0.0000 	 0.6785 	 3 	 1 
76.80 	 0.0000 	 0.6766 	 3 	 1 
76.90 	 0.0000 	 0.6771 	 3 	 1 
77.00 	 0.0000 	 0.6787 	 3 	 1 
77.10 	 3.3333 	 0.6769 	 3 	 2 
77.20 	 0.0000 	 0.6770 	 3 	 2 
77.30 	 0.0000 	 0.6778 	 3 	 2 
77.40 	 0.0000 	 0.6782 	 3 	 2 
77.50 	 3.3333 	 0.6788 	 3 	 2 
77.60 	 0.0000 	 0.6779 	 3 	 2 
77.70 	 0.0000 	 0.6787 	 3 	 2 
77.80 	 0.0000 	 0.6793 	 3 	 1 
77.90 	 0.0000 	 0.6811 	 3 	 1 
78.00 	 0.0000 	 0.6801 	 3 	 1 
78.10 	 0.0000 	 0.6801 	 3 	 2 
78.20 	 0.0000 	 0.6807 	 3 	 2 
78.30 	 0.0000 	 0.6807 	 3 	 2 
78.40 	 3.3333 	 0.6809 	 3 	 2 
78.50 	 0.0000 	 0.6814 	 3 	 2 
78.60 	 3.3333 	 0.6822 	 3 	 1 
78.70 	 0.0000 	 0.6835 	 3 	 1 
78.80 	 0.0000 	 0.6835 	 3 	 2 
78.90 	 0.0000 	 0.6837 	 3 	 1 
79.00 	 3.3333 	 0.6855 	 3 	 1 
79.10 	 0.0000 	 0.6856 	 3 	 2 
79.20 	 0.0000 	 0.6849 	 3 	 2 
79.30 	 0.0000 	 0.6864 	 3 	 2 
79.40 	 0.0000 	 0.6872 	 3 	 2 
79.50 	 0.0000 	 0.6855 	 3 	 2 
79.60 	 3.3333 	 0.6854 	 3 	 1 
79.70 	 0.0000 	 0.6858 	 3 	 1 
79.80 	 0.0000 	 0.6868 	 3 	 1 
79.90 	 0.0000 	 0.6862 	 3 	 1 
80.00 	 0.0000 	 0.6865 	 3 	 1 
80.10 	 0.0000 	 0.6857 	 3 	 2 
80.20 	 0.0000 	 0.6870 	 3 	 2 
80.30 	 0.0000 	 0.6865 	 3 	 2 
80.40 	 3.3333 	 0.6870 	 3 	 2 
80.50 	 0.0000 	 0.6869 	 3 	 0 
80.60 	 3.3333 	 0.6873 	 3 	 1 
80.70 	 3.3333 	 0.6869 	 3 	 1 
80.80 	 0.0000 	 0.6861 	 3 	 1 
80.90 	 0.0000 	 0.6875 	 3 	 1 
81.00 	 0.0000 	 0.6875 	 3 	 1 
81.10 	 0.0000 	 0.6850 	 3 	 1 
81.20 	 0.0000 	 0.6857 	 3 	 1 
81.30 	 0.0000 	 0.6809 	 3 	 2 
81.40 	 0.0000 	 0.6794 	 3 	 1 
81.50 	 0.0000 	 0.6731 	 3 	 1 
81.60 	 0.0000 	 0.6726 	 3 	 1 
81.70 	 0.0000 	 0.6731 	 3 	 0 
81.80 	 0.0000 	 0.6729 	 3 	 0 
81.90 	 0.0000 	 0.6723 	 3 	 0 
82.00 	 0.0000 	 0.6720 	 3 	 0 
82.10 	 3.3333 	 0.6726 	 3 	 0 
82.20 	 6.6667 	 0.6720 	 3 	 1 
82.30 	 0.0000 	 0.6719 	 3 	 1 
82.40 	 0.0000 	 0.6725 	 3 	 1 
82.50 	 0.0000 	 0.6728 	 3 	 1 
82.60 	 0.0000 	 0.6739 	 3 	 1 
82.70 	 0.0000 	 0.6732 	 3 	 1 
82.80 	 0.0000 	 0.6741 	 3 	 1 
82.90 	 0.0000 	 0.6727 	 3 	 1 
83.00 	 0.0000 	 0.6738 	 3 	 1 
83.10 	 0.0000 	 0.6724 	 3 	 1 
83.20 	 0.0000 	 0.6668 	 3 	 1 
83.30 	 3.3333 	 0.6688 	 3 	 1 
83.40 	 0.0000 	 0.6680 	 3 	 1 
83.50 	 0.0000 	 0.6679 	 3 	 1 
83.60 	 0.0000 	 0.6680 	 3 	 0 
83.70 	 0.0000 	 0.6705 	 3 	 0 
83.80 	 0.0000 	 0.6697 	 3 	 0 
83.90 	 0.0000 	 0.6719 	 3 	 0 
84.00 	 0.0000 	 0.6725 	 3 	 0 
84.10 	 3.3333 	 0.6740 	 3 	 1 
84.20 	 0.0000 	 0.6735 	 3 	 1 
84.30 	 0.0000 	 0.6757 	 3 	 1 
84.40 	 6.6667 	 0.6760 	 3 	 1 
84.50 	 0.0000 	 0.6758 	 3 	 1 
84.60 	 0.0000 	 0.6756 	 3 	 1 
84.70 	 0.0000 	 0.6771 	 3 	 1 
84.80 	 0.0000 	 0.6774 	 3 	 1 
84.90 	 0.0000 	 0.6763 	 3 	 1 
85.00 	 0.0000 	 0.6777 	 3 	 1 
85.10 	 0.0000 	 0.6783 	 3 	 2 
85.20 	 0.0000 	 0.6780 	 3 	 2 
85.30 	 0.0000 	 0.6777 	 3 	 2 
85.40 	 0.0000 	 0.6786 	 3 	 2 
85.50 	 3.3333 	 0.6799 	 3 	 1 
85.60 	 0.0000 	 0.6793 	 3 	 1 
85.70 	 0.0000 	 0.6803 	 3 	 1 
85.80 	 0.0000 	 0.6810 	 3 	 1 
85.90 	 0.0000 	 0.6792 	 3 	 1 
86.00 	 3.3333 	 0.6804 	 3 	 1 
86.10 	 0.0000 	 0.6797 	 3 	 0 
86.20 	 0.0000 	 0.6790 	 3 	 0 
86.30 	 3.3333 	 0.6795 	 3 	 1 
86.40 	 0.0000 	 0.6788 	 3 	 1 
86.50 	 3.3333 	 0.6793 	 3 	 2 
86.60 	 0.0000 	 0.6788 	 3 	 1 
86.70 	 0.0000 	 0.6776 	 3 	 1 
86.80 	 0.0000 	 0.6790 	 3 	 1 
86.90 	 0.0000 	 0.6800 	 3 	 1 
87.00 	 0.0000 	 0.6797 	 3 	 1 
87.10 	 0.0000 	 0.6797 	 3 	 2 
87.20 	 0.0000 	 0.6795 	 3 	 2 
87.30 	 0.0000 	 0.6807 	 3 	 2 
87.40 	 0.0000 	 0.6799 	 3 	 0 
87.50 	 0.0000 	 0.6804 	 3 	 0 
87.60 	 3.3333 	 0.6811 	 3 	 1 
87.70 	 0.0000 	 0.6816 	 3 	 0 
87.80 	 3.3333 	 0.6832 	 3 	 1 
87.90 	 0.0000 	 0.6831 	 3 	 1 
88.00 	 0.0000 	 0.6830 	 3 	 1 
88.10 	 0.0000 	 0.6813 	 3 	 2 
88.20 	 3.3333 	 0.6808 	 3 	 2 
88.30 	 0.0000 	 0.6810 	 3 	 2 
88.40 	 0.0000 	 0.6799 	 3 	 2 
88.50 	 0.0000 	 0.6793 	 3 	 2 
88.60 	 0.0000 	 0.6784 	 3 	 2 
88.70 	 3.3333 	 0.6805 	 3 	 1 
88.80 	 0.0000 	 0.6799 	 3 	 1 
88.90 	 0.0000 	 0.6804 	 3 	 1 
89.00 	 0.0000 	 0.6810 	 3 	 1 
89.10 	 0.0000 	 0.6809 	 3 	 2 
89.20 	 0.0000 	 0.6811 	 3 	 2 
89.30 	 0.0000 	 0.6805 	 3 	 0 
89.40 	 0.0000 	 0.6813 	 3 	 0 
89.50 	 0.0000 	 0.6826 	 3 	 2 
89.60 	 0.0000 	 0.6810 	 3 	 0 
89.70 	 3.3333 	 0.6826 	 3 	 2 
89.80 	 3.3333 	 0.6803 	 3 	 1 
89.90 	 3.3333 	 0.6795 	 3 	 1 
90.00 	 0.0000 	 0.6794 	 3 	 1 
90.10 	 0.0000 	 0.6778 	 3 	 1 
90.20 	 0.0000 	 0.6768 	 3 	 1 
90.30 	 0.0000 	 0.6756 	 3 	 1 
90.40 	 0.0000 	 0.6764 	 3 	 1 
90.50 	 0.0000 	 0.6763 	 3 	 1 
90.60 	 0.0000 	 0.6750 	 3 	 2 
90.70 	 0.0000 	 0.6756 	 3 	 2 
90.80 	 0.0000 	 0.6704 	 3 	 2 
90.90 	 0.0000 	 0.6721 	 3 	 0 
91.00 	 3.3333 	 0.6718 	 3 	 1 
91.10 	 0.0000 	 0.6733 	 3 	 1 
91.20 	 0.0000 	 0.6724 	 3 	 1 
91.30 	 0.0000 	 0.6684 	 3 	 1 
91.40 	 3.3333 	 0.6699 	 3 	 1 
91.50 	 0.0000 	 0.6712 	 3 	 2 
91.60 	 0.0000 	 0.6705 	 3 	 2 
91.70 	 0.0000 	 0.6705 	 3 	 0 
91.80 	 0.0000 	 0.6702 	 3 	 0 
91.90 	 0.0000 	 0.6704 	 3 	 0 
92.00 	 0.0000 	 0.6709 	 3 	 0 
92.10 	 6.6667 	 0.6698 	 3 	 1 
92.20 	 0.0000 	 0.6694 	 3 	 1 
92.30 	 0.0000 	 0.6692 	 3 	 1 
92.40 	 0.0000 	 0.6688 	 3 	 1 
92.50 	 0.0000 	 0.6696 	 3 	 1 
92.60 	 3.3333 	 0.6680 	 3 	 1 
92.70 	 0.0000 	 0.6710 	 3 	 1 
92.80 	 0.0000 	 0.6705 	 3 	 1 
92.90 	 0.0000 	 0.6716 	 3 	 1 
93.00 	 0.0000 	 0.6721 	 3 	 1 
93.10 	 0.0000 	 0.6713 	 3 	 1 
93.20 	 0.0000 	 0.6723 	 3 	 0 
93.30 	 0.0000 	 0.6702 	 3 	 0 
93.40 	 0.0000 	 0.6710 	 3 	 0 
93.50 	 3.3333 	 0.6701 	 3 	 2 
93.60 	 0.0000 	 0.6701 	 3 	 2 
93.70 	 3.3333 	 0.6709 	 3 	 2 
93.80 	 3.3333 	 0.6694 	 3 	 2 
93.90 	 0.0000 	 0.6700 	 3 	 2 
94.00 	 0.0000 	 0.6701 	 3 	 2 
94.10 	 0.0000 	 0.6704 	 3 	 2 
94.20 	 0.0000 	 0.6694 	 3 	 2 
94.30 	 0.0000 	 0.6684 	 3 	 1 
94.40 	 0.0000 	 0.6668 	 3 	 1 
94.50 	 0.0000 	 0.6692 	 3 	 2 
94.60 	 0.0000 	 0.6678 	 3 	 2 
94.70 	 0.0000 	 0.6671 	 3 	 2 
94.80 	 3.3333 	 0.6658 	 3 	 1 
94.90 	 0.0000 	 0.6660 	 3 	 1 
95.00 	 0.0000 	 0.6666 	 3 	 1 
95.10 	 0.0000 	 0.6665 	 3 	 1 
95.20 	 0.0000 	 0.6653 	 3 	 0 
95.30 	 0.0000 	 0.6660 	 3 	 0 
95.40 	 3.3333 	 0.6640 	 3 	 2 
95.50 	 0.0000 	 0.6640 	 3 	 2 
95.60 	 3.3333 	 0.6648 	 3 	 2 
95.70 	 0.0000 	 0.6647 	 3 	 2 
95.80 	 3.3333 	 0.6658 	 3 	 2 
95.90 	 0.0000 	 0.6668 	 3 	 2 
96.00 	 0.0000 	 0.6668 	 3 	 2 
96.10 	 0.0000 	 0.6673 	 3 	 1 
96.20 	 0.0000 	 0.6685 	 3 	 1 
96.30 	 0.0000 	 0.6692 	 3 	 1 
96.40 	 0.0000 	 0.6697 	 3 	 2 
96.50 	 0.0000 	 0.6704 	 3 	 0 
96.60 	 0.0000 	 0.6710 	 3 	 0 
96.70 	 0.0000 	 0.6707 	 3 	 0 
96.80 	 0.0000 	 0.6722 	 3 	 0 
96.90 	 3.3333 	 0.6729 	 3 	 2 
97.00 	 0.0000 	 0.6736 	 3 	 2 
97.10 	 0.0000 	 0.6741 	 3 	 2 
97.20 	 3.3333 	 0.6743 	 3 	 1 
97.30 	 0.0000 	 0.6758 	 3 	 1 
97.40 	 3.3333 	 0.6774 	 3 	 2 
97.50 	 0.0000 	 0.6773 	 3 	 1 
97.60 	 0.0000 	 0.6782 	 3 	 1 
97.70 	 0.0000 	 0.6789 	 3 	 1 
97.80 	 0.0000 	 0.6790 	 3 	 1 
97.90 	 0.0000 	 0.6800 	 3 	 1 
98.00 	 3.3333 	 0.6809 	 3 	 1 
98.10 	 0.0000 	 0.6810 	 3 	 1 
98.20 	 0.0000 	 0.6816 	 3 	 1 
98.30 	 0.0000 	 0.6815 	 3 	 1 
98.40 	 0.0000 	 0.6820 	 3 	 2 
98.50 	 0.0000 	 0.6822 	 3 	 2 
98.60 	 0.0000 	 0.6835 	 3 	 2 
98.70 	 0.0000 	 0.6831 	 3 	 0 
98.80 	 3.3333 	 0.6824 	 3 	 1 
98.90 	 0.0000 	 0.6823 	 3 	 1 
99.00 	 3.3333 	 0.6833 	 3 	 1 
99.10 	 0.0000 	 0.6838 	 3 	 1 
99.20 	 0.0000 	 0.6822 	 3 	 1 
99.30 	 3.3333 	 0.6831 	 3 	 1 
99.40 	 0.0000 	 0.6836 	 3 	 1 
99.50 	 0.0000 	 0.6831 	 3 	 1 
99.60 	 0.0000 	 0.6829 	 3 	 1 
99.70 	 0.0000 	 0.6795 	 3 	 1 
99.80 	 0.0000 	 0.6742 	 3 	 0 
99.90 	 0.0000 	 0.6738 	 3 	 0 
100.00 	 0.0000 	 0.6693 	 3 	 0 
100.10 	 3.3333 	 0.6683 	 3 	 1 
100.20 	 0.0000 	 0.6677 	 3 	 1 
100.30 	 3.3333 	 0.6684 	 3 	 1 
100.40 	 0.0000 	 0.6678 	 3 	 1 
100.50 	 0.0000 	 0.6685 	 3 	 1 
100.60 	 0.0000 	 0.6681 	 3 	 1 
100.70 	 0.0000 	 0.6694 	 3 	 1 
100.80 	 0.0000 	 0.6690 	 3 	 1 
100.90 	 0.0000 	 0.6697 	 3 	 1 
101.00 	 0.0000 	 0.6707 	 3 	 1 
101.10 	 0.0000 	 0.6715 	 3 	 1 
101.20 	 0.0000 	 0.6699 	 3 	 0 
101.30 	 3.3333 	 0.6698 	 3 	 1 
101.40 	 0.0000 	 0.6720 	 3 	 1 
101.50 	 0.0000 	 0.6714 	 3 	 0 
101.60 	 3.3333 	 0.6729 	 3 	 1 
101.70 	 0.0000 	 0.6751 	 3 	 1 
101.80 	 0.0000 	 0.6765 	 3 	 1 
101.90 	 0.0000 	 0.6768 	 3 	 1 
102.00 	 0.0000 	 0.6795 	 3 	 1 
102.10 	 0.0000 	 0.6793 	 3 	 0 
102.20 	 3.3333 	 0.6826 	 3 	 1 
102.30 	 0.0000 	 0.6830 	 3 	 1 
102.40 	 3.3333 	 0.6774 	 3 	 1 
102.50 	 0.0000 	 0.6790 	 3 	 1 
102.60 	 0.0000 	 0.6813 	 3 	 1 
102.70 	 0.0000 	 0.6811 	 3 	 1 
102.80 	 0.0000 	 0.6801 	 3 	 1 
102.90 	 0.0000 	 0.6816 	 3 	 1 
103.00 	 0.0000 	 0.6807 	 3 	 1 
103.10 	 0.0000 	 0.6802 	 3 	 2 
103.20 	 3.3333 	 0.6799 	 3 	 2 
103.30 	 0.0000 	 0.6798 	 3 	 2 
103.40 	 3.3333 	 0.6795 	 3 	 2 
103.50 	 0.0000 	 0.6798 	 3 	 2 
103.60 	 0.0000 	 0.6804 	 3 	 2 
103.70 	 0.0000 	 0.6804 	 3 	 2 
103.80 	 0.0000 	 0.6796 	 3 	 1 
103.90 	 0.0000 	 0.6785 	 3 	 1 
104.00 	 0.0000 	 0.6804 	 3 	 1 
104.10 	 3.3333 	 0.6802 	 3 	 1 
104.20 	 0.0000 	 0.6816 	 3 	 1 
104.30 	 0.0000 	 0.6788 	 3 	 1 
104.40 	 3.3333 	 0.6803 	 3 	 1 
104.50 	 0.0000 	 0.6801 	 3 	 1 
104.60 	 0.0000 	 0.6811 	 3 	 1 
104.70 	 0.0000 	 0.6803 	 3 	 1 
104.80 	 0.0000 	 0.6807 	 3 	 1 
104.90 	 0.0000 	 0.6812 	 3 	 1 
105.00 	 3.3333 	 0.6789 	 3 	 2 
105.10 	 0.0000 	 0.6800 	 3 	 2 
105.20 	 0.0000 	 0.6800 	 3 	 2 
105.30 	 0.0000 	 0.6821 	 3 	 2 
105.40 	 0.0000 	 0.6826 	 3 	 2 
105.50 	 3.3333 	 0.6827 	 3 	 1 
105.60 	 0.0000 	 0.6837 	 3 	 1 
105.70 	 0.0000 	 0.6831 	 3 	 1 
105.80 	 0.0000 	 0.6838 	 3 	 1 
105.90 	 0.0000 	 0.6843 	 3 	 1 
106.00 	 0.0000 	 0.6843 	 3 	 0 
106.10 	 3.3333 	 0.6848 	 3 	 1 
106.20 	 0.0000 	 0.6851 	 3 	 2 
106.30 	 0.0000 	 0.6849 	 3 	 2 
106.40 	 0.0000 	 0.6863 	 3 	 2 
106.50 	 3.3333 	 0.6861 	 3 	 2 
106.60 	 0.0000 	 0.6866 	 3 	 1 
106.70 	 0.0000 	 0.6887 	 3 	 1 
106.80 	 3.3333 	 0.6890 	 3 	 1 
106.90 	 0.0000 	 0.6888 	 3 	 1 
107.00 	 0.0000 	 0.6895 	 3 	 2 
107.10 	 0.0000 	 0.6898 	 3 	 2 
107.20 	 0.0000 	 0.6920 	 3 	 2 
107.30 	 0.0000 	 0.6919 	 3 	 2 
107.40 	 0.0000 	 0.6920 	 3 	 2 
107.50 	 3.3333 	 0.6932 	 3 	 1 
107.60 	 0.0000 	 0.6942 	 3 	 2 
107.70 	 0.0000 	 0.6943 	 3 	 2 
107.80 	 0.0000 	 0.6956 	 3 	 2 
107.90 	 3.3333 	 0.6962 	 3 	 1 
108.00 	 0.0000 	 0.6957 	 3 	 2 
108.10 	 0.0000 	 0.6976 	 3 	 2 
108.20 	 0.0000 	 0.6973 	 3 	 2 
108.30 	 0.0000 	 0.6994 	 3 	 2 
108.40 	 0.0000 	 0.6992 	 3 	 2 
108.50 	 0.0000 	 0.6994 	 3 	 0 
108.60 	 6.6667 	 0.7019 	 3 	 1 
108.70 	 0.0000 	 0.7032 	 3 	 1 
108.80 	 0.0000 	 0.7026 	 3 	 1 
108.90 	 0.0000 	 0.7017 	 3 	 1 
109.00 	 0.0000 	 0.7021 	 3 	 2 
109.10 	 0.0000 	 0.7022 	 3 	 2 
109.20 	 0.0000 	 0.7004 	 3 	 2 
109.30 	 0.0000 	 0.7011 	 3 	 0 
109.40 	 3.3333 	 0.7015 	 3 	 1 
109.50 	 0.0000 	 0.7009 	 3 	 1 
109.60 	 3.3333 	 0.6998 	 3 	 1 
109.70 	 0.0000 	 0.7006 	 3 	 1 
109.80 	 0.0000 	 0.7007 	 3 	 1 
109.90 	 0.0000 	 0.7007 	 3 	 1 
110.00 	 0.0000 	 0.7014 	 3 	 2 
110.10 	 0.0000 	 0.7008 	 3 	 2 
110.20 	 0.0000 	 0.7000 	 3 	 2 
110.30 	 0.0000 	 0.7006 	 3 	 2 
110.40 	 0.0000 	 0.7004 	 3 	 0 
110.50 	 3.3333 	 0.6998 	 3 	 1 
110.60 	 0.0000 	 0.6997 	 3 	 1 
110.70 	 6.6667 	 0.6999 	 3 	 1 
110.80 	 0.0000 	 0.6958 	 3 	 1 
110.90 	 0.0000 	 0.6880 	 3 	 1 
111.00 	 0.0000 	 0.6873 	 3 	 1 
111.10 	 0.0000 	 0.6774 	 3 	 1 
111.20 	 0.0000 	 0.6770 	 3 	 1 
111.30 	 0.0000 	 0.6758 	 3 	 1 
111.40 	 0.0000 	 0.6684 	 3 	 1 
111.50 	 0.0000 	 0.6672 	 3 	 1 
111.60 	 0.0000 	 0.6671 	 3 	 1 
111.70 	 0.0000 	 0.6678 	 3 	 2 
111.80 	 0.0000 	 0.6667 	 3 	 2 
111.90 	 3.3333 	 0.6677 	 3 	 1 
112.00 	 0.0000 	 0.6670 	 3 	 1 
112.10 	 0.0000 	 0.6681 	 3 	 1 
112.20 	 0.0000 	 0.6709 	 3 	 0 
112.30 	 3.3333 	 0.6712 	 3 	 1 
112.40 	 0.0000 	 0.6729 	 3 	 1 
112.50 	 3.3333 	 0.6711 	 3 	 1 
112.60 	 0.0000 	 0.6733 	 3 	 1 
112.70 	 0.0000 	 0.6732 	 3 	 2 
112.80 	 0.0000 	 0.6752 	 3 	 2 
112.90 	 0.0000 	 0.6750 	 3 	 2 
113.00 	 3.3333 	 0.6758 	 3 	 2 
113.10 	 0.0000 	 0.6752 	 3 	 2 
113.20 	 0.0000 	 0.6750 	 3 	 2 
113.30 	 0.0000 	 0.6744 	 3 	 2 
113.40 	 0.0000 	 0.6755 	 3 	 1 
113.50 	 0.0000 	 0.6754 	 3 	 1 
113.60 	 0.0000 	 0.6762 	 3 	 1 
113.70 	 0.0000 	 0.6772 	 3 	 0 
113.80 	 0.0000 	 0.6765 	 3 	 0 
113.90 	 0.0000 	 0.6764 	 3 	 0 
114.00 	 0.0000 	 0.6771 	 3 	 0 
114.10 	 6.6667 	 0.6767 	 3 	 1 
114.20 	 0.0000 	 0.6787 	 3 	 1 
114.30 	 0.0000 	 0.6773 	 3 	 2 
114.40 	 0.0000 	 0.6775 	 3 	 2 
114.50 	 3.3333 	 0.6775 	 3 	 1 
114.60 	 0.0000 	 0.6781 	 3 	 2 
114.70 	 0.0000 	 0.6765 	 3 	 2 
114.80 	 0.0000 	 0.6764 	 3 	 2 
114.90 	 0.0000 	 0.6760 	 3 	 2 
115.00 	 0.0000 	 0.6760 	 3 	 2 
115.10 	 3.3333 	 0.6756 	 3 	 1 
115.20 	 0.0000 	 0.6773 	 3 	 1 
115.30 	 0.0000 	 0.6765 	 3 	 1 
115.40 	 0.0000 	 0.6763 	 3 	 1 
115.50 	 0.0000 	 0.6785 	 3 	 1 
115.60 	 0.0000 	 0.6792 	 3 	 2 
115.70 	 0.0000 	 0.6808 	 3 	 2 
115.80 	 0.0000 	 0.6807 	 3 	 2 
115.90 	 3.3333 	 0.6805 	 3 	 2 
116.00 	 0.0000 	 0.6822 	 3 	 2 
116.10 	 0.0000 	 0.6823 	 3 	 2 
116.20 	 3.3333 	 0.6838 	 3 	 2 
116.30 	 0.0000 	 0.6826 	 3 	 2 
116.40 	 3.3333 	 0.6836 	 3 	 1 
116.50 	 0.0000 	 0.6845 	 3 	 1 
116.60 	 0.0000 	 0.6849 	 3 	 2 
116.70 	 0.0000 	 0.6841 	 3 	 2 
116.80 	 0.0000 	 0.6859 	 3 	 2 
116.90 	 0.0000 	 0.6869 	 3 	 2 
117.00 	 0.0000 	 0.6860 	 3 	 2 
117.10 	 0.0000 	 0.6869 	 3 	 2 
117.20 	 0.0000 	 0.6873 	 3 	 0 
117.30 	 3.3333 	 0.6883 	 3 	 1 
117.40 	 0.0000 	 0.6870 	 3 	 1 
117.50 	 0.0000 	 0.6852 	 3 	 2 
117.60 	 0.0000 	 0.6847 	 3 	 2 
117.70 	 3.3333 	 0.6836 	 3 	 2 
117.80 	 0.0000 	 0.6826 	 3 	 2 
117.90 	 0.0000 	 0.6822 	 3 	 2 
118.00 	 0.0000 	 0.6804 	 3 	 2 
118.10 	 3.3333 	 0.6811 	 3 	 1 
118.20 	 0.0000 	 0.6796 	 3 	 1 
118.30 	 3.3333 	 0.6798 	 3 	 1 
118.40 	 0.0000 	 0.6736 	 3 	 1 
118.50 	 0.0000 	 0.6736 	 3 	 1 
118.60 	 0.0000 	 0.6744 	 3 	 1 
118.70 	 0.0000 	 0.6720 	 3 	 2 
118.80 	 0.0000 	 0.6678 	 3 	 2 
118.90 	 0.0000 	 0.6683 	 3 	 2 
119.00 	 0.0000 	 0.6685 	 3 	 2 
119.10 	 0.0000 	 0.6707 	 3 	 0 
119.20 	 0.0000 	 0.6696 	 3 	 0 
119.30 	 0.0000 	 0.6713 	 3 	 0 
119.40 	 0.0000 	 0.6714 	 3 	 0 
119.50 	 3.3333 	 0.6720 	 3 	 1 
119.60 	 3.3333 	 0.6725 	 3 	 1 
119.70 	 0.0000 	 0.6727 	 3 	 1 
119.80 	 3.3333 	 0.6734 	 3 	 1 
119.90 	 0.0000 	 0.6750 	 3 	 1 
120.00 	 0.0000 	 0.6749 	 3 	 1 
120.10 	 0.0000 	 0.6750 	 3 	 2 
120.20 	 0.0000 	 0.6736 	 3 	 2 
120.30 	 0.0000 	 0.6746 	 3 	 2 
120.40 	 0.0000 	 0.6752 	 3 	 2 
120.50 	 0.0000 	 0.6753 	 3 	 2 
120.60 	 0.0000 	 0.6743 	 3 	 2 
120.70 	 3.3333 	 0.6753 	 3 	 2 
120.80 	 0.0000 	 0.6740 	 3 	 2 
120.90 	 0.0000 	 0.6741 	 3 	 2 
121.00 	 0.0000 	 0.6724 	 3 	 2 
121.10 	 0.0000 	 0.6738 	 3 	 2 
121.20 	 0.0000 	 0.6748 	 3 	 2 
121.30 	 0.0000 	 0.6730 	 3 	 2 
121.40 	 0.0000 	 0.6715 	 3 	 0 
121.50 	 6.6667 	 0.6712 	 3 	 1 
121.60 	 0.0000 	 0.6709 	 3 	 1 
121.70 	 0.0000 	 0.6727 	 3 	 2 
121.80 	 0.0000 	 0.6745 	 3 	 2 
121.90 	 3.3333 	 0.6730 	 3 	 2 
122.00 	 0.0000 	 0.6728 	 3 	 2 
122.10 	 0.0000 	 0.6729 	 3 	 2 
122.20 	 0.0000 	 0.6708 	 3 	 2 
122.30 	 0.0000 	 0.6719 	 3 	 2 
122.40 	 0.0000 	 0.6725 	 3 	 2 
122.50 	 3.3333 	 0.6734 	 3 	 1 
122.60 	 0.0000 	 0.6714 	 3 	 2 
122.70 	 0.0000 	 0.6720 	 3 	 2 
122.80 	 0.0000 	 0.6725 	 3 	 2 
122.90 	 0.0000 	 0.6720 	 3 	 2 
123.00 	 3.3333 	 0.6738 	 3 	 1 
123.10 	 0.0000 	 0.6731 	 3 	 1 
123.20 	 0.0000 	 0.6724 	 3 	 1 
123.30 	 3.3333 	 0.6741 	 3 	 1 
123.40 	 0.0000 	 0.6721 	 3 	 1 
123.50 	 0.0000 	 0.6737 	 3 	 1 
123.60 	 0.0000 	 0.6743 	 3 	 1 
123.70 	 0.0000 	 0.6752 	 3 	 2 
123.80 	 0.0000 	 0.6733 	 3 	 2 
123.90 	 0.0000 	 0.6736 	 3 	 2 
124.00 	 3.3333 	 0.6740 	 3 	 2 
124.10 	 0.0000 	 0.6745 	 3 	 2 
124.20 	 0.0000 	 0.6737 	 3 	 2 
124.30 	 3.3333 	 0.6742 	 3 	 1 
124.40 	 0.0000 	 0.6739 	 3 	 1 
124.50 	 0.0000 	 0.6742 	 3 	 2 
124.60 	 0.0000 	 0.6749 	 3 	 2 
124.70 	 0.0000 	 0.6754 	 3 	 2 
124.80 	 0.0000 	 0.6753 	 3 	 2 
124.90 	 0.0000 	 0.6775 	 3 	 2 
125.00 	 0.0000 	 0.6754 	 3 	 2 
125.10 	 3.3333 	 0.6756 	 3 	 1 
125.20 	 3.3333 	 0.6765 	 3 	 1 
125.30 	 0.0000 	 0.6752 	 3 	 1 
125.40 	 0.0000 	 0.6757 	 3 	 1 
125.50 	 0.0000 	 0.6784 	 3 	 1 
125.60 	 0.0000 	 0.6773 	 3 	 2 
125.70 	 0.0000 	 0.6764 	 3 	 2 
125.80 	 0.0000 	 0.6782 	 3 	 2 
125.90 	 0.0000 	 0.6781 	 3 	 2 
126.00 	 0.0000 	 0.6782 	 3 	 0 
126.10 	 3.3333 	 0.6796 	 3 	 1 
126.20 	 3.3333 	 0.6778 	 3 	 1 
126.30 	 0.0000 	 0.6777 	 3 	 1 
126.40 	 0.0000 	 0.6710 	 3 	 1 
126.50 	 0.0000 	 0.6693 	 3 	 1 
126.60 	 0.0000 	 0.6683 	 3 	 2 
126.70 	 0.0000 	 0.6682 	 3 	 2 
126.80 	 0.0000 	 0.6676 	 3 	 2 
126.90 	 0.0000 	 0.6674 	 3 	 2 
127.00 	 0.0000 	 0.6676 	 3 	 1 
127.10 	 3.3333 	 0.6660 	 3 	 1 
127.20 	 0.0000 	 0.6619 	 3 	 1 
127.30 	 0.0000 	 0.6601 	 3 	 1 
127.40 	 0.0000 	 0.6605 	 3 	 1 
127.50 	 0.0000 	 0.6596 	 3 	 1 
127.60 	 3.3333 	 0.6597 	 3 	 1 
127.70 	 3.3333 	 0.6592 	 3 	 1 
127.80 	 0.0000 	 0.6611 	 3 	 1 
127.90 	 0.0000 	 0.6608 	 3 	 1 
128.00 	 0.0000 	 0.6613 	 3 	 2 
128.10 	 0.0000 	 0.6624 	 3 	 2 
128.20 	 0.0000 	 0.6634 	 3 	 2 
128.30 	 0.0000 	 0.6638 	 3 	 2 
128.40 	 0.0000 	 0.6627 	 3 	 2 
128.50 	 0.0000 	 0.6635 	 3 	 2 
128.60 	 0.0000 	 0.6632 	 3 	 2 
128.70 	 0.0000 	 0.6630 	 3 	 2 
128.80 	 0.0000 	 0.6645 	 3 	 2 
128.90 	 3.3333 	 0.6634 	 3 	 2 
129.00 	 0.0000 	 0.6655 	 3 	 2 
129.10 	 3.3333 	 0.6647 	 3 	 2 
129.20 	 0.0000 	 0.6657 	 3 	 2 
129.30 	 3.3333 	 0.6670 	 3 	 1 
129.40 	 0.0000 	 0.6660 	 3 	 1 
129.50 	 0.0000 	 0.6650 	 3 	 1 
129.60 	 0.0000 	 0.6662 	 3 	 1 
129.70 	 0.0000 	 0.6662 	 3 	 2 
129.80 	 0.0000 	 0.6657 	 3 	 2 
129.90 	 0.0000 	 0.6659 	 3 	 2 
130.00 	 0.0000 	 0.6655 	 3 	 2 
130.10 	 3.3333 	 0.6667 	 3 	 2 
130.20 	 0.0000 	 0.6657 	 3 	 2 
130.30 	 0.0000 	 0.6652 	 3 	 2 
130.40 	 0.0000 	 0.6651 	 3 	 2 
130.50 	 0.0000 	 0.6655 	 3 	 2 
130.60 	 0.0000 	 0.6645 	 3 	 2 
130.70 	 0.0000 	 0.6643 	 3 	 0 
130.80 	 0.0000 	 0.6649 	 3 	 0 
130.90 	 3.3333 	 0.6635 	 3 	 2 
131.00 	 3.3333 	 0.6629 	 3 	 1 
131.10 	 0.0000 	 0.6641 	 3 	 1 
131.20 	 3.3333 	 0.6647 	 3 	 1 
131.30 	 0.0000 	 0.6645 	 3 	 1 
131.40 	 0.0000 	 0.6640 	 3 	 1 
131.50 	 0.0000 	 0.6659 	 3 	 1 
131.60 	 0.0000 	 0.6665 	 3 	 1 
131.70 	 0.0000 	 0.6676 	 3 	 2 
131.80 	 0.0000 	 0.6672 	 3 	 2 
131.90 	 0.0000 	 0.6673 	 3 	 2 
132.00 	 0.0000 	 0.6669 	 3 	 2 
132.10 	 0.0000 	 0.6680 	 3 	 2 
132.20 	 0.0000 	 0.6680 	 3 	 2 
132.30 	 3.3333 	 0.6690 	 3 	 2 
132.40 	 0.0000 	 0.6712 	 3 	 2 
132.50 	 0.0000 	 0.6702 	 3 	 2 
132.60 	 0.0000 	 0.6708 	 3 	 2 
132.70 	 3.3333 	 0.6714 	 3 	 2 
132.80 	 3.3333 	 0.6724 	 3 	 2 
132.90 	 0.0000 	 0.6722 	 3 	 1 
133.00 	 0.0000 	 0.6734 	 3 	 1 
133.10 	 0.0000 	 0.6733 	 3 	 1 
133.20 	 0.0000 	 0.6748 	 3 	 2 
133.30 	 3.3333 	 0.6737 	 3 	 1 
133.40 	 0.0000 	 0.6671 	 3 	 1 
133.50 	 0.0000 	 0.6665 	 3 	 2 
133.60 	 0.0000 	 0.6667 	 3 	 2 
133.70 	 0.0000 	 0.6639 	 3 	 2 
133.80 	 0.0000 	 0.6626 	 3 	 2 
133.90 	 0.0000 	 0.6625 	 3 	 2 
134.00 	 0.0000 	 0.6617 	 3 	 2 
134.10 	 0.0000 	 0.6600 	 3 	 2 
134.20 	 0.0000 	 0.6602 	 3 	 2 
134.30 	 0.0000 	 0.6603 	 3 	 2 
134.40 	 3.3333 	 0.6613 	 3 	 2 
134.50 	 0.0000 	 0.6610 	 3 	 2 
134.60 	 0.0000 	 0.6602 	 3 	 0 
134.70 	 6.6667 	 0.6600 	 3 	 1 
134.80 	 0.0000 	 0.6603 	 3 	 1 
134.90 	 0.0000 	 0.6612 	 3 	 1 
135.00 	 0.0000 	 0.6596 	 3 	 1 
135.10 	 0.0000 	 0.6605 	 3 	 1 
135.20 	 0.0000 	 0.6621 	 3 	 1 
135.30 	 0.0000 	 0.6624 	 3 	 1 
135.40 	 0.0000 	 0.6623 	 3 	 1 
135.50 	 0.0000 	 0.6638 	 3 	 2 
135.60 	 0.0000 	 0.6640 	 3 	 2 
135.70 	 0.0000 	 0.6635 	 3 	 2 
135.80 	 3.3333 	 0.6641 	 3 	 2 
135.90 	 0.0000 	 0.6638 	 3 	 2 
136.00 	 0.0000 	 0.6625 	 3 	 2 
136.10 	 0.0000 	 0.6626 	 3 	 2 
136.20 	 0.0000 	 0.6626 	 3 	 2 
136.30 	 3.3333 	 0.6627 	 3 	 2 
136.40 	 0.0000 	 0.6629 	 3 	 2 
136.50 	 0.0000 	 0.6616 	 3 	 2 
136.60 	 0.0000 	 0.6623 	 3 	 2 
136.70 	 3.3333 	 0.6629 	 3 	 2 
136.80 	 0.0000 	 0.6632 	 3 	 2 
136.90 	 0.0000 	 0.6638 	 3 	 2 
137.00 	 3.3333 	 0.6642 	 3 	 1 
137.10 	 0.0000 	 0.6644 	 3 	 1 
137.20 	 0.0000 	 0.6633 	 3 	 1 
137.30 	 0.0000 	 0.6644 	 3 	 1 
137.40 	 0.0000 	 0.6621 	 3 	 1 
137.50 	 0.0000 	 0.6611 	 3 	 1 
137.60 	 0.0000 	 0.6608 	 3 	 2 
137.70 	 0.0000 	 0.6616 	 3 	 2 
137.80 	 0.0000 	 0.6607 	 3 	 2 
137.90 	 3.3333 	 0.6609 	 3 	 2 
138.00 	 0.0000 	 0.6612 	 3 	 2 
138.10 	 0.0000 	 0.6608 	 3 	 2 
138.20 	 3.3333 	 0.6607 	 3 	 2 
138.30 	 0.0000 	 0.6603 	 3 	 2 
138.40 	 0.0000 	 0.6621 	 3 	 2 
138.50 	 0.0000 	 0.6609 	 3 	 2 
138.60 	 3.3333 	 0.6617 	 3 	 1 
138.70 	 0.0000 	 0.6621 	 3 	 2 
138.80 	 0.0000 	 0.6619 	 3 	 2 
138.90 	 0.0000 	 0.6618 	 3 	 2 
139.00 	 0.0000 	 0.6623 	 3 	 2 
139.10 	 0.0000 	 0.6600 	 3 	 2 
139.20 	 0.0000 	 0.6595 	 3 	 0 
139.30 	 3.3333 	 0.6528 	 3 	 1 
139.40 	 0.0000 	 0.6533 	 3 	 1 
139.50 	 3.3333 	 0.6525 	 3 	 1 
139.60 	 0.0000 	 0.6509 	 3 	 1 
139.70 	 0.0000 	 0.6519 	 3 	 1 
139.80 	 0.0000 	 0.6504 	 3 	 2 
139.90 	 0.0000 	 0.6486 	 3 	 2 
140.00 	 0.0000 	 0.6491 	 3 	 2 
140.10 	 0.0000 	 0.6487 	 3 	 2 
140.20 	 0.0000 	 0.6492 	 3 	 2 
140.30 	 0.0000 	 0.6497 	 3 	 2 
140.40 	 0.0000 	 0.6498 	 3 	 2 
140.50 	 0.0000 	 0.6507 	 3 	 2 
140.60 	 3.3333 	 0.6510 	 3 	 2 
140.70 	 3.3333 	 0.6508 	 3 	 2 
140.80 	 0.0000 	 0.6526 	 3 	 2 
140.90 	 0.0000 	 0.6512 	 3 	 2 
141.00 	 0.0000 	 0.6524 	 3 	 2 
141.10 	 3.3333 	 0.6519 	 3 	 2 
141.20 	 0.0000 	 0.6532 	 3 	 2 
141.30 	 0.0000 	 0.6545 	 3 	 2 
141.40 	 0.0000 	 0.6549 	 3 	 2 
141.50 	 0.0000 	 0.6553 	 3 	 1 
141.60 	 0.0000 	 0.6552 	 3 	 2 
141.70 	 0.0000 	 0.6533 	 3 	 2 
141.80 	 0.0000 	 0.6540 	 3 	 0 
141.90 	 0.0000 	 0.6543 	 3 	 0 
142.00 	 0.0000 	 0.6552 	 3 	 0 
142.10 	 0.0000 	 0.6544 	 3 	 0 
142.20 	 3.3333 	 0.6549 	 3 	 2 
142.30 	 0.0000 	 0.6548 	 3 	 2 
142.40 	 0.0000 	 0.6540 	 3 	 2 
142.50 	 0.0000 	 0.6549 	 3 	 2 
142.60 	 6.6667 	 0.6557 	 3 	 2 
142.70 	 0.0000 	 0.6540 	 3 	 2 
142.80 	 0.0000 	 0.6542 	 3 	 1 
142.90 	 0.0000 	 0.6537 	 3 	 1 
143.00 	 0.0000 	 0.6537 	 3 	 1 
143.10 	 0.0000 	 0.6538 	 3 	 1 
143.20 	 0.0000 	 0.6528 	 3 	 1 
143.30 	 0.0000 	 0.6522 	 3 	 2 
143.40 	 0.0000 	 0.6521 	 3 	 2 
143.50 	 0.0000 	 0.6524 	 3 	 2 
143.60 	 0.0000 	 0.6513 	 3 	 2 
143.70 	 0.0000 	 0.6508 	 3 	 2 
143.80 	 3.3333 	 0.6508 	 3 	 2 
143.90 	 3.3333 	 0.6508 	 3 	 1 
144.00 	 0.0000 	 0.6512 	 3 	 1 
144.10 	 0.0000 	 0.6500 	 3 	 1 
144.20 	 0.0000 	 0.6516 	 3 	 1 
144.30 	 0.0000 	 0.6518 	 3 	 1 
144.40 	 0.0000 	 0.6514 	 3 	 2 
144.50 	 0.0000 	 0.6494 	 3 	 0 
144.60 	 0.0000 	 0.6507 	 3 	 0 
144.70 	 3.3333 	 0.6495 	 3 	 1 
144.80 	 0.0000 	 0.6507 	 3 	 1 
144.90 	 0.0000 	 0.6450 	 3 	 1 
145.00 	 0.0000 	 0.6442 	 3 	 0 
145.10 	 3.3333 	 0.6446 	 3 	 1 
145.20 	 0.0000 	 0.6435 	 3 	 1 
145.30 	 0.0000 	 0.6449 	 3 	 1 
145.40 	 3.3333 	 0.6440 	 3 	 1 
145.50 	 0.0000 	 0.6379 	 3 	 1 
145.60 	 0.0000 	 0.6400 	 3 	 1 
145.70 	 0.0000 	 0.6385 	 3 	 1 
145.80 	 0.0000 	 0.6379 	 3 	 1 
145.90 	 0.0000 	 0.6390 	 3 	 1 
146.00 	 0.0000 	 0.6396 	 3 	 0 
146.10 	 0.0000 	 0.6397 	 3 	 0 
146.20 	 0.0000 	 0.6394 	 3 	 0 
146.30 	 0.0000 	 0.6410 	 3 	 0 
146.40 	 0.0000 	 0.6420 	 3 	 2 
146.50 	 0.0000 	 0.6414 	 3 	 2 
146.60 	 0.0000 	 0.6434 	 3 	 2 
146.70 	 3.3333 	 0.6450 	 3 	 2 
146.80 	 6.6667 	 0.6455 	 3 	 1 
146.90 	 0.0000 	 0.6445 	 3 	 1 
147.00 	 0.0000 	 0.6467 	 3 	 1 
147.10 	 0.0000 	 0.6456 	 3 	 1 
147.20 	 0.0000 	 0.6462 	 3 	 1 
147.30 	 0.0000 	 0.6476 	 3 	 1 
147.40 	 0.0000 	 0.6470 	 3 	 1 
147.50 	 0.0000 	 0.6489 	 3 	 1 
147.60 	 0.0000 	 0.6501 	 3 	 0 
147.70 	 0.0000 	 0.6515 	 3 	 0 
147.80 	 0.0000 	 0.6523 	 3 	 0 
147.90 	 0.0000 	 0.6523 	 3 	 2 
148.00 	 0.0000 	 0.6517 	 3 	 2 
148.10 	 0.0000 	 0.6520 	 3 	 0 
148.20 	 3.3333 	 0.6514 	 3 	 0 
148.30 	 0.0000 	 0.6513 	 3 	 0 
148.40 	 0.0000 	 0.6506 	 3 	 0 
148.50 	 3.3333 	 0.6511 	 3 	 1 
148.60 	 0.0000 	 0.6504 	 3 	 1 
148.70 	 3.3333 	 0.6495 	 3 	 1 
148.80 	 0.0000 	 0.6507 	 3 	 1 
148.90 	 0.0000 	 0.6500 	 3 	 1 
149.00 	 0.0000 	 0.6499 	 3 	 1 
149.10 	 0.0000 	 0.6501 	 3 	 1 
149.20 	 0.0000 	 0.6511 	 3 	 1 
149.30 	 0.0000 	 0.6515 	 3 	 1 
149.40 	 3.3333 	 0.6507 	 3 	 1 
149.50 	 0.0000 	 0.6501 	 3 	 2 
149.60 	 0.0000 	 0.6484 	 3 	 2 
149.70 	 0.0000 	 0.6437 	 3 	 2 
149.80 	 0.0000 	 0.6425 	 3 	 2 
149.90 	 0.0000 	 0.6427 	 3 	 2 
150.00 	 0.0000 	 0.6424 	 3 	 2 
150.10 	 0.0000 	 0.6430 	 3 	 2 
150.20 	 0.0000 	 0.6435 	 3 	 2 
150.30 	 3.3333 	 0.6425 	 3 	 2 
150.40 	 0.0000 	 0.6429 	 3 	 2 
150.50 	 0.0000 	 0.6427 	 3 	 2 
150.60 	 3.3333 	 0.6440 	 3 	 1 
150.70 	 3.3333 	 0.6453 	 3 	 1 
150.80 	 0.0000 	 0.6465 	 3 	 1 
150.90 	 0.0000 	 0.6478 	 3 	 1 
151.00 	 0.0000 	 0.6470 	 3 	 1 
151.10 	 0.0000 	 0.6463 	 3 	 1 
151.20 	 0.0000 	 0.6448 	 3 	 1 
151.30 	 0.0000 	 0.6454 	 3 	 2 
151.40 	 0.0000 	 0.6464 	 3 	 2 
151.50 	 0.0000 	 0.6470 	 3 	 2 
151.60 	 0.0000 	 0.6448 	 3 	 2 
151.70 	 0.0000 	 0.6448 	 3 	 2 
151.80 	 0.0000 	 0.6454 	 3 	 2 
151.90 	 0.0000 	 0.6446 	 3 	 2 
152.00 	 3.3333 	 0.6432 	 3 	 2 
152.10 	 0.0000 	 0.6446 	 3 	 0 
152.20 	 3.3333 	 0.6438 	 3 	 1 
152.30 	 0.0000 	 0.6442 	 3 	 0 
152.40 	 0.0000 	 0.6449 	 3 	 0 
152.50 	 3.3333 	 0.6457 	 3 	 1 
152.60 	 0.0000 	 0.6457 	 3 	 1 
152.70 	 0.0000 	 0.6457 	 3 	 1 
152.80 	 0.0000 	 0.6459 	 3 	 1 
152.90 	 0.0000 	 0.6456 	 3 	 1 
153.00 	 0.0000 	 0.6452 	 3 	 1 
153.10 	 0.0000 	 0.6456 	 3 	 2 
153.20 	 0.0000 	 0.6443 	 3 	 2 
153.30 	 0.0000 	 0.6451 	 3 	 2 
153.40 	 0.0000 	 0.6440 	 3 	 2 
153.50 	 3.3333 	 0.6438 	 3 	 2 
153.60 	 0.0000 	 0.6461 	 3 	 0 
153.70 	 3.3333 	 0.6456 	 3 	 2 
153.80 	 0.0000 	 0.6445 	 3 	 2 
153.90 	 0.0000 	 0.6460 	 3 	 2 
154.00 	 0.0000 	 0.6465 	 3 	 0 
154.10 	 0.0000 	 0.6461 	 3 	 0 
154.20 	 0.0000 	 0.6477 	 3 	 0 
154.30 	 0.0000 	 0.6469 	 3 	 0 
154.40 	 0.0000 	 0.6468 	 3 	 0 
154.50 	 3.3333 	 0.6486 	 3 	 2 
154.60 	 3.3333 	 0.6469 	 3 	 1 
154.70 	 0.0000 	 0.6484 	 3 	 1 
154.80 	 3.3333 	 0.6471 	 3 	 1 
154.90 	 0.0000 	 0.6478 	 3 	 1 
155.00 	 0.0000 	 0.6481 	 3 	 1 
155.10 	 0.0000 	 0.6490 	 3 	 1 
155.20 	 0.0000 	 0.6494 	 3 	 1 
155.30 	 0.0000 	 0.6502 	 3 	 1 
155.40 	 0.0000 	 0.6506 	 3 	 2 
155.50 	 0.0000 	 0.6506 	 3 	 2 
155.60 	 0.0000 	 0.6489 	 3 	 2 
155.70 	 0.0000 	 0.6497 	 3 	 2 
155.80 	 0.0000 	 0.6493 	 3 	 2 
155.90 	 3.3333 	 0.6495 	 3 	 2 
156.00 	 0.0000 	 0.6494 	 3 	 2 
156.10 	 0.0000 	 0.6500 	 3 	 2 
156.20 	 3.3333 	 0.6506 	 3 	 1 
156.30 	 0.0000 	 0.6509 	 3 	 2 
156.40 	 3.3333 	 0.6509 	 3 	 1 
156.50 	 0.0000 	 0.6495 	 3 	 1 
156.60 	 0.0000 	 0.6505 	 3 	 2 
156.70 	 0.0000 	 0.6495 	 3 	 2 
156.80 	 0.0000 	 0.6513 	 3 	 2 
156.90 	 0.0000 	 0.6514 	 3 	 2 
157.00 	 0.0000 	 0.6516 	 3 	 2 
157.10 	 3.3333 	 0.6529 	 3 	 1 
157.20 	 0.0000 	 0.6525 	 3 	 1 
157.30 	 0.0000 	 0.6533 	 3 	 1 
157.40 	 0.0000 	 0.6533 	 3 	 1 
157.50 	 0.0000 	 0.6529 	 3 	 2 
157.60 	 3.3333 	 0.6541 	 3 	 2 
157.70 	 0.0000 	 0.6543 	 3 	 2 
157.80 	 0.0000 	 0.6553 	 3 	 2 
157.90 	 0.0000 	 0.6544 	 3 	 2 
158.00 	 0.0000 	 0.6542 	 3 	 2 
158.10 	 3.3333 	 0.6554 	 3 	 1 
158.20 	 0.0000 	 0.6553 	 3 	 1 
158.30 	 0.0000 	 0.6549 	 3 	 2 
158.40 	 0.0000 	 0.6548 	 3 	 2 
158.50 	 0.0000 	 0.6543 	 3 	 2 
158.60 	 0.0000 	 0.6524 	 3 	 2 
158.70 	 0.0000 	 0.6458 	 3 	 2 
158.80 	 0.0000 	 0.6390 	 3 	 2 
158.90 	 3.3333 	 0.6388 	 3 	 2 
159.00 	 0.0000 	 0.6377 	 3 	 2 
159.10 	 0.0000 	 0.6366 	 3 	 0 
159.20 	 0.0000 	 0.6380 	 3 	 0 
159.30 	 0.0000 	 0.6328 	 3 	 0 
159.40 	 0.0000 	 0.6310 	 3 	 0 
159.50 	 0.0000 	 0.6314 	 3 	 0 
159.60 	 3.3333 	 0.6325 	 3 	 0 
159.70 	 0.0000 	 0.6331 	 3 	 0 
159.80 	 0.0000 	 0.6340 	 3 	 0 
159.90 	 0.0000 	 0.6352 	 3 	 2 
160.00 	 3.3333 	 0.6367 	 3 	 2 
160.10 	 0.0000 	 0.6361 	 3 	 2 
160.20 	 0.0000 	 0.6363 	 3 	 2 
160.30 	 0.0000 	 0.6372 	 3 	 2 
160.40 	 3.3333 	 0.6356 	 3 	 1 
160.50 	 0.0000 	 0.6365 	 3 	 1 
160.60 	 0.0000 	 0.6374 	 3 	 1 
160.70 	 0.0000 	 0.6372 	 3 	 1 
160.80 	 0.0000 	 0.6385 	 3 	 1 
160.90 	 0.0000 	 0.6391 	 3 	 0 
161.00 	 0.0000 	 0.6399 	 3 	 0 
161.10 	 0.0000 	 0.6399 	 3 	 0 
161.20 	 0.0000 	 0.6406 	 3 	 0 
161.30 	 0.0000 	 0.6398 	 3 	 0 
161.40 	 0.0000 	 0.6404 	 3 	 0 
161.50 	 0.0000 	 0.6414 	 3 	 0 
161.60 	 0.0000 	 0.6419 	 3 	 0 
161.70 	 6.6667 	 0.6426 	 3 	 1 
161.80 	 0.0000 	 0.6446 	 3 	 1 
161.90 	 3.3333 	 0.6425 	 3 	 1 
162.00 	 0.0000 	 0.6421 	 3 	 2 
162.10 	 0.0000 	 0.6418 	 3 	 1 
162.20 	 0.0000 	 0.6428 	 3 	 1 
162.30 	 0.0000 	 0.6415 	 3 	 1 
162.40 	 0.0000 	 0.6421 	 3 	 0 
162.50 	 0.0000 	 0.6412 	 3 	 0 
162.60 	 0.0000 	 0.6399 	 3 	 0 
162.70 	 0.0000 	 0.6376 	 3 	 0 
162.80 	 0.0000 	 0.6373 	 3 	 0 
162.90 	 0.0000 	 0.6376 	 3 	 0 
163.00 	 0.0000 	 0.6370 	 3 	 0 
163.10 	 0.0000 	 0.6364 	 3 	 0 
163.20 	 6.6667 	 0.6376 	 3 	 1 
163.30 	 0.0000 	 0.6366 	 3 	 1 
163.40 	 0.0000 	 0.6382 	 3 	 1 
163.50 	 0.0000 	 0.6378 	 3 	 1 
163.60 	 3.3333 	 0.6374 	 3 	 1 
163.70 	 0.0000 	 0.6355 	 3 	 1 
163.80 	 0.0000 	 0.6342 	 3 	 1 
163.90 	 0.0000 	 0.6355 	 3 	 0 
164.00 	 0.0000 	 0.6352 	 3 	 0 
164.10 	 0.0000 	 0.6334 	 3 	 0 
164.20 	 0.0000 	 0.6312 	 3 	 0 
164.30 	 0.0000 	 0.6327 	 3 	 2 
164.40 	 0.0000 	 0.6325 	 3 	 2 
164.50 	 0.0000 	 0.6328 	 3 	 2 
164.60 	 3.3333 	 0.6332 	 3 	 2 
164.70 	 0.0000 	 0.6331 	 3 	 0 
164.80 	 3.3333 	 0.6332 	 3 	 1 
164.90 	 0.0000 	 0.6329 	 3 	 1 
165.00 	 0.0000 	 0.6333 	 3 	 1 
165.10 	 0.0000 	 0.6332 	 3 	 1 
165.20 	 3.3333 	 0.6333 	 3 	 1 
165.30 	 0.0000 	 0.6318 	 3 	 2 
165.40 	 0.0000 	 0.6324 	 3 	 1 
165.50 	 0.0000 	 0.6325 	 3 	 0 
165.60 	 0.0000 	 0.6306 	 3 	 0 
165.70 	 0.0000 	 0.6292 	 3 	 0 
165.80 	 0.0000 	 0.6289 	 3 	 0 
165.90 	 0.0000 	 0.6307 	 3 	 0 
166.00 	 3.3333 	 0.6293 	 3 	 2 
166.10 	 0.0000 	 0.6278 	 3 	 2 
166.20 	 0.0000 	 0.6283 	 3 	 2 
166.30 	 0.0000 	 0.6291 	 3 	 2 
166.40 	 0.0000 	 0.6289 	 3 	 0 
166.50 	 3.3333 	 0.6303 	 3 	 1 
166.60 	 0.0000 	 0.6294 	 3 	 1 
166.70 	 3.3333 	 0.6308 	 3 	 1 
166.80 	 0.0000 	 0.6304 	 3 	 1 
166.90 	 0.0000 	 0.6311 	 3 	 1 
167.00 	 0.0000 	 0.6326 	 3 	 1 
167.10 	 0.0000 	 0.6319 	 3 	 1 
167.20 	 0.0000 	 0.6330 	 3 	 0 
167.30 	 0.0000 	 0.6325 	 3 	 0 
167.40 	 0.0000 	 0.6340 	 3 	 0 
167.50 	 0.0000 	 0.6331 	 3 	 0 
167.60 	 0.0000 	 0.6352 	 3 	 0 
167.70 	 3.3333 	 0.6339 	 3 	 2 
167.80 	 0.0000 	 0.6364 	 3 	 2 
167.90 	 0.0000 	 0.6365 	 3 	 2 
168.00 	 0.0000 	 0.6373 	 3 	 2 
168.10 	 0.0000 	 0.6385 	 3 	 2 
168.20 	 6.6667 	 0.6386 	 3 	 1 
168.30 	 0.0000 	 0.6391 	 3 	 1 
168.40 	 0.0000 	 0.6395 	 3 	 1 
168.50 	 0.0000 	 0.6418 	 3 	 1 
168.60 	 0.0000 	 0.6410 	 3 	 1 
168.70 	 0.0000 	 0.6423 	 3 	 1 
168.80 	 0.0000 	 0.6429 	 3 	 1 
168.90 	 0.0000 	 0.6443 	 3 	 2 
169.00 	 0.0000 	 0.6444 	 3 	 2 
169.10 	 0.0000 	 0.6447 	 3 	 0 
169.20 	 0.0000 	 0.6467 	 3 	 0 
169.30 	 3.3333 	 0.6466 	 3 	 2 
169.40 	 3.3333 	 0.6486 	 3 	 1 
169.50 	 0.0000 	 0.6483 	 3 	 1 
169.60 	 0.0000 	 0.6499 	 3 	 1 
169.70 	 0.0000 	 0.6511 	 3 	 1 
169.80 	 0.0000 	 0.6508 	 3 	 1 
169.90 	 0.0000 	 0.6523 	 3 	 0 
170.00 	 3.3333 	 0.6520 	 3 	 2 
170.10 	 0.0000 	 0.6550 	 3 	 2 
170.20 	 0.0000 	 0.6558 	 3 	 2 
170.30 	 0.0000 	 0.6573 	 3 	 2 
170.40 	 0.0000 	 0.6568 	 3 	 2 
170.50 	 0.0000 	 0.6561 	 3 	 0 
170.60 	 6.6667 	 0.6576 	 3 	 1 
170.70 	 0.0000 	 0.6572 	 3 	 1 
170.80 	 0.0000 	 0.6585 	 3 	 1 
170.90 	 0.0000 	 0.6581 	 3 	 1 
171.00 	 0.0000 	 0.6591 	 3 	 1 
171.10 	 0.0000 	 0.6586 	 3 	 2 
171.20 	 0.0000 	 0.6589 	 3 	 2 
171.30 	 0.0000 	 0.6597 	 3 	 2 
171.40 	 0.0000 	 0.6607 	 3 	 0 
171.50 	 0.0000 	 0.6617 	 3 	 0 
171.60 	 0.0000 	 0.6600 	 3 	 0 
171.70 	 3.3333 	 0.6608 	 3 	 1 
171.80 	 3.3333 	 0.6609 	 3 	 1 
171.90 	 3.3333 	 0.6484 	 3 	 1 
172.00 	 0.0000 	 0.6469 	 3 	 1 
172.10 	 0.0000 	 0.6467 	 3 	 1 
172.20 	 0.0000 	 0.6457 	 3 	 1 
172.30 	 0.0000 	 0.6462 	 3 	 1 
172.40 	 0.0000 	 0.6462 	 3 	 1 
172.50 	 0.0000 	 0.6469 	 3 	 1 
172.60 	 0.0000 	 0.6463 	 3 	 1 
172.70 	 0.0000 	 0.6468 	 3 	 1 
172.80 	 0.0000 	 0.6480 	 3 	 0 
172.90 	 3.3333 	 0.6494 	 3 	 1 
173.00 	 0.0000 	 0.6494 	 3 	 1 
173.10 	 3.3333 	 0.6521 	 3 	 1 
173.20 	 0.0000 	 0.6517 	 3 	 1 
173.30 	 0.0000 	 0.6547 	 3 	 1 
173.40 	 0.0000 	 0.6541 	 3 	 1 
173.50 	 0.0000 	 0.6558 	 3 	 1 
173.60 	 0.0000 	 0.6555 	 3 	 1 
173.70 	 0.0000 	 0.6575 	 3 	 1 
173.80 	 0.0000 	 0.6569 	 3 	 2 
173.90 	 3.3333 	 0.6573 	 3 	 2 
174.00 	 0.0000 	 0.6567 	 3 	 0 
174.10 	 0.0000 	 0.6568 	 3 	 0 
174.20 	 0.0000 	 0.6553 	 3 	 0 
174.30 	 3.3333 	 0.6565 	 3 	 1 
174.40 	 0.0000 	 0.6555 	 3 	 1 
174.50 	 0.0000 	 0.6574 	 3 	 1 
174.60 	 0.0000 	 0.6572 	 3 	 1 
174.70 	 3.3333 	 0.6573 	 3 	 1 
174.80 	 3.3333 	 0.6586 	 3 	 1 
174.90 	 0.0000 	 0.6584 	 3 	 1 
175.00 	 0.0000 	 0.6581 	 3 	 1 
175.10 	 0.0000 	 0.6594 	 3 	 1 
175.20 	 0.0000 	 0.6595 	 3 	 1 
175.30 	 0.0000 	 0.6585 	 3 	 1 
175.40 	 0.0000 	 0.6602 	 3 	 1 
175.50 	 0.0000 	 0.6602 	 3 	 2 
175.60 	 0.0000 	 0.6604 	 3 	 2 
175.70 	 0.0000 	 0.6604 	 3 	 2 
175.80 	 3.3333 	 0.6604 	 3 	 2 
175.90 	 0.0000 	 0.6614 	 3 	 2 
176.00 	 0.0000 	 0.6615 	 3 	 2 
176.10 	 0.0000 	 0.6614 	 3 	 2 
176.20 	 0.0000 	 0.6607 	 3 	 2 
176.30 	 3.3333 	 0.6634 	 3 	 1 
176.40 	 3.3333 	 0.6620 	 3 	 1 
176.50 	 0.0000 	 0.6636 	 3 	 1 
176.60 	 0.0000 	 0.6632 	 3 	 1 
176.70 	 0.0000 	 0.6625 	 3 	 2 
176.80 	 3.3333 	 0.6610 	 3 	 2 
176.90 	 0.0000 	 0.6619 	 3 	 2 
177.00 	 0.0000 	 0.6589 	 3 	 2 
177.10 	 0.0000 	 0.6569 	 3 	 2 
177.20 	 0.0000 	 0.6555 	 3 	 1 
177.30 	 0.0000 	 0.6525 	 3 	 1 
177.40 	 0.0000 	 0.6516 	 3 	 2 
177.50 	 0.0000 	 0.6508 	 3 	 2 
177.60 	 0.0000 	 0.6514 	 3 	 2 
177.70 	 0.0000 	 0.6490 	 3 	 2 
177.80 	 3.3333 	 0.6499 	 3 	 2 
177.90 	 0.0000 	 0.6492 	 3 	 2 
178.00 	 3.3333 	 0.6491 	 3 	 2 
178.10 	 0.0000 	 0.6493 	 3 	 1 
178.20 	 0.0000 	 0.6506 	 3 	 1 
178.30 	 3.3333 	 0.6497 	 3 	 2 
178.40 	 0.0000 	 0.6492 	 3 	 2 
178.50 	 0.0000 	 0.6494 	 3 	 2 
178.60 	 0.0000 	 0.6494 	 3 	 2 
178.70 	 0.0000 	 0.6482 	 3 	 2 
178.80 	 3.3333 	 0.6484 	 3 	 2 
178.90 	 0.0000 	 0.6484 	 3 	 2 
179.00 	 0.0000 	 0.6492 	 3 	 1 
179.10 	 0.0000 	 0.6493 	 3 	 1 
179.20 	 0.0000 	 0.6497 	 3 	 1 
179.30 	 0.0000 	 0.6484 	 3 	 2 
179.40 	 0.0000 	 0.6497 	 3 	 2 
179.50 	 0.0000 	 0.6490 	 3 	 2 
179.60 	 0.0000 	 0.6485 	 3 	 2 
179.70 	 3.3333 	 0.6515 	 3 	 2 
179.80 	 3.3333 	 0.6499 	 3 	 1 
179.90 	 0.0000 	 0.6506 	 3 	 1 
180.00 	 0.0000 	 0.6517 	 3 	 1 
180.10 	 0.0000 	 0.6522 	 3 	 1 
180.20 	 0.0000 	 0.6527 	 3 	 1 
180.30 	 0.0000 	 0.6535 	 3 	 2 
180.40 	 0.0000 	 0.6536 	 3 	 2 
180.50 	 0.0000 	 0.6537 	 3 	 2 
180.60 	 0.0000 	 0.6532 	 3 	 2 
180.70 	 0.0000 	 0.6536 	 3 	 2 
180.80 	 3.3333 	 0.6548 	 3 	 1 
180.90 	 0.0000 	 0.6555 	 3 	 1 
181.00 	 0.0000 	 0.6560 	 3 	 1 
181.10 	 0.0000 	 0.6572 	 3 	 1 
181.20 	 0.0000 	 0.6565 	 3 	 1 
181.30 	 6.6667 	 0.6566 	 3 	 1 
181.40 	 0.0000 	 0.6570 	 3 	 1 
181.50 	 0.0000 	 0.6570 	 3 	 1 
181.60 	 0.0000 	 0.6579 	 3 	 1 
181.70 	 0.0000 	 0.6585 	 3 	 1 
181.80 	 3.3333 	 0.6584 	 3 	 1 
181.90 	 0.0000 	 0.6602 	 3 	 1 
182.00 	 0.0000 	 0.6605 	 3 	 1 
182.10 	 0.0000 	 0.6596 	 3 	 1 
182.20 	 0.0000 	 0.6594 	 3 	 1 
182.30 	 0.0000 	 0.6586 	 3 	 1 
182.40 	 0.0000 	 0.6563 	 3 	 1 
182.50 	 0.0000 	 0.6543 	 3 	 0 
182.60 	 0.0000 	 0.6517 	 3 	 0 
182.70 	 0.0000 	 0.6449 	 3 	 0 
182.80 	 0.0000 	 0.6430 	 3 	 0 
182.90 	 3.3333 	 0.6407 	 3 	 1 
183.00 	 3.3333 	 0.6407 	 3 	 1 
183.10 	 0.0000 	 0.6407 	 3 	 1 
183.20 	 0.0000 	 0.6393 	 3 	 1 
183.30 	 0.0000 	 0.6397 	 3 	 0 
183.40 	 0.0000 	 0.6389 	 3 	 0 
183.50 	 0.0000 	 0.6393 	 3 	 0 
183.60 	 0.0000 	 0.6398 	 3 	 0 
183.70 	 0.0000 	 0.6391 	 3 	 0 
183.80 	 0.0000 	 0.6399 	 3 	 0 
183.90 	 0.0000 	 0.6385 	 3 	 0 
184.00 	 0.0000 	 0.6396 	 3 	 0 
184.10 	 0.0000 	 0.6413 	 3 	 0 
184.20 	 0.0000 	 0.6415 	 3 	 0 
184.30 	 0.0000 	 0.6417 	 3 	 0 
184.40 	 0.0000 	 0.6432 	 3 	 0 
184.50 	 6.6667 	 0.6448 	 3 	 0 
184.60 	 3.3333 	 0.6459 	 3 	 1 
184.70 	 0.0000 	 0.6480 	 3 	 1 
184.80 	 0.0000 	 0.6487 	 3 	 1 
184.90 	 0.0000 	 0.6493 	 3 	 1 
185.00 	 0.0000 	 0.6495 	 3 	 1 
185.10 	 0.0000 	 0.6482 	 3 	 1 
185.20 	 0.0000 	 0.6506 	 3 	 1 
185.30 	 0.0000 	 0.6519 	 3 	 1 
185.40 	 0.0000 	 0.6529 	 3 	 0 
185.50 	 0.0000 	 0.6525 	 3 	 0 
185.60 	 0.0000 	 0.6544 	 3 	 0 
185.70 	 3.3333 	 0.6545 	 3 	 1 
185.80 	 0.0000 	 0.6573 	 3 	 1 
185.90 	 0.0000 	 0.6569 	 3 	 1 
186.00 	 0.0000 	 0.6582 	 3 	 0 
186.10 	 0.0000 	 0.6581 	 3 	 0 
186.20 	 0.0000 	 0.6588 	 3 	 0 
186.30 	 3.3333 	 0.6594 	 3 	 1 
186.40 	 0.0000 	 0.6589 	 3 	 1 
186.50 	 0.0000 	 0.6601 	 3 	 0 
186.60 	 0.0000 	 0.6610 	 3 	 0 
186.70 	 3.3333 	 0.6610 	 3 	 1 
186.80 	 0.0000 	 0.6602 	 3 	 1 
186.90 	 3.3333 	 0.6614 	 3 	 1 
187.00 	 0.0000 	 0.6603 	 3 	 1 
187.10 	 0.0000 	 0.6602 	 3 	 1 
187.20 	 0.0000 	 0.6610 	 3 	 1 
187.30 	 0.0000 	 0.6610 	 3 	 0 
187.40 	 0.0000 	 0.6622 	 3 	 0 
187.50 	 0.0000 	 0.6618 	 3 	 0 
187.60 	 0.0000 	 0.6624 	 3 	 0 
187.70 	 0.0000 	 0.6635 	 3 	 0 
187.80 	 0.0000 	 0.6627 	 3 	 0 
187.90 	 3.3333 	 0.6641 	 3 	 0 
188.00 	 3.3333 	 0.6631 	 3 	 1 
188.10 	 0.0000 	 0.6640 	 3 	 1 
188.20 	 0.0000 	 0.6640 	 3 	 1 
188.30 	 3.3333 	 0.6638 	 3 	 1 
188.40 	 0.0000 	 0.6654 	 3 	 1 
188.50 	 0.0000 	 0.6648 	 3 	 1 
188.60 	 0.0000 	 0.6635 	 3 	 1 
188.70 	 0.0000 	 0.6619 	 3 	 2 
188.80 	 0.0000 	 0.6621 	 3 	 2 
188.90 	 0.0000 	 0.6621 	 3 	 2 
189.00 	 3.3333 	 0.6620 	 3 	 1 
189.10 	 0.0000 	 0.6614 	 3 	 1 
189.20 	 0.0000 	 0.6596 	 3 	 1 
189.30 	 3.3333 	 0.6598 	 3 	 1 
189.40 	 0.0000 	 0.6594 	 3 	 1 
189.50 	 0.0000 	 0.6585 	 3 	 1 
189.60 	 0.0000 	 0.6589 	 3 	 1 
189.70 	 0.0000 	 0.6591 	 3 	 0 
189.80 	 0.0000 	 0.6588 	 3 	 0 
189.90 	 0.0000 	 0.6583 	 3 	 0 
190.00 	 0.0000 	 0.6581 	 3 	 0 
190.10 	 3.3333 	 0.6577 	 3 	 1 
190.20 	 3.3333 	 0.6585 	 3 	 1 
190.30 	 0.0000 	 0.6583 	 3 	 1 
190.40 	 0.0000 	 0.6590 	 3 	 1 
190.50 	 0.0000 	 0.6595 	 3 	 2 
190.60 	 0.0000 	 0.6585 	 3 	 2 
190.70 	 0.0000 	 0.6591 	 3 	 2 
190.80 	 0.0000 	 0.6590 	 3 	 2 
190.90 	 0.0000 	 0.6579 	 3 	 2 
191.00 	 0.0000 	 0.6586 	 3 	 0 
191.10 	 0.0000 	 0.6579 	 3 	 0 
191.20 	 3.3333 	 0.6603 	 3 	 1 
191.30 	 3.3333 	 0.6584 	 3 	 1 
191.40 	 0.0000 	 0.6522 	 3 	 1 
191.50 	 0.0000 	 0.6519 	 3 	 1 
191.60 	 0.0000 	 0.6501 	 3 	 2 
191.70 	 0.0000 	 0.6480 	 3 	 2 
191.80 	 0.0000 	 0.6463 	 3 	 1 
191.90 	 0.0000 	 0.6467 	 3 	 2 
192.00 	 0.0000 	 0.6464 	 3 	 0 
192.10 	 3.3333 	 0.6459 	 3 	 2 
192.20 	 0.0000 	 0.6451 	 3 	 2 
192.30 	 0.0000 	 0.6439 	 3 	 0 
192.40 	 3.3333 	 0.6450 	 3 	 1 
192.50 	 0.0000 	 0.6449 	 3 	 1 
192.60 	 0.0000 	 0.6435 	 3 	 1 
192.70 	 0.0000 	 0.6427 	 3 	 2 
192.80 	 0.0000 	 0.6448 	 3 	 1 
192.90 	 0.0000 	 0.6436 	 3 	 1 
193.00 	 3.3333 	 0.6430 	 3 	 1 
193.10 	 0.0000 	 0.6445 	 3 	 2 
193.20 	 0.0000 	 0.6454 	 3 	 2 
193.30 	 0.0000 	 0.6461 	 3 	 2 
193.40 	 0.0000 	 0.6440 	 3 	 2 
193.50 	 0.0000 	 0.6454 	 3 	 0 
193.60 	 0.0000 	 0.6450 	 3 	 0 
193.70 	 0.0000 	 0.6463 	 3 	 0 
193.80 	 0.0000 	 0.6450 	 3 	 0 
193.90 	 3.3333 	 0.6476 	 3 	 0 
194.00 	 3.3333 	 0.6456 	 3 	 1 
194.10 	 0.0000 	 0.6490 	 3 	 2 
194.20 	 0.0000 	 0.6475 	 3 	 2 
194.30 	 3.3333 	 0.6495 	 3 	 1 
194.40 	 0.0000 	 0.6488 	 3 	 1 
194.50 	 0.0000 	 0.6484 	 3 	 1 
194.60 	 0.0000 	 0.6505 	 3 	 1 
194.70 	 0.0000 	 0.6516 	 3 	 1 
194.80 	 0.0000 	 0.6512 	 3 	 0 
194.90 	 0.0000 	 0.6516 	 3 	 2 
195.00 	 0.0000 	 0.6519 	 3 	 2 
195.10 	 0.0000 	 0.6524 	 3 	 2 
195.20 	 0.0000 	 0.6538 	 3 	 0 
195.30 	 0.0000 	 0.6538 	 3 	 0 
195.40 	 3.3333 	 0.6528 	 3 	 1 
195.50 	 3.3333 	 0.6520 	 3 	 1 
195.60 	 0.0000 	 0.6535 	 3 	 1 
195.70 	 0.0000 	 0.6528 	 3 	 1 
195.80 	 0.0000 	 0.6519 	 3 	 1 
195.90 	 0.0000 	 0.6513 	 3 	 1 
196.00 	 3.3333 	 0.6532 	 3 	 1 
196.10 	 0.0000 	 0.6539 	 3 	 1 
196.20 	 0.0000 	 0.6542 	 3 	 1 
196.30 	 0.0000 	 0.6543 	 3 	 0 
196.40 	 0.0000 	 0.6538 	 3 	 0 
196.50 	 0.0000 	 0.6542 	 3 	 0 
196.60 	 3.3333 	 0.6541 	 3 	 1 
196.70 	 0.0000 	 0.6557 	 3 	 2 
196.80 	 0.0000 	 0.6558 	 3 	 1 
196.90 	 3.3333 	 0.6549 	 3 	 1 
197.00 	 0.0000 	 0.6564 	 3 	 1 
197.10 	 0.0000 	 0.6554 	 3 	 1 
197.20 	 0.0000 	 0.6560 	 3 	 1 
197.30 	 0.0000 	 0.6570 	 3 	 1 
197.40 	 0.0000 	 0.6579 	 3 	 1 
197.50 	 0.0000 	 0.6580 	 3 	 1 
197.60 	 3.3333 	 0.6582 	 3 	 1 
197.70 	 0.0000 	 0.6585 	 3 	 0 
197.80 	 0.0000 	 0.6590 	 3 	 0 
197.90 	 0.0000 	 0.6581 	 3 	 0 
198.00 	 0.0000 	 0.6586 	 3 	 0 
198.10 	 0.0000 	 0.6598 	 3 	 0 
198.20 	 0.0000 	 0.6602 	 3 	 0 
198.30 	 3.3333 	 0.6554 	 3 	 1 
198.40 	 0.0000 	 0.6513 	 3 	 1 
198.50 	 3.3333 	 0.6514 	 3 	 1 
198.60 	 0.0000 	 0.6545 	 3 	 1 
198.70 	 0.0000 	 0.6550 	 3 	 1 
198.80 	 0.0000 	 0.6511 	 3 	 1 
198.90 	 0.0000 	 0.6541 	 3 	 1 
199.00 	 0.0000 	 0.6558 	 3 	 1 
199.10 	 0.0000 	 0.6560 	 3 	 2 
199.20 	 3.3333 	 0.6577 	 3 	 2 
199.30 	 0.0000 	 0.6592 	 3 	 2 
199.40 	 0.0000 	 0.6616 	 3 	 2 
199.50 	 3.3333 	 0.6632 	 3 	 2 
199.60 	 0.0000 	 0.6644 	 3 	 2 
199.70 	 0.0000 	 0.6661 	 3 	 2 
199.80 	 0.0000 	 0.6692 	 3 	 0 
199.90 	 3.3333 	 0.6710 	 3 	 1 
200.00 	 0.0000 	 0.6714 	 3 	 1 
