# Optimal flow and avg speed dependent on time 
 # Aggressives: 150 
 # Velocity factor: 0.3 
0.10 	 0.0000 	 0.6729 	 14 	 7 
0.20 	 0.0000 	 0.6729 	 14 	 7 
0.30 	 0.0000 	 0.6727 	 14 	 7 
0.40 	 2.7778 	 0.6758 	 14 	 7 
0.50 	 0.0000 	 0.6751 	 14 	 7 
0.60 	 0.0000 	 0.6754 	 14 	 7 
0.70 	 0.0000 	 0.6779 	 14 	 6 
0.80 	 0.0000 	 0.6799 	 14 	 6 
0.90 	 0.0000 	 0.6796 	 14 	 6 
1.00 	 0.0000 	 0.6822 	 14 	 6 
1.10 	 0.0000 	 0.6830 	 14 	 6 
1.20 	 2.7778 	 0.6823 	 14 	 7 
1.30 	 0.0000 	 0.6844 	 14 	 7 
1.40 	 0.0000 	 0.6839 	 14 	 6 
1.50 	 0.0000 	 0.6858 	 14 	 8 
1.60 	 0.0000 	 0.6866 	 14 	 8 
1.70 	 0.0000 	 0.6870 	 14 	 7 
1.80 	 0.0000 	 0.6865 	 14 	 7 
1.90 	 0.0000 	 0.6888 	 14 	 9 
2.00 	 5.5556 	 0.6894 	 14 	 9 
2.10 	 0.0000 	 0.6898 	 14 	 9 
2.20 	 0.0000 	 0.6911 	 14 	 6 
2.30 	 0.0000 	 0.6937 	 14 	 6 
2.40 	 0.0000 	 0.6947 	 14 	 6 
2.50 	 0.0000 	 0.6950 	 14 	 6 
2.60 	 2.7778 	 0.6986 	 14 	 6 
2.70 	 0.0000 	 0.6993 	 14 	 6 
2.80 	 2.7778 	 0.7018 	 14 	 9 
2.90 	 0.0000 	 0.7040 	 14 	 9 
3.00 	 0.0000 	 0.7048 	 14 	 6 
3.10 	 0.0000 	 0.7073 	 14 	 6 
3.20 	 0.0000 	 0.7097 	 14 	 6 
3.30 	 0.0000 	 0.7102 	 14 	 6 
3.40 	 0.0000 	 0.7108 	 14 	 6 
3.50 	 0.0000 	 0.7107 	 14 	 6 
3.60 	 2.7778 	 0.7109 	 14 	 6 
3.70 	 2.7778 	 0.7120 	 14 	 6 
3.80 	 0.0000 	 0.7127 	 14 	 6 
3.90 	 0.0000 	 0.7077 	 14 	 8 
4.00 	 0.0000 	 0.7087 	 14 	 8 
4.10 	 0.0000 	 0.7105 	 14 	 7 
4.20 	 0.0000 	 0.7100 	 14 	 8 
4.30 	 2.7778 	 0.7106 	 14 	 8 
4.40 	 0.0000 	 0.7120 	 14 	 8 
4.50 	 2.7778 	 0.7112 	 15 	 8 
4.60 	 0.0000 	 0.7124 	 15 	 8 
4.70 	 0.0000 	 0.7140 	 15 	 8 
4.80 	 0.0000 	 0.7146 	 15 	 6 
4.90 	 0.0000 	 0.7155 	 15 	 6 
5.00 	 0.0000 	 0.7171 	 15 	 6 
5.10 	 0.0000 	 0.7201 	 15 	 7 
5.20 	 2.7778 	 0.7225 	 15 	 7 
5.30 	 2.7778 	 0.7250 	 15 	 7 
5.40 	 0.0000 	 0.7271 	 15 	 7 
5.50 	 0.0000 	 0.7292 	 15 	 7 
5.60 	 0.0000 	 0.7326 	 15 	 8 
5.70 	 0.0000 	 0.7342 	 15 	 8 
5.80 	 0.0000 	 0.7361 	 15 	 8 
5.90 	 0.0000 	 0.7406 	 15 	 7 
6.00 	 0.0000 	 0.7423 	 15 	 8 
6.10 	 2.7778 	 0.7443 	 15 	 6 
6.20 	 2.7778 	 0.7478 	 15 	 6 
6.30 	 0.0000 	 0.7514 	 15 	 6 
6.40 	 0.0000 	 0.7538 	 15 	 10 
6.50 	 0.0000 	 0.7574 	 15 	 6 
6.60 	 2.7778 	 0.7599 	 15 	 6 
6.70 	 0.0000 	 0.7597 	 16 	 6 
6.80 	 0.0000 	 0.7622 	 16 	 6 
6.90 	 0.0000 	 0.7636 	 16 	 6 
7.00 	 0.0000 	 0.7648 	 16 	 6 
7.10 	 0.0000 	 0.7671 	 16 	 6 
7.20 	 0.0000 	 0.7686 	 16 	 8 
7.30 	 2.7778 	 0.7697 	 16 	 8 
7.40 	 0.0000 	 0.7720 	 16 	 8 
7.50 	 0.0000 	 0.7747 	 16 	 6 
7.60 	 0.0000 	 0.7765 	 16 	 6 
7.70 	 0.0000 	 0.7785 	 16 	 7 
7.80 	 0.0000 	 0.7807 	 16 	 7 
7.90 	 0.0000 	 0.7839 	 16 	 6 
8.00 	 2.7778 	 0.7869 	 16 	 6 
8.10 	 0.0000 	 0.7885 	 16 	 6 
8.20 	 0.0000 	 0.7917 	 16 	 6 
8.30 	 0.0000 	 0.7946 	 16 	 6 
8.40 	 0.0000 	 0.7982 	 16 	 6 
8.50 	 0.0000 	 0.8015 	 16 	 9 
8.60 	 0.0000 	 0.8048 	 16 	 6 
8.70 	 2.7778 	 0.8078 	 16 	 5 
8.80 	 0.0000 	 0.8107 	 17 	 6 
8.90 	 0.0000 	 0.8137 	 17 	 6 
9.00 	 0.0000 	 0.8154 	 17 	 6 
9.10 	 0.0000 	 0.8181 	 17 	 6 
9.20 	 0.0000 	 0.8216 	 17 	 6 
9.30 	 0.0000 	 0.8240 	 17 	 6 
9.40 	 2.7778 	 0.8279 	 17 	 8 
9.50 	 2.7778 	 0.8321 	 17 	 6 
9.60 	 0.0000 	 0.8359 	 17 	 6 
9.70 	 0.0000 	 0.8389 	 17 	 6 
9.80 	 0.0000 	 0.8423 	 17 	 6 
9.90 	 0.0000 	 0.8457 	 17 	 6 
10.00 	 2.7778 	 0.8486 	 17 	 6 
10.10 	 0.0000 	 0.8519 	 17 	 6 
10.20 	 0.0000 	 0.8544 	 17 	 6 
10.30 	 2.7778 	 0.8567 	 17 	 6 
10.40 	 0.0000 	 0.8571 	 17 	 6 
10.50 	 0.0000 	 0.8587 	 17 	 6 
10.60 	 0.0000 	 0.8592 	 17 	 6 
10.70 	 0.0000 	 0.8590 	 17 	 6 
10.80 	 0.0000 	 0.8612 	 18 	 6 
10.90 	 0.0000 	 0.8643 	 18 	 7 
11.00 	 0.0000 	 0.8668 	 18 	 7 
11.10 	 0.0000 	 0.8691 	 18 	 6 
11.20 	 5.5556 	 0.8689 	 18 	 9 
11.30 	 0.0000 	 0.8691 	 18 	 9 
11.40 	 0.0000 	 0.8693 	 18 	 6 
11.50 	 0.0000 	 0.8695 	 18 	 6 
11.60 	 0.0000 	 0.8706 	 18 	 6 
11.70 	 0.0000 	 0.8726 	 18 	 6 
11.80 	 0.0000 	 0.8744 	 18 	 6 
11.90 	 2.7778 	 0.8763 	 18 	 7 
12.00 	 2.7778 	 0.8782 	 18 	 7 
12.10 	 0.0000 	 0.8808 	 18 	 6 
12.20 	 0.0000 	 0.8827 	 18 	 6 
12.30 	 0.0000 	 0.8846 	 18 	 7 
12.40 	 0.0000 	 0.8863 	 18 	 9 
12.50 	 0.0000 	 0.8872 	 18 	 6 
12.60 	 2.7778 	 0.8879 	 18 	 6 
12.70 	 0.0000 	 0.8887 	 18 	 6 
12.80 	 2.7778 	 0.8903 	 18 	 6 
12.90 	 0.0000 	 0.8935 	 19 	 6 
13.00 	 0.0000 	 0.8969 	 19 	 6 
13.10 	 0.0000 	 0.8996 	 19 	 7 
13.20 	 0.0000 	 0.9011 	 19 	 6 
13.30 	 0.0000 	 0.9016 	 19 	 6 
13.40 	 0.0000 	 0.9033 	 19 	 6 
13.50 	 2.7778 	 0.9045 	 19 	 6 
13.60 	 0.0000 	 0.9055 	 19 	 6 
13.70 	 2.7778 	 0.9076 	 19 	 6 
13.80 	 0.0000 	 0.9090 	 19 	 6 
13.90 	 0.0000 	 0.9087 	 19 	 6 
14.00 	 0.0000 	 0.9090 	 19 	 6 
14.10 	 0.0000 	 0.9084 	 19 	 6 
14.20 	 2.7778 	 0.9105 	 19 	 7 
14.30 	 0.0000 	 0.9107 	 19 	 7 
14.40 	 0.0000 	 0.9108 	 19 	 7 
14.50 	 0.0000 	 0.9113 	 19 	 7 
14.60 	 0.0000 	 0.9114 	 19 	 6 
14.70 	 0.0000 	 0.9129 	 19 	 6 
14.80 	 0.0000 	 0.9142 	 19 	 6 
14.90 	 0.0000 	 0.9171 	 19 	 6 
15.00 	 0.0000 	 0.9186 	 0 	 6 
15.10 	 2.7778 	 0.9217 	 0 	 6 
15.20 	 0.0000 	 0.9259 	 0 	 7 
15.30 	 0.0000 	 0.9292 	 0 	 7 
15.40 	 0.0000 	 0.9329 	 0 	 7 
15.50 	 0.0000 	 0.9363 	 0 	 7 
15.60 	 0.0000 	 0.9374 	 0 	 7 
15.70 	 0.0000 	 0.9391 	 0 	 6 
15.80 	 0.0000 	 0.9399 	 0 	 8 
15.90 	 0.0000 	 0.9427 	 0 	 6 
16.00 	 2.7778 	 0.9435 	 0 	 6 
16.10 	 0.0000 	 0.9445 	 0 	 6 
16.20 	 0.0000 	 0.9463 	 0 	 6 
16.30 	 0.0000 	 0.9478 	 0 	 6 
16.40 	 0.0000 	 0.9485 	 0 	 7 
16.50 	 0.0000 	 0.9517 	 0 	 7 
16.60 	 0.0000 	 0.9544 	 0 	 6 
16.70 	 0.0000 	 0.9562 	 0 	 6 
16.80 	 2.7778 	 0.9584 	 0 	 6 
16.90 	 0.0000 	 0.9571 	 0 	 6 
17.00 	 0.0000 	 0.9578 	 0 	 6 
17.10 	 2.7778 	 0.9589 	 1 	 6 
17.20 	 0.0000 	 0.9593 	 1 	 6 
17.30 	 0.0000 	 0.9591 	 1 	 6 
17.40 	 0.0000 	 0.9583 	 1 	 6 
17.50 	 0.0000 	 0.9573 	 1 	 6 
17.60 	 2.7778 	 0.9538 	 1 	 6 
17.70 	 2.7778 	 0.9489 	 1 	 6 
17.80 	 2.7778 	 0.9466 	 1 	 6 
17.90 	 0.0000 	 0.9442 	 1 	 6 
18.00 	 0.0000 	 0.9452 	 1 	 8 
18.10 	 0.0000 	 0.9451 	 1 	 7 
18.20 	 0.0000 	 0.9452 	 1 	 6 
18.30 	 2.7778 	 0.9463 	 1 	 6 
18.40 	 0.0000 	 0.9466 	 1 	 6 
18.50 	 0.0000 	 0.9468 	 1 	 6 
18.60 	 2.7778 	 0.9487 	 1 	 6 
18.70 	 0.0000 	 0.9497 	 1 	 6 
18.80 	 0.0000 	 0.9486 	 1 	 8 
18.90 	 0.0000 	 0.9494 	 1 	 8 
19.00 	 2.7778 	 0.9490 	 1 	 8 
19.10 	 2.7778 	 0.9485 	 1 	 8 
19.20 	 0.0000 	 0.9484 	 2 	 6 
19.30 	 0.0000 	 0.9476 	 2 	 6 
19.40 	 0.0000 	 0.9477 	 2 	 6 
19.50 	 0.0000 	 0.9480 	 2 	 6 
19.60 	 0.0000 	 0.9458 	 2 	 6 
19.70 	 0.0000 	 0.9446 	 2 	 7 
19.80 	 2.7778 	 0.9439 	 2 	 7 
19.90 	 2.7778 	 0.9436 	 2 	 8 
20.00 	 0.0000 	 0.9430 	 2 	 8 
20.10 	 0.0000 	 0.9431 	 2 	 8 
20.20 	 0.0000 	 0.9430 	 2 	 8 
20.30 	 0.0000 	 0.9431 	 2 	 6 
20.40 	 0.0000 	 0.9433 	 2 	 7 
20.50 	 0.0000 	 0.9457 	 2 	 7 
20.60 	 2.7778 	 0.9501 	 2 	 7 
20.70 	 2.7778 	 0.9545 	 2 	 7 
20.80 	 0.0000 	 0.9579 	 2 	 7 
20.90 	 0.0000 	 0.9598 	 2 	 6 
21.00 	 0.0000 	 0.9620 	 2 	 8 
21.10 	 0.0000 	 0.9628 	 2 	 8 
21.20 	 2.7778 	 0.9641 	 2 	 8 
21.30 	 0.0000 	 0.9640 	 3 	 7 
21.40 	 0.0000 	 0.9627 	 3 	 7 
21.50 	 5.5556 	 0.9618 	 3 	 7 
21.60 	 0.0000 	 0.9600 	 3 	 7 
21.70 	 0.0000 	 0.9565 	 3 	 7 
21.80 	 0.0000 	 0.9537 	 3 	 7 
21.90 	 0.0000 	 0.9529 	 3 	 7 
22.00 	 2.7778 	 0.9536 	 3 	 6 
22.10 	 0.0000 	 0.9528 	 3 	 7 
22.20 	 0.0000 	 0.9521 	 3 	 7 
22.30 	 2.7778 	 0.9512 	 3 	 7 
22.40 	 0.0000 	 0.9530 	 3 	 6 
22.50 	 2.7778 	 0.9546 	 3 	 7 
22.60 	 0.0000 	 0.9566 	 3 	 7 
22.70 	 0.0000 	 0.9590 	 3 	 7 
22.80 	 2.7778 	 0.9610 	 3 	 7 
22.90 	 0.0000 	 0.9619 	 3 	 7 
23.00 	 0.0000 	 0.9634 	 3 	 7 
23.10 	 0.0000 	 0.9658 	 3 	 8 
23.20 	 0.0000 	 0.9690 	 3 	 7 
23.30 	 2.7778 	 0.9705 	 4 	 7 
23.40 	 0.0000 	 0.9728 	 4 	 7 
23.50 	 2.7778 	 0.9757 	 4 	 7 
23.60 	 2.7778 	 0.9794 	 4 	 7 
23.70 	 0.0000 	 0.9836 	 4 	 7 
23.80 	 0.0000 	 0.9884 	 4 	 7 
23.90 	 0.0000 	 0.9915 	 4 	 6 
24.00 	 0.0000 	 0.9943 	 4 	 6 
24.10 	 0.0000 	 0.9964 	 4 	 8 
24.20 	 0.0000 	 0.9985 	 4 	 8 
24.30 	 2.7778 	 1.0018 	 4 	 7 
24.40 	 2.7778 	 1.0032 	 4 	 7 
24.50 	 2.7778 	 1.0057 	 4 	 7 
24.60 	 0.0000 	 1.0079 	 4 	 7 
24.70 	 0.0000 	 1.0095 	 4 	 7 
24.80 	 0.0000 	 1.0086 	 4 	 7 
24.90 	 0.0000 	 1.0085 	 4 	 8 
25.00 	 0.0000 	 1.0094 	 4 	 7 
25.10 	 0.0000 	 1.0098 	 4 	 8 
25.20 	 0.0000 	 1.0102 	 4 	 8 
25.30 	 2.7778 	 1.0105 	 4 	 7 
25.40 	 2.7778 	 1.0113 	 5 	 7 
25.50 	 2.7778 	 1.0140 	 5 	 7 
25.60 	 0.0000 	 1.0158 	 5 	 8 
25.70 	 0.0000 	 1.0178 	 5 	 8 
25.80 	 0.0000 	 1.0185 	 5 	 8 
25.90 	 0.0000 	 1.0213 	 5 	 8 
26.00 	 0.0000 	 1.0215 	 5 	 8 
26.10 	 0.0000 	 1.0219 	 5 	 8 
26.20 	 0.0000 	 1.0223 	 5 	 8 
26.30 	 2.7778 	 1.0219 	 5 	 7 
26.40 	 2.7778 	 1.0211 	 5 	 8 
26.50 	 2.7778 	 1.0225 	 5 	 8 
26.60 	 0.0000 	 1.0211 	 5 	 8 
26.70 	 0.0000 	 1.0207 	 5 	 8 
26.80 	 0.0000 	 1.0201 	 5 	 8 
26.90 	 0.0000 	 1.0197 	 5 	 8 
27.00 	 0.0000 	 1.0181 	 5 	 8 
27.10 	 0.0000 	 1.0190 	 5 	 9 
27.20 	 0.0000 	 1.0190 	 5 	 11 
27.30 	 2.7778 	 1.0221 	 5 	 7 
27.40 	 2.7778 	 1.0228 	 5 	 7 
27.50 	 2.7778 	 1.0229 	 6 	 7 
27.60 	 0.0000 	 1.0227 	 6 	 8 
27.70 	 0.0000 	 1.0224 	 6 	 8 
27.80 	 0.0000 	 1.0216 	 6 	 8 
27.90 	 0.0000 	 1.0194 	 6 	 7 
28.00 	 0.0000 	 1.0172 	 6 	 9 
28.10 	 0.0000 	 1.0149 	 6 	 9 
28.20 	 0.0000 	 1.0155 	 6 	 9 
28.30 	 2.7778 	 1.0171 	 6 	 6 
28.40 	 2.7778 	 1.0171 	 6 	 7 
28.50 	 2.7778 	 1.0144 	 6 	 7 
28.60 	 0.0000 	 1.0125 	 6 	 8 
28.70 	 0.0000 	 1.0110 	 6 	 9 
28.80 	 0.0000 	 1.0100 	 6 	 10 
28.90 	 0.0000 	 1.0111 	 6 	 12 
29.00 	 2.7778 	 1.0121 	 6 	 9 
29.10 	 0.0000 	 1.0129 	 6 	 7 
29.20 	 0.0000 	 1.0119 	 6 	 7 
29.30 	 0.0000 	 1.0111 	 6 	 8 
29.40 	 5.5556 	 1.0122 	 6 	 9 
29.50 	 0.0000 	 1.0119 	 6 	 9 
29.60 	 0.0000 	 1.0123 	 6 	 9 
29.70 	 0.0000 	 1.0110 	 6 	 9 
29.80 	 0.0000 	 1.0097 	 6 	 9 
29.90 	 0.0000 	 1.0122 	 7 	 9 
30.00 	 0.0000 	 1.0113 	 7 	 12 
30.10 	 0.0000 	 1.0095 	 7 	 9 
30.20 	 5.5556 	 1.0071 	 7 	 7 
30.30 	 2.7778 	 1.0031 	 7 	 1 
30.40 	 0.0000 	 1.0018 	 7 	 1 
30.50 	 0.0000 	 1.0013 	 7 	 6 
30.60 	 0.0000 	 1.0015 	 7 	 9 
30.70 	 2.7778 	 1.0036 	 7 	 9 
30.80 	 0.0000 	 1.0019 	 7 	 9 
30.90 	 0.0000 	 0.9990 	 7 	 8 
31.00 	 0.0000 	 0.9980 	 7 	 10 
31.10 	 0.0000 	 0.9973 	 7 	 7 
31.20 	 0.0000 	 0.9924 	 7 	 5 
31.30 	 5.5556 	 0.9880 	 7 	 5 
31.40 	 0.0000 	 0.9850 	 7 	 13 
31.50 	 0.0000 	 0.9830 	 7 	 9 
31.60 	 0.0000 	 0.9795 	 7 	 10 
31.70 	 2.7778 	 0.9762 	 7 	 10 
31.80 	 0.0000 	 0.9748 	 7 	 6 
31.90 	 2.7778 	 0.9711 	 7 	 6 
32.00 	 0.0000 	 0.9697 	 7 	 8 
32.10 	 0.0000 	 0.9696 	 7 	 5 
32.20 	 0.0000 	 0.9703 	 7 	 8 
32.30 	 0.0000 	 0.9717 	 7 	 10 
32.40 	 0.0000 	 0.9732 	 7 	 10 
32.50 	 0.0000 	 0.9740 	 7 	 10 
32.60 	 2.7778 	 0.9745 	 7 	 10 
32.70 	 2.7778 	 0.9738 	 7 	 10 
32.80 	 0.0000 	 0.9747 	 8 	 10 
32.90 	 2.7778 	 0.9737 	 8 	 6 
33.00 	 0.0000 	 0.9732 	 8 	 6 
33.10 	 0.0000 	 0.9733 	 8 	 6 
33.20 	 0.0000 	 0.9728 	 8 	 6 
33.30 	 0.0000 	 0.9727 	 8 	 8 
33.40 	 0.0000 	 0.9704 	 8 	 8 
33.50 	 0.0000 	 0.9673 	 8 	 7 
33.60 	 0.0000 	 0.9674 	 8 	 10 
33.70 	 2.7778 	 0.9658 	 8 	 6 
33.80 	 2.7778 	 0.9647 	 8 	 6 
33.90 	 2.7778 	 0.9628 	 8 	 6 
34.00 	 0.0000 	 0.9614 	 8 	 6 
34.10 	 0.0000 	 0.9609 	 8 	 6 
34.20 	 0.0000 	 0.9591 	 8 	 6 
34.30 	 0.0000 	 0.9582 	 8 	 6 
34.40 	 0.0000 	 0.9576 	 8 	 6 
34.50 	 2.7778 	 0.9583 	 8 	 11 
34.60 	 0.0000 	 0.9581 	 8 	 6 
34.70 	 0.0000 	 0.9588 	 8 	 7 
34.80 	 0.0000 	 0.9574 	 8 	 6 
34.90 	 2.7778 	 0.9577 	 8 	 6 
35.00 	 5.5556 	 0.9554 	 8 	 2 
35.10 	 0.0000 	 0.9557 	 8 	 6 
35.20 	 0.0000 	 0.9559 	 8 	 9 
35.30 	 0.0000 	 0.9553 	 8 	 9 
35.40 	 0.0000 	 0.9551 	 8 	 11 
35.50 	 0.0000 	 0.9573 	 8 	 11 
35.60 	 0.0000 	 0.9580 	 8 	 11 
35.70 	 0.0000 	 0.9606 	 8 	 6 
35.80 	 0.0000 	 0.9612 	 8 	 6 
35.90 	 0.0000 	 0.9608 	 9 	 6 
36.00 	 2.7778 	 0.9621 	 9 	 7 
36.10 	 2.7778 	 0.9622 	 9 	 7 
36.20 	 2.7778 	 0.9642 	 9 	 7 
36.30 	 0.0000 	 0.9632 	 9 	 3 
36.40 	 0.0000 	 0.9620 	 9 	 9 
36.50 	 0.0000 	 0.9623 	 9 	 9 
36.60 	 0.0000 	 0.9628 	 9 	 8 
36.70 	 0.0000 	 0.9629 	 9 	 6 
36.80 	 0.0000 	 0.9626 	 9 	 7 
36.90 	 0.0000 	 0.9629 	 9 	 7 
37.00 	 0.0000 	 0.9626 	 9 	 7 
37.10 	 0.0000 	 0.9640 	 9 	 7 
37.20 	 5.5556 	 0.9625 	 9 	 7 
37.30 	 2.7778 	 0.9593 	 9 	 7 
37.40 	 0.0000 	 0.9573 	 9 	 7 
37.50 	 0.0000 	 0.9545 	 9 	 4 
37.60 	 0.0000 	 0.9494 	 9 	 7 
37.70 	 0.0000 	 0.9471 	 9 	 7 
37.80 	 0.0000 	 0.9479 	 9 	 8 
37.90 	 0.0000 	 0.9470 	 9 	 7 
38.00 	 0.0000 	 0.9488 	 9 	 7 
38.10 	 0.0000 	 0.9498 	 9 	 6 
38.20 	 0.0000 	 0.9511 	 9 	 7 
38.30 	 2.7778 	 0.9520 	 9 	 12 
38.40 	 5.5556 	 0.9513 	 9 	 1 
38.50 	 0.0000 	 0.9502 	 9 	 7 
38.60 	 0.0000 	 0.9516 	 9 	 7 
38.70 	 0.0000 	 0.9528 	 9 	 7 
38.80 	 0.0000 	 0.9547 	 9 	 7 
38.90 	 0.0000 	 0.9568 	 10 	 7 
39.00 	 0.0000 	 0.9580 	 10 	 8 
39.10 	 0.0000 	 0.9582 	 10 	 8 
39.20 	 2.7778 	 0.9573 	 10 	 8 
39.30 	 0.0000 	 0.9555 	 10 	 8 
39.40 	 0.0000 	 0.9551 	 10 	 0 
39.50 	 5.5556 	 0.9557 	 10 	 1 
39.60 	 0.0000 	 0.9556 	 10 	 1 
39.70 	 0.0000 	 0.9563 	 10 	 2 
39.80 	 0.0000 	 0.9555 	 10 	 7 
39.90 	 0.0000 	 0.9544 	 10 	 8 
40.00 	 0.0000 	 0.9535 	 10 	 8 
40.10 	 0.0000 	 0.9514 	 10 	 8 
40.20 	 2.7778 	 0.9514 	 10 	 8 
40.30 	 0.0000 	 0.9506 	 10 	 8 
40.40 	 0.0000 	 0.9500 	 10 	 8 
40.50 	 0.0000 	 0.9509 	 10 	 8 
40.60 	 5.5556 	 0.9502 	 10 	 1 
40.70 	 0.0000 	 0.9505 	 10 	 1 
40.80 	 0.0000 	 0.9496 	 10 	 13 
40.90 	 0.0000 	 0.9499 	 10 	 13 
41.00 	 0.0000 	 0.9503 	 10 	 7 
41.10 	 0.0000 	 0.9512 	 10 	 3 
41.20 	 2.7778 	 0.9507 	 10 	 8 
41.30 	 2.7778 	 0.9510 	 10 	 4 
41.40 	 0.0000 	 0.9515 	 10 	 5 
41.50 	 0.0000 	 0.9513 	 10 	 5 
41.60 	 2.7778 	 0.9503 	 11 	 8 
41.70 	 0.0000 	 0.9480 	 11 	 8 
41.80 	 0.0000 	 0.9466 	 11 	 8 
41.90 	 0.0000 	 0.9471 	 11 	 8 
42.00 	 2.7778 	 0.9468 	 11 	 9 
42.10 	 0.0000 	 0.9452 	 11 	 9 
42.20 	 0.0000 	 0.9431 	 11 	 7 
42.30 	 2.7778 	 0.9428 	 11 	 17 
42.40 	 0.0000 	 0.9411 	 11 	 4 
42.50 	 0.0000 	 0.9396 	 11 	 4 
42.60 	 0.0000 	 0.9384 	 11 	 4 
42.70 	 0.0000 	 0.9366 	 11 	 5 
42.80 	 2.7778 	 0.9341 	 11 	 5 
42.90 	 0.0000 	 0.9319 	 11 	 9 
43.00 	 0.0000 	 0.9324 	 11 	 9 
43.10 	 2.7778 	 0.9314 	 11 	 9 
43.20 	 2.7778 	 0.9332 	 11 	 9 
43.30 	 0.0000 	 0.9338 	 11 	 2 
43.40 	 0.0000 	 0.9333 	 11 	 14 
43.50 	 0.0000 	 0.9338 	 11 	 14 
43.60 	 0.0000 	 0.9349 	 11 	 4 
43.70 	 0.0000 	 0.9341 	 11 	 4 
43.80 	 0.0000 	 0.9343 	 11 	 4 
43.90 	 2.7778 	 0.9332 	 11 	 5 
44.00 	 2.7778 	 0.9328 	 11 	 5 
44.10 	 0.0000 	 0.9322 	 11 	 2 
44.20 	 2.7778 	 0.9334 	 11 	 2 
44.30 	 0.0000 	 0.9333 	 11 	 9 
44.40 	 0.0000 	 0.9335 	 12 	 6 
44.50 	 0.0000 	 0.9330 	 12 	 6 
44.60 	 0.0000 	 0.9345 	 12 	 3 
44.70 	 0.0000 	 0.9352 	 12 	 9 
44.80 	 2.7778 	 0.9354 	 12 	 18 
44.90 	 0.0000 	 0.9333 	 12 	 10 
45.00 	 0.0000 	 0.9340 	 12 	 4 
45.10 	 0.0000 	 0.9332 	 12 	 13 
45.20 	 2.7778 	 0.9336 	 12 	 2 
45.30 	 2.7778 	 0.9335 	 12 	 2 
45.40 	 0.0000 	 0.9336 	 12 	 5 
45.50 	 0.0000 	 0.9336 	 12 	 5 
45.60 	 2.7778 	 0.9335 	 12 	 1 
45.70 	 0.0000 	 0.9330 	 12 	 6 
45.80 	 2.7778 	 0.9322 	 12 	 3 
45.90 	 0.0000 	 0.9331 	 12 	 10 
46.00 	 0.0000 	 0.9306 	 12 	 10 
46.10 	 0.0000 	 0.9309 	 12 	 10 
46.20 	 0.0000 	 0.9337 	 12 	 4 
46.30 	 0.0000 	 0.9352 	 12 	 7 
46.40 	 0.0000 	 0.9370 	 12 	 0 
46.50 	 5.5556 	 0.9361 	 12 	 1 
46.60 	 2.7778 	 0.9359 	 12 	 2 
46.70 	 0.0000 	 0.9363 	 12 	 3 
46.80 	 0.0000 	 0.9343 	 12 	 3 
46.90 	 0.0000 	 0.9314 	 12 	 6 
47.00 	 0.0000 	 0.9305 	 12 	 6 
47.10 	 0.0000 	 0.9281 	 13 	 7 
47.20 	 0.0000 	 0.9270 	 13 	 2 
47.30 	 0.0000 	 0.9257 	 13 	 19 
47.40 	 0.0000 	 0.9229 	 13 	 4 
47.50 	 0.0000 	 0.9214 	 13 	 0 
47.60 	 2.7778 	 0.9221 	 13 	 8 
47.70 	 5.5556 	 0.9237 	 13 	 1 
47.80 	 0.0000 	 0.9239 	 13 	 1 
47.90 	 0.0000 	 0.9222 	 13 	 2 
48.00 	 0.0000 	 0.9187 	 13 	 2 
48.10 	 0.0000 	 0.9154 	 13 	 2 
48.20 	 0.0000 	 0.9153 	 13 	 2 
48.30 	 0.0000 	 0.9163 	 13 	 2 
48.40 	 0.0000 	 0.9150 	 13 	 3 
48.50 	 0.0000 	 0.9141 	 13 	 4 
48.60 	 0.0000 	 0.9133 	 13 	 0 
48.70 	 0.0000 	 0.9141 	 13 	 0 
48.80 	 2.7778 	 0.9154 	 13 	 11 
48.90 	 5.5556 	 0.9152 	 13 	 1 
49.00 	 0.0000 	 0.9129 	 13 	 1 
49.10 	 0.0000 	 0.9146 	 13 	 2 
49.20 	 0.0000 	 0.9141 	 13 	 2 
49.30 	 0.0000 	 0.9142 	 13 	 3 
49.40 	 0.0000 	 0.9146 	 13 	 4 
49.50 	 0.0000 	 0.9157 	 13 	 4 
49.60 	 0.0000 	 0.9172 	 13 	 0 
49.70 	 0.0000 	 0.9161 	 14 	 0 
49.80 	 0.0000 	 0.9164 	 14 	 0 
49.90 	 0.0000 	 0.9157 	 14 	 0 
50.00 	 2.7778 	 0.9144 	 14 	 0 
50.10 	 5.5556 	 0.9158 	 14 	 1 
50.20 	 0.0000 	 0.9158 	 14 	 1 
50.30 	 0.0000 	 0.9156 	 14 	 2 
50.40 	 0.0000 	 0.9162 	 14 	 2 
50.50 	 0.0000 	 0.9170 	 14 	 2 
50.60 	 0.0000 	 0.9158 	 14 	 2 
50.70 	 0.0000 	 0.9151 	 14 	 3 
50.80 	 2.7778 	 0.9170 	 14 	 4 
50.90 	 0.0000 	 0.9177 	 14 	 4 
51.00 	 0.0000 	 0.9188 	 14 	 0 
51.10 	 0.0000 	 0.9170 	 14 	 0 
51.20 	 5.5556 	 0.9177 	 14 	 1 
51.30 	 0.0000 	 0.9162 	 14 	 1 
51.40 	 0.0000 	 0.9183 	 14 	 1 
51.50 	 0.0000 	 0.9182 	 14 	 12 
51.60 	 0.0000 	 0.9195 	 14 	 2 
51.70 	 2.7778 	 0.9210 	 14 	 2 
51.80 	 0.0000 	 0.9207 	 14 	 2 
51.90 	 0.0000 	 0.9210 	 14 	 3 
52.00 	 0.0000 	 0.9229 	 14 	 4 
52.10 	 2.7778 	 0.9221 	 14 	 4 
52.20 	 0.0000 	 0.9224 	 14 	 4 
52.30 	 2.7778 	 0.9232 	 15 	 1 
52.40 	 2.7778 	 0.9231 	 15 	 1 
52.50 	 0.0000 	 0.9225 	 15 	 1 
52.60 	 0.0000 	 0.9226 	 15 	 1 
52.70 	 0.0000 	 0.9221 	 15 	 8 
52.80 	 0.0000 	 0.9234 	 15 	 2 
52.90 	 0.0000 	 0.9229 	 15 	 2 
53.00 	 0.0000 	 0.9221 	 15 	 9 
53.10 	 0.0000 	 0.9214 	 15 	 3 
53.20 	 0.0000 	 0.9218 	 15 	 0 
53.30 	 2.7778 	 0.9221 	 15 	 4 
53.40 	 0.0000 	 0.9237 	 15 	 4 
53.50 	 2.7778 	 0.9230 	 15 	 4 
53.60 	 2.7778 	 0.9223 	 15 	 1 
53.70 	 0.0000 	 0.9237 	 15 	 5 
53.80 	 0.0000 	 0.9231 	 15 	 1 
53.90 	 0.0000 	 0.9223 	 15 	 2 
54.00 	 0.0000 	 0.9210 	 15 	 2 
54.10 	 0.0000 	 0.9201 	 15 	 2 
54.20 	 0.0000 	 0.9204 	 15 	 13 
54.30 	 0.0000 	 0.9197 	 15 	 0 
54.40 	 2.7778 	 0.9207 	 15 	 3 
54.50 	 0.0000 	 0.9203 	 15 	 3 
54.60 	 0.0000 	 0.9193 	 15 	 4 
54.70 	 2.7778 	 0.9182 	 15 	 4 
54.80 	 2.7778 	 0.9181 	 15 	 5 
54.90 	 0.0000 	 0.9169 	 15 	 5 
55.00 	 0.0000 	 0.9184 	 16 	 5 
55.10 	 0.0000 	 0.9171 	 16 	 2 
55.20 	 0.0000 	 0.9166 	 16 	 2 
55.30 	 0.0000 	 0.9189 	 16 	 2 
55.40 	 0.0000 	 0.9168 	 16 	 9 
55.50 	 0.0000 	 0.9160 	 16 	 9 
55.60 	 2.7778 	 0.9165 	 16 	 3 
55.70 	 0.0000 	 0.9185 	 16 	 10 
55.80 	 2.7778 	 0.9193 	 16 	 10 
55.90 	 0.0000 	 0.9192 	 16 	 4 
56.00 	 2.7778 	 0.9212 	 16 	 4 
56.10 	 0.0000 	 0.9230 	 16 	 5 
56.20 	 0.0000 	 0.9237 	 16 	 5 
56.30 	 0.0000 	 0.9243 	 16 	 5 
56.40 	 0.0000 	 0.9252 	 16 	 5 
56.50 	 0.0000 	 0.9280 	 16 	 2 
56.60 	 0.0000 	 0.9293 	 16 	 0 
56.70 	 0.0000 	 0.9297 	 16 	 0 
56.80 	 5.5556 	 0.9297 	 16 	 3 
56.90 	 0.0000 	 0.9298 	 16 	 10 
57.00 	 2.7778 	 0.9324 	 16 	 1 
57.10 	 0.0000 	 0.9335 	 16 	 1 
57.20 	 0.0000 	 0.9349 	 16 	 4 
57.30 	 0.0000 	 0.9359 	 16 	 5 
57.40 	 0.0000 	 0.9373 	 16 	 5 
57.50 	 0.0000 	 0.9385 	 16 	 6 
57.60 	 0.0000 	 0.9405 	 17 	 5 
57.70 	 0.0000 	 0.9431 	 17 	 6 
57.80 	 0.0000 	 0.9450 	 17 	 6 
57.90 	 2.7778 	 0.9461 	 17 	 3 
58.00 	 2.7778 	 0.9462 	 17 	 3 
58.10 	 0.0000 	 0.9461 	 17 	 10 
58.20 	 2.7778 	 0.9460 	 17 	 1 
58.30 	 0.0000 	 0.9472 	 17 	 4 
58.40 	 0.0000 	 0.9490 	 17 	 11 
58.50 	 0.0000 	 0.9473 	 17 	 9 
58.60 	 0.0000 	 0.9442 	 17 	 9 
58.70 	 0.0000 	 0.9448 	 17 	 10 
58.80 	 0.0000 	 0.9443 	 17 	 5 
58.90 	 0.0000 	 0.9418 	 17 	 6 
59.00 	 2.7778 	 0.9436 	 17 	 3 
59.10 	 2.7778 	 0.9437 	 17 	 7 
59.20 	 0.0000 	 0.9420 	 17 	 3 
59.30 	 0.0000 	 0.9410 	 17 	 3 
59.40 	 2.7778 	 0.9426 	 17 	 11 
59.50 	 0.0000 	 0.9417 	 17 	 11 
59.60 	 0.0000 	 0.9401 	 17 	 11 
59.70 	 0.0000 	 0.9391 	 17 	 11 
59.80 	 0.0000 	 0.9383 	 17 	 9 
59.90 	 0.0000 	 0.9379 	 17 	 6 
60.00 	 0.0000 	 0.9386 	 17 	 0 
60.10 	 0.0000 	 0.9388 	 17 	 0 
60.20 	 2.7778 	 0.9384 	 17 	 7 
60.30 	 2.7778 	 0.9365 	 18 	 7 
60.40 	 0.0000 	 0.9376 	 18 	 4 
60.50 	 2.7778 	 0.9372 	 18 	 4 
60.60 	 0.0000 	 0.9333 	 18 	 4 
60.70 	 0.0000 	 0.9301 	 18 	 11 
60.80 	 0.0000 	 0.9289 	 18 	 4 
60.90 	 0.0000 	 0.9303 	 18 	 4 
61.00 	 0.0000 	 0.9310 	 18 	 16 
61.10 	 2.7778 	 0.9313 	 18 	 10 
61.20 	 0.0000 	 0.9331 	 18 	 10 
61.30 	 2.7778 	 0.9339 	 18 	 10 
61.40 	 0.0000 	 0.9339 	 18 	 7 
61.50 	 0.0000 	 0.9334 	 18 	 6 
61.60 	 0.0000 	 0.9343 	 18 	 4 
61.70 	 2.7778 	 0.9361 	 18 	 8 
61.80 	 0.0000 	 0.9360 	 18 	 8 
61.90 	 2.7778 	 0.9345 	 18 	 4 
62.00 	 0.0000 	 0.9337 	 18 	 4 
62.10 	 0.0000 	 0.9327 	 18 	 4 
62.20 	 0.0000 	 0.9337 	 18 	 16 
62.30 	 0.0000 	 0.9346 	 18 	 12 
62.40 	 0.0000 	 0.9354 	 18 	 7 
62.50 	 0.0000 	 0.9356 	 18 	 0 
62.60 	 2.7778 	 0.9369 	 18 	 7 
62.70 	 0.0000 	 0.9380 	 18 	 8 
62.80 	 2.7778 	 0.9382 	 18 	 4 
62.90 	 2.7778 	 0.9390 	 18 	 8 
63.00 	 0.0000 	 0.9399 	 18 	 8 
63.10 	 0.0000 	 0.9405 	 19 	 5 
63.20 	 0.0000 	 0.9408 	 19 	 5 
63.30 	 0.0000 	 0.9412 	 19 	 16 
63.40 	 0.0000 	 0.9422 	 19 	 12 
63.50 	 0.0000 	 0.9436 	 19 	 12 
63.60 	 0.0000 	 0.9444 	 19 	 13 
63.70 	 2.7778 	 0.9447 	 19 	 13 
63.80 	 0.0000 	 0.9451 	 19 	 11 
63.90 	 2.7778 	 0.9452 	 19 	 8 
64.00 	 2.7778 	 0.9446 	 19 	 7 
64.10 	 0.0000 	 0.9442 	 19 	 7 
64.20 	 0.0000 	 0.9438 	 19 	 7 
64.30 	 0.0000 	 0.9412 	 19 	 8 
64.40 	 0.0000 	 0.9426 	 19 	 8 
64.50 	 0.0000 	 0.9430 	 19 	 5 
64.60 	 0.0000 	 0.9432 	 19 	 5 
64.70 	 0.0000 	 0.9429 	 19 	 5 
64.80 	 0.0000 	 0.9426 	 19 	 13 
64.90 	 2.7778 	 0.9413 	 19 	 17 
65.00 	 0.0000 	 0.9400 	 19 	 11 
65.10 	 2.7778 	 0.9391 	 19 	 8 
65.20 	 2.7778 	 0.9361 	 19 	 8 
65.30 	 0.0000 	 0.9358 	 19 	 8 
65.40 	 0.0000 	 0.9345 	 19 	 5 
65.50 	 0.0000 	 0.9340 	 19 	 5 
65.60 	 0.0000 	 0.9331 	 19 	 8 
65.70 	 0.0000 	 0.9334 	 19 	 2 
65.80 	 0.0000 	 0.9316 	 0 	 6 
65.90 	 0.0000 	 0.9321 	 0 	 6 
66.00 	 2.7778 	 0.9322 	 0 	 13 
66.10 	 0.0000 	 0.9331 	 0 	 13 
66.20 	 0.0000 	 0.9334 	 0 	 14 
66.30 	 2.7778 	 0.9342 	 0 	 7 
66.40 	 2.7778 	 0.9356 	 0 	 18 
66.50 	 0.0000 	 0.9369 	 0 	 15 
66.60 	 0.0000 	 0.9375 	 0 	 8 
66.70 	 0.0000 	 0.9390 	 0 	 8 
66.80 	 0.0000 	 0.9394 	 0 	 8 
66.90 	 0.0000 	 0.9390 	 0 	 9 
67.00 	 0.0000 	 0.9400 	 0 	 9 
67.10 	 0.0000 	 0.9382 	 0 	 10 
67.20 	 2.7778 	 0.9393 	 0 	 10 
67.30 	 0.0000 	 0.9398 	 0 	 6 
67.40 	 2.7778 	 0.9400 	 0 	 7 
67.50 	 2.7778 	 0.9419 	 0 	 14 
67.60 	 0.0000 	 0.9437 	 0 	 9 
67.70 	 0.0000 	 0.9455 	 0 	 9 
67.80 	 0.0000 	 0.9456 	 0 	 9 
67.90 	 0.0000 	 0.9458 	 0 	 9 
68.00 	 0.0000 	 0.9451 	 0 	 9 
68.10 	 0.0000 	 0.9469 	 0 	 6 
68.20 	 0.0000 	 0.9474 	 0 	 3 
68.30 	 2.7778 	 0.9483 	 0 	 9 
68.40 	 0.0000 	 0.9471 	 0 	 10 
68.50 	 2.7778 	 0.9473 	 1 	 7 
68.60 	 2.7778 	 0.9473 	 1 	 14 
68.70 	 0.0000 	 0.9450 	 1 	 14 
68.80 	 0.0000 	 0.9436 	 1 	 3 
68.90 	 0.0000 	 0.9423 	 1 	 3 
69.00 	 0.0000 	 0.9408 	 1 	 9 
69.10 	 0.0000 	 0.9414 	 1 	 3 
69.20 	 0.0000 	 0.9412 	 1 	 3 
69.30 	 0.0000 	 0.9411 	 1 	 3 
69.40 	 0.0000 	 0.9394 	 1 	 0 
69.50 	 5.5556 	 0.9385 	 1 	 7 
69.60 	 0.0000 	 0.9381 	 1 	 7 
69.70 	 2.7778 	 0.9372 	 1 	 10 
69.80 	 0.0000 	 0.9375 	 1 	 10 
69.90 	 0.0000 	 0.9380 	 1 	 11 
70.00 	 0.0000 	 0.9403 	 1 	 11 
70.10 	 0.0000 	 0.9425 	 1 	 14 
70.20 	 0.0000 	 0.9446 	 1 	 3 
70.30 	 0.0000 	 0.9474 	 1 	 9 
70.40 	 0.0000 	 0.9487 	 1 	 9 
70.50 	 0.0000 	 0.9475 	 1 	 4 
70.60 	 5.5556 	 0.9457 	 1 	 10 
70.70 	 0.0000 	 0.9434 	 1 	 7 
70.80 	 2.7778 	 0.9420 	 2 	 10 
70.90 	 0.0000 	 0.9410 	 2 	 4 
71.00 	 0.0000 	 0.9409 	 2 	 4 
71.10 	 0.0000 	 0.9391 	 2 	 10 
71.20 	 0.0000 	 0.9399 	 2 	 11 
71.30 	 0.0000 	 0.9405 	 2 	 15 
71.40 	 0.0000 	 0.9383 	 2 	 15 
71.50 	 0.0000 	 0.9381 	 2 	 0 
71.60 	 0.0000 	 0.9372 	 2 	 0 
71.70 	 2.7778 	 0.9388 	 2 	 4 
71.80 	 2.7778 	 0.9386 	 2 	 4 
71.90 	 0.0000 	 0.9385 	 2 	 4 
72.00 	 2.7778 	 0.9384 	 2 	 7 
72.10 	 0.0000 	 0.9385 	 2 	 8 
72.20 	 0.0000 	 0.9391 	 2 	 8 
72.30 	 0.0000 	 0.9387 	 2 	 5 
72.40 	 0.0000 	 0.9377 	 2 	 11 
72.50 	 0.0000 	 0.9388 	 2 	 11 
72.60 	 0.0000 	 0.9389 	 2 	 0 
72.70 	 0.0000 	 0.9402 	 2 	 0 
72.80 	 0.0000 	 0.9397 	 2 	 0 
72.90 	 2.7778 	 0.9390 	 2 	 4 
73.00 	 2.7778 	 0.9396 	 2 	 10 
73.10 	 2.7778 	 0.9408 	 2 	 10 
73.20 	 0.0000 	 0.9372 	 2 	 5 
73.30 	 0.0000 	 0.9349 	 2 	 5 
73.40 	 0.0000 	 0.9344 	 3 	 11 
73.50 	 0.0000 	 0.9346 	 3 	 8 
73.60 	 0.0000 	 0.9334 	 3 	 5 
73.70 	 0.0000 	 0.9340 	 3 	 5 
73.80 	 0.0000 	 0.9350 	 3 	 0 
73.90 	 0.0000 	 0.9365 	 3 	 0 
74.00 	 5.5556 	 0.9388 	 3 	 9 
74.10 	 2.7778 	 0.9400 	 3 	 1 
74.20 	 0.0000 	 0.9401 	 3 	 1 
74.30 	 0.0000 	 0.9404 	 3 	 5 
74.40 	 0.0000 	 0.9382 	 3 	 5 
74.50 	 0.0000 	 0.9392 	 3 	 11 
74.60 	 0.0000 	 0.9398 	 3 	 11 
74.70 	 0.0000 	 0.9396 	 3 	 11 
74.80 	 2.7778 	 0.9388 	 3 	 9 
74.90 	 0.0000 	 0.9371 	 3 	 0 
75.00 	 0.0000 	 0.9361 	 3 	 0 
75.10 	 0.0000 	 0.9361 	 3 	 12 
75.20 	 2.7778 	 0.9381 	 3 	 16 
75.30 	 2.7778 	 0.9380 	 3 	 1 
75.40 	 0.0000 	 0.9368 	 3 	 1 
75.50 	 0.0000 	 0.9387 	 3 	 5 
75.60 	 0.0000 	 0.9381 	 3 	 5 
75.70 	 2.7778 	 0.9398 	 3 	 15 
75.80 	 0.0000 	 0.9428 	 3 	 6 
75.90 	 0.0000 	 0.9434 	 3 	 11 
76.00 	 2.7778 	 0.9420 	 4 	 6 
76.10 	 0.0000 	 0.9407 	 4 	 6 
76.20 	 2.7778 	 0.9384 	 4 	 12 
76.30 	 0.0000 	 0.9373 	 4 	 1 
76.40 	 0.0000 	 0.9379 	 4 	 1 
76.50 	 2.7778 	 0.9391 	 4 	 1 
76.60 	 0.0000 	 0.9389 	 4 	 5 
76.70 	 0.0000 	 0.9381 	 4 	 10 
76.80 	 0.0000 	 0.9389 	 4 	 2 
76.90 	 0.0000 	 0.9369 	 4 	 0 
77.00 	 2.7778 	 0.9370 	 4 	 6 
77.10 	 0.0000 	 0.9378 	 4 	 6 
77.20 	 0.0000 	 0.9371 	 4 	 6 
77.30 	 0.0000 	 0.9352 	 4 	 6 
77.40 	 2.7778 	 0.9344 	 4 	 12 
77.50 	 2.7778 	 0.9351 	 4 	 1 
77.60 	 0.0000 	 0.9335 	 4 	 1 
77.70 	 0.0000 	 0.9323 	 4 	 1 
77.80 	 0.0000 	 0.9306 	 4 	 2 
77.90 	 0.0000 	 0.9304 	 4 	 2 
78.00 	 0.0000 	 0.9301 	 4 	 10 
78.10 	 0.0000 	 0.9304 	 4 	 6 
78.20 	 2.7778 	 0.9323 	 4 	 6 
78.30 	 2.7778 	 0.9321 	 4 	 9 
78.40 	 0.0000 	 0.9326 	 4 	 0 
78.50 	 2.7778 	 0.9301 	 4 	 1 
78.60 	 0.0000 	 0.9309 	 4 	 4 
78.70 	 0.0000 	 0.9296 	 5 	 12 
78.80 	 0.0000 	 0.9285 	 5 	 2 
78.90 	 0.0000 	 0.9286 	 5 	 7 
79.00 	 2.7778 	 0.9284 	 5 	 13 
79.10 	 0.0000 	 0.9261 	 5 	 2 
79.20 	 0.0000 	 0.9255 	 5 	 2 
79.30 	 0.0000 	 0.9229 	 5 	 6 
79.40 	 2.7778 	 0.9224 	 5 	 3 
79.50 	 2.7778 	 0.9217 	 5 	 1 
79.60 	 0.0000 	 0.9237 	 5 	 1 
79.70 	 0.0000 	 0.9247 	 5 	 7 
79.80 	 0.0000 	 0.9267 	 5 	 7 
79.90 	 0.0000 	 0.9254 	 5 	 7 
80.00 	 2.7778 	 0.9258 	 5 	 2 
80.10 	 2.7778 	 0.9277 	 5 	 2 
80.20 	 0.0000 	 0.9278 	 5 	 2 
80.30 	 0.0000 	 0.9283 	 5 	 2 
80.40 	 0.0000 	 0.9283 	 5 	 8 
80.50 	 0.0000 	 0.9292 	 5 	 19 
80.60 	 0.0000 	 0.9302 	 5 	 3 
80.70 	 0.0000 	 0.9304 	 5 	 0 
80.80 	 2.7778 	 0.9324 	 5 	 1 
80.90 	 0.0000 	 0.9340 	 5 	 7 
81.00 	 5.5556 	 0.9331 	 5 	 1 
81.10 	 0.0000 	 0.9355 	 5 	 1 
81.20 	 0.0000 	 0.9352 	 5 	 2 
81.30 	 0.0000 	 0.9371 	 5 	 5 
81.40 	 0.0000 	 0.9371 	 6 	 13 
81.50 	 0.0000 	 0.9375 	 6 	 3 
81.60 	 0.0000 	 0.9388 	 6 	 3 
81.70 	 0.0000 	 0.9402 	 6 	 3 
81.80 	 0.0000 	 0.9385 	 6 	 0 
81.90 	 0.0000 	 0.9378 	 6 	 0 
82.00 	 2.7778 	 0.9378 	 6 	 17 
82.10 	 0.0000 	 0.9379 	 6 	 0 
82.20 	 5.5556 	 0.9396 	 6 	 2 
82.30 	 0.0000 	 0.9413 	 6 	 2 
82.40 	 0.0000 	 0.9445 	 6 	 18 
82.50 	 0.0000 	 0.9442 	 6 	 5 
82.60 	 0.0000 	 0.9441 	 6 	 8 
82.70 	 0.0000 	 0.9468 	 6 	 8 
82.80 	 0.0000 	 0.9441 	 6 	 3 
82.90 	 0.0000 	 0.9427 	 6 	 3 
83.00 	 0.0000 	 0.9425 	 6 	 11 
83.10 	 0.0000 	 0.9410 	 6 	 0 
83.20 	 2.7778 	 0.9401 	 6 	 0 
83.30 	 0.0000 	 0.9398 	 6 	 0 
83.40 	 5.5556 	 0.9410 	 6 	 2 
83.50 	 0.0000 	 0.9411 	 6 	 2 
83.60 	 0.0000 	 0.9423 	 6 	 18 
83.70 	 0.0000 	 0.9421 	 6 	 5 
83.80 	 0.0000 	 0.9413 	 6 	 8 
83.90 	 2.7778 	 0.9391 	 6 	 8 
84.00 	 0.0000 	 0.9404 	 6 	 3 
84.10 	 0.0000 	 0.9411 	 6 	 6 
84.20 	 0.0000 	 0.9404 	 7 	 4 
84.30 	 0.0000 	 0.9369 	 7 	 4 
84.40 	 0.0000 	 0.9360 	 7 	 0 
84.50 	 0.0000 	 0.9341 	 7 	 0 
84.60 	 5.5556 	 0.9306 	 7 	 2 
84.70 	 0.0000 	 0.9306 	 7 	 13 
84.80 	 2.7778 	 0.9317 	 7 	 1 
84.90 	 0.0000 	 0.9310 	 7 	 5 
85.00 	 0.0000 	 0.9285 	 7 	 3 
85.10 	 0.0000 	 0.9300 	 7 	 3 
85.20 	 0.0000 	 0.9289 	 7 	 6 
85.30 	 0.0000 	 0.9294 	 7 	 6 
85.40 	 2.7778 	 0.9302 	 7 	 9 
85.50 	 0.0000 	 0.9275 	 7 	 9 
85.60 	 0.0000 	 0.9275 	 7 	 4 
85.70 	 2.7778 	 0.9257 	 7 	 4 
85.80 	 0.0000 	 0.9247 	 7 	 1 
85.90 	 0.0000 	 0.9243 	 7 	 5 
86.00 	 2.7778 	 0.9246 	 7 	 3 
86.10 	 2.7778 	 0.9244 	 7 	 3 
86.20 	 0.0000 	 0.9224 	 7 	 3 
86.30 	 0.0000 	 0.9245 	 7 	 19 
86.40 	 0.0000 	 0.9260 	 7 	 19 
86.50 	 0.0000 	 0.9272 	 7 	 0 
86.60 	 0.0000 	 0.9283 	 7 	 9 
86.70 	 0.0000 	 0.9306 	 7 	 0 
86.80 	 2.7778 	 0.9305 	 7 	 4 
86.90 	 0.0000 	 0.9314 	 7 	 7 
87.00 	 0.0000 	 0.9334 	 8 	 5 
87.10 	 2.7778 	 0.9346 	 8 	 1 
87.20 	 2.7778 	 0.9335 	 8 	 1 
87.30 	 0.0000 	 0.9339 	 8 	 2 
87.40 	 0.0000 	 0.9320 	 8 	 2 
87.50 	 0.0000 	 0.9313 	 8 	 2 
87.60 	 0.0000 	 0.9318 	 8 	 0 
87.70 	 0.0000 	 0.9319 	 8 	 0 
87.80 	 0.0000 	 0.9300 	 8 	 0 
87.90 	 2.7778 	 0.9292 	 8 	 4 
88.00 	 2.7778 	 0.9275 	 8 	 1 
88.10 	 0.0000 	 0.9260 	 8 	 10 
88.20 	 0.0000 	 0.9253 	 8 	 10 
88.30 	 2.7778 	 0.9227 	 8 	 3 
88.40 	 0.0000 	 0.9211 	 8 	 3 
88.50 	 0.0000 	 0.9173 	 8 	 2 
88.60 	 0.0000 	 0.9160 	 8 	 2 
88.70 	 0.0000 	 0.9142 	 8 	 3 
88.80 	 0.0000 	 0.9135 	 8 	 4 
88.90 	 0.0000 	 0.9135 	 8 	 0 
89.00 	 2.7778 	 0.9143 	 8 	 0 
89.10 	 0.0000 	 0.9140 	 8 	 0 
89.20 	 2.7778 	 0.9136 	 8 	 3 
89.30 	 2.7778 	 0.9142 	 8 	 10 
89.40 	 0.0000 	 0.9124 	 8 	 3 
89.50 	 0.0000 	 0.9132 	 8 	 3 
89.60 	 0.0000 	 0.9125 	 8 	 5 
89.70 	 0.0000 	 0.9137 	 8 	 2 
89.80 	 0.0000 	 0.9146 	 9 	 2 
89.90 	 2.7778 	 0.9169 	 9 	 2 
90.00 	 0.0000 	 0.9175 	 9 	 4 
90.10 	 0.0000 	 0.9176 	 9 	 0 
90.20 	 0.0000 	 0.9195 	 9 	 0 
90.30 	 0.0000 	 0.9225 	 9 	 0 
90.40 	 5.5556 	 0.9223 	 9 	 1 
90.50 	 0.0000 	 0.9234 	 9 	 17 
90.60 	 0.0000 	 0.9230 	 9 	 4 
90.70 	 0.0000 	 0.9223 	 9 	 5 
90.80 	 0.0000 	 0.9238 	 9 	 11 
90.90 	 2.7778 	 0.9229 	 9 	 19 
91.00 	 0.0000 	 0.9219 	 9 	 2 
91.10 	 0.0000 	 0.9214 	 9 	 0 
91.20 	 0.0000 	 0.9199 	 9 	 6 
91.30 	 0.0000 	 0.9215 	 9 	 0 
91.40 	 0.0000 	 0.9214 	 9 	 0 
91.50 	 0.0000 	 0.9200 	 9 	 0 
91.60 	 5.5556 	 0.9191 	 9 	 1 
91.70 	 2.7778 	 0.9190 	 9 	 17 
91.80 	 0.0000 	 0.9188 	 9 	 1 
91.90 	 0.0000 	 0.9184 	 9 	 18 
92.00 	 0.0000 	 0.9175 	 9 	 2 
92.10 	 0.0000 	 0.9177 	 9 	 19 
92.20 	 0.0000 	 0.9194 	 9 	 4 
92.30 	 0.0000 	 0.9198 	 9 	 0 
92.40 	 0.0000 	 0.9197 	 9 	 0 
92.50 	 0.0000 	 0.9203 	 10 	 0 
92.60 	 0.0000 	 0.9213 	 10 	 3 
92.70 	 8.3333 	 0.9205 	 10 	 1 
92.80 	 0.0000 	 0.9196 	 10 	 1 
92.90 	 0.0000 	 0.9180 	 10 	 1 
93.00 	 0.0000 	 0.9175 	 10 	 1 
93.10 	 0.0000 	 0.9157 	 10 	 4 
93.20 	 0.0000 	 0.9119 	 10 	 18 
93.30 	 0.0000 	 0.9103 	 10 	 2 
93.40 	 0.0000 	 0.9088 	 10 	 0 
93.50 	 0.0000 	 0.9072 	 10 	 0 
93.60 	 0.0000 	 0.9055 	 10 	 0 
93.70 	 2.7778 	 0.9072 	 10 	 3 
93.80 	 0.0000 	 0.9060 	 10 	 3 
93.90 	 5.5556 	 0.9049 	 10 	 7 
94.00 	 0.0000 	 0.9060 	 10 	 7 
94.10 	 0.0000 	 0.9042 	 10 	 4 
94.20 	 0.0000 	 0.9044 	 10 	 4 
94.30 	 0.0000 	 0.9041 	 10 	 18 
94.40 	 0.0000 	 0.9051 	 10 	 2 
94.50 	 0.0000 	 0.9046 	 10 	 2 
94.60 	 0.0000 	 0.9069 	 10 	 0 
94.70 	 0.0000 	 0.9081 	 10 	 0 
94.80 	 0.0000 	 0.9085 	 10 	 0 
94.90 	 2.7778 	 0.9089 	 10 	 0 
95.00 	 0.0000 	 0.9098 	 10 	 0 
95.10 	 5.5556 	 0.9114 	 10 	 1 
95.20 	 0.0000 	 0.9097 	 10 	 1 
95.30 	 0.0000 	 0.9082 	 11 	 4 
95.40 	 0.0000 	 0.9099 	 11 	 4 
95.50 	 0.0000 	 0.9078 	 11 	 4 
95.60 	 0.0000 	 0.9086 	 11 	 2 
95.70 	 0.0000 	 0.9078 	 11 	 2 
95.80 	 0.0000 	 0.9066 	 11 	 0 
95.90 	 0.0000 	 0.9065 	 11 	 19 
96.00 	 5.5556 	 0.9059 	 11 	 3 
96.10 	 0.0000 	 0.9057 	 11 	 0 
96.20 	 0.0000 	 0.9040 	 11 	 0 
96.30 	 2.7778 	 0.9035 	 11 	 1 
96.40 	 0.0000 	 0.9051 	 11 	 4 
96.50 	 0.0000 	 0.9031 	 11 	 0 
96.60 	 0.0000 	 0.9023 	 11 	 4 
96.70 	 2.7778 	 0.9027 	 11 	 4 
96.80 	 2.7778 	 0.9036 	 11 	 4 
96.90 	 0.0000 	 0.9032 	 11 	 2 
97.00 	 0.0000 	 0.9047 	 11 	 5 
97.10 	 0.0000 	 0.9066 	 11 	 19 
97.20 	 0.0000 	 0.9060 	 11 	 16 
97.30 	 0.0000 	 0.9072 	 11 	 0 
97.40 	 0.0000 	 0.9083 	 11 	 0 
97.50 	 0.0000 	 0.9082 	 11 	 0 
97.60 	 5.5556 	 0.9082 	 11 	 1 
97.70 	 2.7778 	 0.9081 	 11 	 1 
97.80 	 0.0000 	 0.9079 	 11 	 1 
97.90 	 0.0000 	 0.9071 	 11 	 1 
98.00 	 0.0000 	 0.9072 	 12 	 2 
98.10 	 0.0000 	 0.9085 	 12 	 2 
98.20 	 0.0000 	 0.9091 	 12 	 5 
98.30 	 0.0000 	 0.9106 	 12 	 16 
98.40 	 0.0000 	 0.9097 	 12 	 5 
98.50 	 0.0000 	 0.9076 	 12 	 0 
98.60 	 0.0000 	 0.9060 	 12 	 0 
98.70 	 2.7778 	 0.9059 	 12 	 0 
98.80 	 2.7778 	 0.9063 	 12 	 1 
98.90 	 2.7778 	 0.9066 	 12 	 1 
99.00 	 0.0000 	 0.9066 	 12 	 1 
99.10 	 0.0000 	 0.9070 	 12 	 1 
99.20 	 0.0000 	 0.9060 	 12 	 2 
99.30 	 2.7778 	 0.9062 	 12 	 1 
99.40 	 0.0000 	 0.9078 	 12 	 1 
99.50 	 0.0000 	 0.9075 	 12 	 9 
99.60 	 0.0000 	 0.9066 	 12 	 5 
99.70 	 0.0000 	 0.9066 	 12 	 5 
99.80 	 0.0000 	 0.9061 	 12 	 0 
99.90 	 0.0000 	 0.9049 	 12 	 0 
100.00 	 0.0000 	 0.9028 	 12 	 0 
100.10 	 8.3333 	 0.9014 	 12 	 1 
100.20 	 0.0000 	 0.9010 	 12 	 1 
100.30 	 0.0000 	 0.9001 	 12 	 1 
100.40 	 0.0000 	 0.9005 	 12 	 4 
100.50 	 0.0000 	 0.9003 	 12 	 1 
100.60 	 0.0000 	 0.8998 	 12 	 2 
100.70 	 2.7778 	 0.9010 	 13 	 2 
100.80 	 0.0000 	 0.9019 	 13 	 2 
100.90 	 0.0000 	 0.9010 	 13 	 0 
101.00 	 0.0000 	 0.8997 	 13 	 17 
101.10 	 0.0000 	 0.9012 	 13 	 0 
101.20 	 0.0000 	 0.9021 	 13 	 0 
101.30 	 2.7778 	 0.9029 	 13 	 6 
101.40 	 2.7778 	 0.9033 	 13 	 1 
101.50 	 2.7778 	 0.9025 	 13 	 1 
101.60 	 0.0000 	 0.9032 	 13 	 1 
101.70 	 0.0000 	 0.9038 	 13 	 1 
101.80 	 0.0000 	 0.9018 	 13 	 2 
101.90 	 0.0000 	 0.9019 	 13 	 2 
102.00 	 0.0000 	 0.9018 	 13 	 3 
102.10 	 0.0000 	 0.9029 	 13 	 0 
102.20 	 0.0000 	 0.9023 	 13 	 0 
102.30 	 0.0000 	 0.9034 	 13 	 0 
102.40 	 0.0000 	 0.9014 	 13 	 0 
102.50 	 2.7778 	 0.9027 	 13 	 6 
102.60 	 2.7778 	 0.9017 	 13 	 6 
102.70 	 2.7778 	 0.9014 	 13 	 1 
102.80 	 0.0000 	 0.9016 	 13 	 1 
102.90 	 0.0000 	 0.9000 	 13 	 1 
103.00 	 0.0000 	 0.8986 	 13 	 2 
103.10 	 0.0000 	 0.8989 	 13 	 2 
103.20 	 0.0000 	 0.8981 	 13 	 2 
103.30 	 0.0000 	 0.8974 	 13 	 5 
103.40 	 0.0000 	 0.8953 	 14 	 0 
103.50 	 0.0000 	 0.8950 	 14 	 3 
103.60 	 2.7778 	 0.8925 	 14 	 3 
103.70 	 0.0000 	 0.8933 	 14 	 3 
103.80 	 2.7778 	 0.8927 	 14 	 18 
103.90 	 2.7778 	 0.8917 	 14 	 1 
104.00 	 0.0000 	 0.8908 	 14 	 1 
104.10 	 0.0000 	 0.8885 	 14 	 1 
104.20 	 0.0000 	 0.8877 	 14 	 7 
104.30 	 0.0000 	 0.8881 	 14 	 2 
104.40 	 0.0000 	 0.8883 	 14 	 2 
104.50 	 0.0000 	 0.8882 	 14 	 2 
104.60 	 0.0000 	 0.8879 	 14 	 0 
104.70 	 0.0000 	 0.8867 	 14 	 0 
104.80 	 2.7778 	 0.8861 	 14 	 3 
104.90 	 0.0000 	 0.8871 	 14 	 3 
105.00 	 2.7778 	 0.8903 	 14 	 4 
105.10 	 2.7778 	 0.8919 	 14 	 1 
105.20 	 0.0000 	 0.8922 	 14 	 1 
105.30 	 0.0000 	 0.8918 	 14 	 1 
105.40 	 0.0000 	 0.8924 	 14 	 19 
105.50 	 0.0000 	 0.8933 	 14 	 2 
105.60 	 0.0000 	 0.8931 	 14 	 2 
105.70 	 0.0000 	 0.8933 	 14 	 0 
105.80 	 0.0000 	 0.8915 	 14 	 2 
105.90 	 0.0000 	 0.8927 	 14 	 11 
106.00 	 2.7778 	 0.8929 	 14 	 4 
106.10 	 2.7778 	 0.8941 	 15 	 3 
106.20 	 0.0000 	 0.8951 	 15 	 3 
106.30 	 2.7778 	 0.8957 	 15 	 1 
106.40 	 0.0000 	 0.8942 	 15 	 1 
106.50 	 0.0000 	 0.8938 	 15 	 1 
106.60 	 0.0000 	 0.8947 	 15 	 19 
106.70 	 0.0000 	 0.8945 	 15 	 2 
106.80 	 0.0000 	 0.8948 	 15 	 8 
106.90 	 0.0000 	 0.8935 	 15 	 0 
107.00 	 0.0000 	 0.8928 	 15 	 11 
107.10 	 0.0000 	 0.8910 	 15 	 3 
107.20 	 2.7778 	 0.8908 	 15 	 3 
107.30 	 2.7778 	 0.8905 	 15 	 6 
107.40 	 0.0000 	 0.8900 	 15 	 3 
107.50 	 2.7778 	 0.8890 	 15 	 1 
107.60 	 0.0000 	 0.8885 	 15 	 1 
107.70 	 0.0000 	 0.8888 	 15 	 1 
107.80 	 0.0000 	 0.8896 	 15 	 5 
107.90 	 0.0000 	 0.8898 	 15 	 5 
108.00 	 0.0000 	 0.8892 	 15 	 8 
108.10 	 0.0000 	 0.8886 	 15 	 0 
108.20 	 0.0000 	 0.8885 	 15 	 0 
108.30 	 0.0000 	 0.8874 	 15 	 6 
108.40 	 2.7778 	 0.8871 	 15 	 6 
108.50 	 2.7778 	 0.8882 	 15 	 3 
108.60 	 0.0000 	 0.8878 	 15 	 12 
108.70 	 2.7778 	 0.8886 	 15 	 1 
108.80 	 0.0000 	 0.8875 	 16 	 1 
108.90 	 0.0000 	 0.8870 	 16 	 1 
109.00 	 0.0000 	 0.8869 	 16 	 5 
109.10 	 0.0000 	 0.8877 	 16 	 4 
109.20 	 0.0000 	 0.8896 	 16 	 4 
109.30 	 0.0000 	 0.8907 	 16 	 2 
109.40 	 0.0000 	 0.8896 	 16 	 0 
109.50 	 0.0000 	 0.8888 	 16 	 0 
109.60 	 5.5556 	 0.8902 	 16 	 3 
109.70 	 0.0000 	 0.8909 	 16 	 3 
109.80 	 0.0000 	 0.8919 	 16 	 12 
109.90 	 2.7778 	 0.8890 	 16 	 1 
110.00 	 0.0000 	 0.8866 	 16 	 7 
110.10 	 0.0000 	 0.8868 	 16 	 4 
110.20 	 0.0000 	 0.8863 	 16 	 7 
110.30 	 0.0000 	 0.8879 	 16 	 4 
110.40 	 0.0000 	 0.8892 	 16 	 2 
110.50 	 2.7778 	 0.8904 	 16 	 5 
110.60 	 0.0000 	 0.8925 	 16 	 6 
110.70 	 0.0000 	 0.8928 	 16 	 0 
110.80 	 2.7778 	 0.8934 	 16 	 9 
110.90 	 0.0000 	 0.8938 	 16 	 3 
111.00 	 0.0000 	 0.8948 	 16 	 9 
111.10 	 5.5556 	 0.8948 	 16 	 1 
111.20 	 0.0000 	 0.8968 	 16 	 7 
111.30 	 0.0000 	 0.8981 	 16 	 13 
111.40 	 0.0000 	 0.8992 	 16 	 13 
111.50 	 0.0000 	 0.8991 	 16 	 2 
111.60 	 0.0000 	 0.8976 	 17 	 2 
111.70 	 0.0000 	 0.8957 	 17 	 4 
111.80 	 0.0000 	 0.8966 	 17 	 0 
111.90 	 2.7778 	 0.8970 	 17 	 6 
112.00 	 0.0000 	 0.8964 	 17 	 3 
112.10 	 2.7778 	 0.8963 	 17 	 1 
112.20 	 0.0000 	 0.8951 	 17 	 1 
112.30 	 2.7778 	 0.8931 	 17 	 1 
112.40 	 0.0000 	 0.8941 	 17 	 4 
112.50 	 0.0000 	 0.8917 	 17 	 13 
112.60 	 0.0000 	 0.8899 	 17 	 4 
112.70 	 0.0000 	 0.8890 	 17 	 4 
112.80 	 0.0000 	 0.8872 	 17 	 4 
112.90 	 0.0000 	 0.8852 	 17 	 8 
113.00 	 0.0000 	 0.8847 	 17 	 5 
113.10 	 2.7778 	 0.8849 	 17 	 5 
113.20 	 0.0000 	 0.8870 	 17 	 3 
113.30 	 2.7778 	 0.8875 	 17 	 1 
113.40 	 0.0000 	 0.8880 	 17 	 7 
113.50 	 2.7778 	 0.8878 	 17 	 1 
113.60 	 0.0000 	 0.8874 	 17 	 10 
113.70 	 0.0000 	 0.8882 	 17 	 4 
113.80 	 0.0000 	 0.8905 	 17 	 2 
113.90 	 0.0000 	 0.8912 	 17 	 2 
114.00 	 0.0000 	 0.8921 	 17 	 2 
114.10 	 0.0000 	 0.8933 	 17 	 14 
114.20 	 0.0000 	 0.8962 	 17 	 0 
114.30 	 2.7778 	 0.8974 	 17 	 5 
114.40 	 0.0000 	 0.8969 	 18 	 3 
114.50 	 2.7778 	 0.8979 	 18 	 3 
114.60 	 0.0000 	 0.8982 	 18 	 7 
114.70 	 2.7778 	 0.8988 	 18 	 1 
114.80 	 0.0000 	 0.8996 	 18 	 4 
114.90 	 0.0000 	 0.8994 	 18 	 2 
115.00 	 0.0000 	 0.8976 	 18 	 2 
115.10 	 0.0000 	 0.8967 	 18 	 2 
115.20 	 0.0000 	 0.8956 	 18 	 2 
115.30 	 0.0000 	 0.8957 	 18 	 5 
115.40 	 2.7778 	 0.8960 	 18 	 5 
115.50 	 0.0000 	 0.8957 	 18 	 9 
115.60 	 2.7778 	 0.8942 	 18 	 9 
115.70 	 0.0000 	 0.8931 	 18 	 6 
115.80 	 0.0000 	 0.8941 	 18 	 6 
115.90 	 2.7778 	 0.8929 	 18 	 7 
116.00 	 0.0000 	 0.8926 	 18 	 7 
116.10 	 0.0000 	 0.8932 	 18 	 2 
116.20 	 0.0000 	 0.8942 	 18 	 5 
116.30 	 0.0000 	 0.8963 	 18 	 5 
116.40 	 0.0000 	 0.8969 	 18 	 5 
116.50 	 0.0000 	 0.8988 	 18 	 5 
116.60 	 2.7778 	 0.8987 	 18 	 3 
116.70 	 0.0000 	 0.9004 	 18 	 3 
116.80 	 2.7778 	 0.9011 	 18 	 7 
116.90 	 0.0000 	 0.9004 	 18 	 6 
117.00 	 2.7778 	 0.8996 	 18 	 1 
117.10 	 0.0000 	 0.8987 	 18 	 1 
117.20 	 0.0000 	 0.8972 	 19 	 10 
117.30 	 0.0000 	 0.8975 	 19 	 7 
117.40 	 0.0000 	 0.8975 	 19 	 5 
117.50 	 0.0000 	 0.8980 	 19 	 2 
117.60 	 2.7778 	 0.8970 	 19 	 11 
117.70 	 0.0000 	 0.8962 	 19 	 3 
117.80 	 0.0000 	 0.8948 	 19 	 3 
117.90 	 0.0000 	 0.8940 	 19 	 3 
118.00 	 2.7778 	 0.8959 	 19 	 3 
118.10 	 0.0000 	 0.8952 	 19 	 6 
118.20 	 2.7778 	 0.8952 	 19 	 6 
118.30 	 2.7778 	 0.8941 	 19 	 1 
118.40 	 0.0000 	 0.8940 	 19 	 6 
118.50 	 0.0000 	 0.8935 	 19 	 7 
118.60 	 0.0000 	 0.8951 	 19 	 2 
118.70 	 0.0000 	 0.8961 	 19 	 2 
118.80 	 0.0000 	 0.8952 	 19 	 8 
118.90 	 0.0000 	 0.8931 	 19 	 8 
119.00 	 0.0000 	 0.8914 	 19 	 0 
119.10 	 0.0000 	 0.8904 	 19 	 6 
119.20 	 5.5556 	 0.8898 	 19 	 6 
119.30 	 0.0000 	 0.8889 	 19 	 6 
119.40 	 0.0000 	 0.8881 	 19 	 1 
119.50 	 2.7778 	 0.8872 	 19 	 1 
119.60 	 0.0000 	 0.8884 	 19 	 7 
119.70 	 0.0000 	 0.8876 	 19 	 7 
119.80 	 0.0000 	 0.8871 	 19 	 2 
119.90 	 0.0000 	 0.8868 	 0 	 2 
120.00 	 0.0000 	 0.8853 	 0 	 8 
120.10 	 0.0000 	 0.8845 	 0 	 0 
120.20 	 0.0000 	 0.8817 	 0 	 0 
120.30 	 2.7778 	 0.8811 	 0 	 6 
120.40 	 2.7778 	 0.8810 	 0 	 6 
120.50 	 0.0000 	 0.8798 	 0 	 4 
120.60 	 2.7778 	 0.8780 	 0 	 4 
120.70 	 0.0000 	 0.8766 	 0 	 4 
120.80 	 0.0000 	 0.8759 	 0 	 2 
120.90 	 0.0000 	 0.8761 	 0 	 2 
121.00 	 0.0000 	 0.8761 	 0 	 2 
121.10 	 0.0000 	 0.8759 	 0 	 7 
121.20 	 0.0000 	 0.8750 	 0 	 7 
121.30 	 0.0000 	 0.8746 	 0 	 0 
121.40 	 0.0000 	 0.8763 	 0 	 0 
121.50 	 5.5556 	 0.8751 	 0 	 3 
121.60 	 0.0000 	 0.8758 	 0 	 6 
121.70 	 0.0000 	 0.8756 	 0 	 4 
121.80 	 2.7778 	 0.8755 	 0 	 1 
121.90 	 0.0000 	 0.8746 	 0 	 7 
122.00 	 0.0000 	 0.8749 	 0 	 2 
122.10 	 0.0000 	 0.8758 	 0 	 2 
122.20 	 0.0000 	 0.8770 	 0 	 7 
122.30 	 0.0000 	 0.8782 	 0 	 7 
122.40 	 0.0000 	 0.8781 	 0 	 9 
122.50 	 0.0000 	 0.8792 	 0 	 0 
122.60 	 0.0000 	 0.8788 	 0 	 0 
122.70 	 5.5556 	 0.8799 	 1 	 3 
122.80 	 0.0000 	 0.8806 	 1 	 6 
122.90 	 0.0000 	 0.8806 	 1 	 8 
123.00 	 2.7778 	 0.8797 	 1 	 1 
123.10 	 0.0000 	 0.8803 	 1 	 4 
123.20 	 0.0000 	 0.8811 	 1 	 2 
123.30 	 0.0000 	 0.8823 	 1 	 7 
123.40 	 0.0000 	 0.8832 	 1 	 5 
123.50 	 0.0000 	 0.8819 	 1 	 5 
123.60 	 0.0000 	 0.8828 	 1 	 17 
123.70 	 0.0000 	 0.8833 	 1 	 17 
123.80 	 0.0000 	 0.8818 	 1 	 0 
123.90 	 5.5556 	 0.8818 	 1 	 3 
124.00 	 0.0000 	 0.8805 	 1 	 12 
124.10 	 0.0000 	 0.8783 	 1 	 8 
124.20 	 2.7778 	 0.8788 	 1 	 1 
124.30 	 0.0000 	 0.8787 	 1 	 4 
124.40 	 0.0000 	 0.8778 	 1 	 4 
124.50 	 0.0000 	 0.8774 	 1 	 4 
124.60 	 0.0000 	 0.8777 	 1 	 5 
124.70 	 0.0000 	 0.8758 	 1 	 2 
124.80 	 0.0000 	 0.8761 	 1 	 3 
124.90 	 0.0000 	 0.8768 	 1 	 0 
125.00 	 0.0000 	 0.8755 	 1 	 8 
125.10 	 5.5556 	 0.8739 	 1 	 8 
125.20 	 0.0000 	 0.8741 	 1 	 8 
125.30 	 0.0000 	 0.8737 	 1 	 18 
125.40 	 2.7778 	 0.8730 	 1 	 1 
125.50 	 0.0000 	 0.8737 	 2 	 4 
125.60 	 0.0000 	 0.8749 	 2 	 4 
125.70 	 0.0000 	 0.8766 	 2 	 4 
125.80 	 0.0000 	 0.8779 	 2 	 5 
125.90 	 0.0000 	 0.8796 	 2 	 2 
126.00 	 0.0000 	 0.8806 	 2 	 0 
126.10 	 0.0000 	 0.8808 	 2 	 0 
126.20 	 2.7778 	 0.8815 	 2 	 8 
126.30 	 2.7778 	 0.8831 	 2 	 8 
126.40 	 0.0000 	 0.8842 	 2 	 6 
126.50 	 0.0000 	 0.8846 	 2 	 4 
126.60 	 2.7778 	 0.8852 	 2 	 1 
126.70 	 0.0000 	 0.8874 	 2 	 13 
126.80 	 0.0000 	 0.8885 	 2 	 13 
126.90 	 0.0000 	 0.8895 	 2 	 4 
127.00 	 0.0000 	 0.8896 	 2 	 5 
127.10 	 0.0000 	 0.8910 	 2 	 2 
127.20 	 0.0000 	 0.8912 	 2 	 0 
127.30 	 0.0000 	 0.8918 	 2 	 0 
127.40 	 2.7778 	 0.8906 	 2 	 10 
127.50 	 2.7778 	 0.8891 	 2 	 3 
127.60 	 0.0000 	 0.8890 	 2 	 6 
127.70 	 2.7778 	 0.8894 	 2 	 1 
127.80 	 0.0000 	 0.8892 	 2 	 1 
127.90 	 0.0000 	 0.8879 	 2 	 4 
128.00 	 0.0000 	 0.8857 	 2 	 4 
128.10 	 0.0000 	 0.8845 	 2 	 9 
128.20 	 0.0000 	 0.8845 	 2 	 9 
128.30 	 0.0000 	 0.8833 	 3 	 14 
128.40 	 0.0000 	 0.8827 	 3 	 14 
128.50 	 0.0000 	 0.8815 	 3 	 0 
128.60 	 5.5556 	 0.8802 	 3 	 10 
128.70 	 0.0000 	 0.8797 	 3 	 3 
128.80 	 0.0000 	 0.8788 	 3 	 6 
128.90 	 2.7778 	 0.8781 	 3 	 1 
129.00 	 0.0000 	 0.8768 	 3 	 1 
129.10 	 0.0000 	 0.8762 	 3 	 9 
129.20 	 0.0000 	 0.8769 	 3 	 9 
129.30 	 0.0000 	 0.8771 	 3 	 9 
129.40 	 0.0000 	 0.8766 	 3 	 2 
129.50 	 0.0000 	 0.8759 	 3 	 14 
129.60 	 0.0000 	 0.8766 	 3 	 14 
129.70 	 0.0000 	 0.8780 	 3 	 0 
129.80 	 5.5556 	 0.8777 	 3 	 5 
129.90 	 0.0000 	 0.8785 	 3 	 3 
130.00 	 0.0000 	 0.8802 	 3 	 6 
130.10 	 2.7778 	 0.8826 	 3 	 1 
130.20 	 0.0000 	 0.8834 	 3 	 1 
130.30 	 0.0000 	 0.8831 	 3 	 11 
130.40 	 0.0000 	 0.8822 	 3 	 4 
130.50 	 0.0000 	 0.8824 	 3 	 4 
130.60 	 0.0000 	 0.8817 	 3 	 2 
130.70 	 0.0000 	 0.8803 	 3 	 5 
130.80 	 0.0000 	 0.8785 	 3 	 0 
130.90 	 0.0000 	 0.8792 	 3 	 0 
131.00 	 5.5556 	 0.8790 	 3 	 10 
131.10 	 0.0000 	 0.8779 	 3 	 3 
131.20 	 0.0000 	 0.8766 	 4 	 6 
131.30 	 2.7778 	 0.8759 	 4 	 1 
131.40 	 0.0000 	 0.8752 	 4 	 11 
131.50 	 0.0000 	 0.8759 	 4 	 16 
131.60 	 0.0000 	 0.8755 	 4 	 4 
131.70 	 0.0000 	 0.8747 	 4 	 4 
131.80 	 0.0000 	 0.8742 	 4 	 2 
131.90 	 0.0000 	 0.8741 	 4 	 10 
132.00 	 0.0000 	 0.8742 	 4 	 0 
132.10 	 2.7778 	 0.8739 	 4 	 5 
132.20 	 2.7778 	 0.8724 	 4 	 10 
132.30 	 0.0000 	 0.8732 	 4 	 3 
132.40 	 0.0000 	 0.8727 	 4 	 6 
132.50 	 2.7778 	 0.8737 	 4 	 1 
132.60 	 0.0000 	 0.8721 	 4 	 11 
132.70 	 0.0000 	 0.8724 	 4 	 11 
132.80 	 0.0000 	 0.8716 	 4 	 4 
132.90 	 0.0000 	 0.8719 	 4 	 4 
133.00 	 0.0000 	 0.8707 	 4 	 2 
133.10 	 0.0000 	 0.8714 	 4 	 0 
133.20 	 2.7778 	 0.8718 	 4 	 0 
133.30 	 2.7778 	 0.8737 	 4 	 15 
133.40 	 0.0000 	 0.8737 	 4 	 5 
133.50 	 0.0000 	 0.8749 	 4 	 3 
133.60 	 0.0000 	 0.8757 	 4 	 6 
133.70 	 2.7778 	 0.8761 	 4 	 1 
133.80 	 0.0000 	 0.8756 	 4 	 11 
133.90 	 0.0000 	 0.8774 	 4 	 6 
134.00 	 0.0000 	 0.8791 	 4 	 4 
134.10 	 2.7778 	 0.8805 	 4 	 4 
134.20 	 0.0000 	 0.8823 	 5 	 17 
134.30 	 0.0000 	 0.8814 	 5 	 17 
134.40 	 0.0000 	 0.8826 	 5 	 17 
134.50 	 2.7778 	 0.8838 	 5 	 5 
134.60 	 0.0000 	 0.8857 	 5 	 5 
134.70 	 0.0000 	 0.8852 	 5 	 3 
134.80 	 2.7778 	 0.8842 	 5 	 11 
134.90 	 0.0000 	 0.8829 	 5 	 11 
135.00 	 0.0000 	 0.8825 	 5 	 11 
135.10 	 0.0000 	 0.8841 	 5 	 6 
135.20 	 0.0000 	 0.8847 	 5 	 4 
135.30 	 2.7778 	 0.8849 	 5 	 4 
135.40 	 0.0000 	 0.8842 	 5 	 17 
135.50 	 0.0000 	 0.8843 	 5 	 12 
135.60 	 0.0000 	 0.8820 	 5 	 10 
135.70 	 2.7778 	 0.8826 	 5 	 5 
135.80 	 0.0000 	 0.8821 	 5 	 5 
135.90 	 0.0000 	 0.8817 	 5 	 3 
136.00 	 0.0000 	 0.8819 	 5 	 11 
136.10 	 2.7778 	 0.8800 	 5 	 16 
136.20 	 0.0000 	 0.8779 	 5 	 16 
136.30 	 0.0000 	 0.8775 	 5 	 6 
136.40 	 2.7778 	 0.8779 	 5 	 4 
136.50 	 0.0000 	 0.8792 	 5 	 2 
136.60 	 0.0000 	 0.8789 	 5 	 2 
136.70 	 0.0000 	 0.8778 	 5 	 7 
136.80 	 0.0000 	 0.8765 	 5 	 7 
136.90 	 2.7778 	 0.8751 	 5 	 5 
137.00 	 0.0000 	 0.8733 	 5 	 3 
137.10 	 0.0000 	 0.8733 	 6 	 18 
137.20 	 0.0000 	 0.8727 	 6 	 11 
137.30 	 2.7778 	 0.8712 	 6 	 11 
137.40 	 0.0000 	 0.8716 	 6 	 6 
137.50 	 0.0000 	 0.8709 	 6 	 6 
137.60 	 2.7778 	 0.8702 	 6 	 4 
137.70 	 0.0000 	 0.8701 	 6 	 12 
137.80 	 0.0000 	 0.8713 	 6 	 12 
137.90 	 0.0000 	 0.8711 	 6 	 17 
138.00 	 0.0000 	 0.8699 	 6 	 7 
138.10 	 2.7778 	 0.8699 	 6 	 5 
138.20 	 0.0000 	 0.8714 	 6 	 3 
138.30 	 0.0000 	 0.8730 	 6 	 3 
138.40 	 2.7778 	 0.8730 	 6 	 11 
138.50 	 0.0000 	 0.8725 	 6 	 11 
138.60 	 0.0000 	 0.8734 	 6 	 6 
138.70 	 0.0000 	 0.8737 	 6 	 4 
138.80 	 2.7778 	 0.8743 	 6 	 4 
138.90 	 0.0000 	 0.8741 	 6 	 12 
139.00 	 0.0000 	 0.8735 	 6 	 17 
139.10 	 0.0000 	 0.8736 	 6 	 17 
139.20 	 0.0000 	 0.8730 	 6 	 5 
139.30 	 2.7778 	 0.8738 	 6 	 5 
139.40 	 0.0000 	 0.8737 	 6 	 3 
139.50 	 0.0000 	 0.8736 	 6 	 3 
139.60 	 2.7778 	 0.8719 	 6 	 8 
139.70 	 0.0000 	 0.8701 	 6 	 6 
139.80 	 0.0000 	 0.8703 	 6 	 6 
139.90 	 2.7778 	 0.8698 	 7 	 4 
140.00 	 0.0000 	 0.8705 	 7 	 4 
140.10 	 0.0000 	 0.8704 	 7 	 12 
140.20 	 0.0000 	 0.8705 	 7 	 7 
140.30 	 0.0000 	 0.8711 	 7 	 7 
140.40 	 2.7778 	 0.8726 	 7 	 5 
140.50 	 0.0000 	 0.8725 	 7 	 5 
140.60 	 0.0000 	 0.8718 	 7 	 3 
140.70 	 0.0000 	 0.8723 	 7 	 3 
140.80 	 2.7778 	 0.8719 	 7 	 18 
140.90 	 0.0000 	 0.8723 	 7 	 6 
141.00 	 2.7778 	 0.8730 	 7 	 6 
141.10 	 0.0000 	 0.8733 	 7 	 4 
141.20 	 0.0000 	 0.8728 	 7 	 4 
141.30 	 0.0000 	 0.8718 	 7 	 12 
141.40 	 0.0000 	 0.8723 	 7 	 7 
141.50 	 0.0000 	 0.8721 	 7 	 0 
141.60 	 2.7778 	 0.8720 	 7 	 3 
141.70 	 0.0000 	 0.8713 	 7 	 3 
141.80 	 0.0000 	 0.8709 	 7 	 13 
141.90 	 2.7778 	 0.8710 	 7 	 3 
142.00 	 0.0000 	 0.8700 	 7 	 11 
142.10 	 0.0000 	 0.8705 	 7 	 6 
142.20 	 2.7778 	 0.8724 	 7 	 6 
142.30 	 0.0000 	 0.8728 	 7 	 4 
142.40 	 0.0000 	 0.8740 	 7 	 4 
142.50 	 0.0000 	 0.8739 	 7 	 12 
142.60 	 0.0000 	 0.8738 	 7 	 0 
142.70 	 2.7778 	 0.8756 	 7 	 7 
142.80 	 0.0000 	 0.8777 	 8 	 5 
142.90 	 0.0000 	 0.8793 	 8 	 0 
143.00 	 0.0000 	 0.8802 	 8 	 0 
143.10 	 2.7778 	 0.8820 	 8 	 3 
143.20 	 0.0000 	 0.8834 	 8 	 4 
143.30 	 0.0000 	 0.8837 	 8 	 4 
143.40 	 2.7778 	 0.8866 	 8 	 4 
143.50 	 0.0000 	 0.8892 	 8 	 19 
143.60 	 0.0000 	 0.8904 	 8 	 19 
143.70 	 0.0000 	 0.8919 	 8 	 12 
143.80 	 0.0000 	 0.8934 	 8 	 0 
143.90 	 2.7778 	 0.8937 	 8 	 15 
144.00 	 0.0000 	 0.8949 	 8 	 0 
144.10 	 0.0000 	 0.8953 	 8 	 0 
144.20 	 2.7778 	 0.8951 	 8 	 0 
144.30 	 2.7778 	 0.8969 	 8 	 1 
144.40 	 0.0000 	 0.8978 	 8 	 14 
144.50 	 0.0000 	 0.8998 	 8 	 14 
144.60 	 0.0000 	 0.8995 	 8 	 14 
144.70 	 2.7778 	 0.9011 	 8 	 19 
144.80 	 0.0000 	 0.9018 	 8 	 12 
144.90 	 0.0000 	 0.9010 	 8 	 12 
145.00 	 0.0000 	 0.9011 	 8 	 7 
145.10 	 0.0000 	 0.9008 	 8 	 0 
145.20 	 2.7778 	 0.9002 	 8 	 5 
145.30 	 0.0000 	 0.8998 	 8 	 13 
145.40 	 0.0000 	 0.8995 	 8 	 10 
145.50 	 2.7778 	 0.8988 	 8 	 1 
145.60 	 0.0000 	 0.8975 	 9 	 14 
145.70 	 0.0000 	 0.8980 	 9 	 14 
145.80 	 2.7778 	 0.8967 	 9 	 4 
145.90 	 0.0000 	 0.8951 	 9 	 12 
146.00 	 0.0000 	 0.8952 	 9 	 12 
146.10 	 0.0000 	 0.8943 	 9 	 0 
146.20 	 0.0000 	 0.8952 	 9 	 0 
146.30 	 2.7778 	 0.8946 	 9 	 3 
146.40 	 0.0000 	 0.8952 	 9 	 5 
146.50 	 0.0000 	 0.8941 	 9 	 4 
146.60 	 0.0000 	 0.8949 	 9 	 0 
146.70 	 2.7778 	 0.8946 	 9 	 4 
146.80 	 0.0000 	 0.8932 	 9 	 0 
146.90 	 2.7778 	 0.8925 	 9 	 6 
147.00 	 0.0000 	 0.8926 	 9 	 2 
147.10 	 0.0000 	 0.8922 	 9 	 2 
147.20 	 0.0000 	 0.8912 	 9 	 15 
147.30 	 0.0000 	 0.8896 	 9 	 15 
147.40 	 0.0000 	 0.8903 	 9 	 15 
147.50 	 2.7778 	 0.8908 	 9 	 5 
147.60 	 0.0000 	 0.8918 	 9 	 13 
147.70 	 0.0000 	 0.8930 	 9 	 13 
147.80 	 2.7778 	 0.8924 	 9 	 4 
147.90 	 2.7778 	 0.8920 	 9 	 4 
148.00 	 0.0000 	 0.8926 	 9 	 4 
148.10 	 0.0000 	 0.8940 	 9 	 4 
148.20 	 0.0000 	 0.8943 	 9 	 2 
148.30 	 0.0000 	 0.8947 	 9 	 2 
148.40 	 0.0000 	 0.8946 	 10 	 0 
148.50 	 2.7778 	 0.8959 	 10 	 15 
148.60 	 0.0000 	 0.8972 	 10 	 15 
148.70 	 2.7778 	 0.8958 	 10 	 5 
148.80 	 0.0000 	 0.8952 	 10 	 13 
148.90 	 2.7778 	 0.8956 	 10 	 13 
149.00 	 0.0000 	 0.8943 	 10 	 4 
149.10 	 0.0000 	 0.8928 	 10 	 4 
149.20 	 0.0000 	 0.8932 	 10 	 4 
149.30 	 2.7778 	 0.8922 	 10 	 1 
149.40 	 0.0000 	 0.8927 	 10 	 2 
149.50 	 0.0000 	 0.8915 	 10 	 2 
149.60 	 2.7778 	 0.8898 	 10 	 5 
149.70 	 0.0000 	 0.8899 	 10 	 3 
149.80 	 0.0000 	 0.8910 	 10 	 3 
149.90 	 2.7778 	 0.8904 	 10 	 1 
150.00 	 0.0000 	 0.8893 	 10 	 1 
150.10 	 0.0000 	 0.8889 	 10 	 16 
150.20 	 0.0000 	 0.8891 	 10 	 16 
150.30 	 2.7778 	 0.8895 	 10 	 1 
150.40 	 0.0000 	 0.8883 	 10 	 1 
150.50 	 0.0000 	 0.8897 	 10 	 14 
150.60 	 0.0000 	 0.8900 	 10 	 5 
150.70 	 2.7778 	 0.8890 	 10 	 5 
150.80 	 0.0000 	 0.8882 	 10 	 5 
150.90 	 2.7778 	 0.8872 	 10 	 5 
151.00 	 0.0000 	 0.8883 	 10 	 3 
151.10 	 0.0000 	 0.8888 	 10 	 3 
151.20 	 0.0000 	 0.8885 	 11 	 1 
151.30 	 0.0000 	 0.8889 	 11 	 16 
151.40 	 0.0000 	 0.8897 	 11 	 4 
151.50 	 2.7778 	 0.8896 	 11 	 4 
151.60 	 0.0000 	 0.8910 	 11 	 4 
151.70 	 0.0000 	 0.8915 	 11 	 5 
151.80 	 0.0000 	 0.8912 	 11 	 5 
151.90 	 2.7778 	 0.8901 	 11 	 5 
152.00 	 0.0000 	 0.8903 	 11 	 5 
152.10 	 0.0000 	 0.8904 	 11 	 3 
152.20 	 2.7778 	 0.8900 	 11 	 3 
152.30 	 2.7778 	 0.8906 	 11 	 1 
152.40 	 0.0000 	 0.8900 	 11 	 1 
152.50 	 0.0000 	 0.8903 	 11 	 4 
152.60 	 0.0000 	 0.8906 	 11 	 2 
152.70 	 0.0000 	 0.8899 	 11 	 2 
152.80 	 0.0000 	 0.8892 	 11 	 2 
152.90 	 0.0000 	 0.8883 	 11 	 17 
153.00 	 0.0000 	 0.8865 	 11 	 17 
153.10 	 2.7778 	 0.8865 	 11 	 5 
153.20 	 2.7778 	 0.8865 	 11 	 1 
153.30 	 0.0000 	 0.8857 	 11 	 15 
153.40 	 0.0000 	 0.8858 	 11 	 3 
153.50 	 2.7778 	 0.8859 	 11 	 6 
153.60 	 0.0000 	 0.8856 	 11 	 6 
153.70 	 0.0000 	 0.8866 	 11 	 2 
153.80 	 0.0000 	 0.8859 	 11 	 4 
153.90 	 0.0000 	 0.8853 	 11 	 4 
154.00 	 0.0000 	 0.8833 	 12 	 4 
154.10 	 0.0000 	 0.8840 	 12 	 17 
154.20 	 0.0000 	 0.8835 	 12 	 0 
154.30 	 2.7778 	 0.8856 	 12 	 5 
154.40 	 2.7778 	 0.8866 	 12 	 5 
154.50 	 0.0000 	 0.8869 	 12 	 3 
154.60 	 2.7778 	 0.8873 	 12 	 3 
154.70 	 0.0000 	 0.8888 	 12 	 6 
154.80 	 0.0000 	 0.8886 	 12 	 6 
154.90 	 0.0000 	 0.8907 	 12 	 2 
155.00 	 0.0000 	 0.8891 	 12 	 4 
155.10 	 0.0000 	 0.8876 	 12 	 4 
155.20 	 0.0000 	 0.8865 	 12 	 4 
155.30 	 0.0000 	 0.8853 	 12 	 0 
155.40 	 0.0000 	 0.8840 	 12 	 0 
155.50 	 2.7778 	 0.8827 	 12 	 3 
155.60 	 2.7778 	 0.8831 	 12 	 3 
155.70 	 0.0000 	 0.8833 	 12 	 3 
155.80 	 2.7778 	 0.8829 	 12 	 1 
155.90 	 0.0000 	 0.8816 	 12 	 6 
156.00 	 0.0000 	 0.8800 	 12 	 2 
156.10 	 0.0000 	 0.8782 	 12 	 2 
156.20 	 0.0000 	 0.8787 	 12 	 2 
156.30 	 0.0000 	 0.8772 	 12 	 2 
156.40 	 0.0000 	 0.8768 	 12 	 4 
156.50 	 0.0000 	 0.8772 	 12 	 0 
156.60 	 2.7778 	 0.8775 	 12 	 3 
156.70 	 0.0000 	 0.8787 	 12 	 5 
156.80 	 2.7778 	 0.8778 	 13 	 5 
156.90 	 0.0000 	 0.8771 	 13 	 5 
157.00 	 2.7778 	 0.8775 	 13 	 1 
157.10 	 0.0000 	 0.8781 	 13 	 1 
157.20 	 0.0000 	 0.8773 	 13 	 6 
157.30 	 0.0000 	 0.8778 	 13 	 4 
157.40 	 0.0000 	 0.8772 	 13 	 4 
157.50 	 0.0000 	 0.8777 	 13 	 2 
157.60 	 0.0000 	 0.8772 	 13 	 3 
157.70 	 0.0000 	 0.8772 	 13 	 7 
157.80 	 2.7778 	 0.8767 	 13 	 7 
157.90 	 2.7778 	 0.8775 	 13 	 5 
158.00 	 0.0000 	 0.8789 	 13 	 5 
158.10 	 0.0000 	 0.8803 	 13 	 3 
158.20 	 2.7778 	 0.8809 	 13 	 1 
158.30 	 0.0000 	 0.8802 	 13 	 4 
158.40 	 0.0000 	 0.8811 	 13 	 4 
158.50 	 0.0000 	 0.8825 	 13 	 4 
158.60 	 0.0000 	 0.8818 	 13 	 4 
158.70 	 0.0000 	 0.8815 	 13 	 2 
158.80 	 0.0000 	 0.8799 	 13 	 4 
158.90 	 0.0000 	 0.8793 	 13 	 17 
159.00 	 2.7778 	 0.8801 	 13 	 3 
159.10 	 2.7778 	 0.8809 	 13 	 3 
159.20 	 0.0000 	 0.8810 	 13 	 3 
159.30 	 0.0000 	 0.8793 	 13 	 3 
159.40 	 2.7778 	 0.8788 	 13 	 1 
159.50 	 0.0000 	 0.8785 	 13 	 4 
159.60 	 0.0000 	 0.8795 	 13 	 4 
159.70 	 0.0000 	 0.8786 	 14 	 4 
159.80 	 0.0000 	 0.8776 	 14 	 6 
159.90 	 0.0000 	 0.8769 	 14 	 0 
160.00 	 0.0000 	 0.8758 	 14 	 0 
160.10 	 0.0000 	 0.8757 	 14 	 0 
160.20 	 2.7778 	 0.8754 	 14 	 5 
160.30 	 2.7778 	 0.8756 	 14 	 5 
160.40 	 0.0000 	 0.8751 	 14 	 3 
160.50 	 0.0000 	 0.8745 	 14 	 3 
160.60 	 2.7778 	 0.8731 	 14 	 1 
160.70 	 0.0000 	 0.8732 	 14 	 8 
160.80 	 0.0000 	 0.8744 	 14 	 4 
160.90 	 0.0000 	 0.8751 	 14 	 4 
161.00 	 0.0000 	 0.8759 	 14 	 6 
161.10 	 0.0000 	 0.8771 	 14 	 0 
161.20 	 0.0000 	 0.8772 	 14 	 0 
161.30 	 0.0000 	 0.8794 	 14 	 0 
161.40 	 2.7778 	 0.8798 	 14 	 5 
161.50 	 2.7778 	 0.8798 	 14 	 5 
161.60 	 0.0000 	 0.8810 	 14 	 3 
161.70 	 0.0000 	 0.8819 	 14 	 3 
161.80 	 2.7778 	 0.8826 	 14 	 1 
161.90 	 0.0000 	 0.8837 	 14 	 4 
162.00 	 0.0000 	 0.8850 	 14 	 4 
162.10 	 0.0000 	 0.8853 	 14 	 4 
162.20 	 0.0000 	 0.8843 	 14 	 4 
162.30 	 0.0000 	 0.8847 	 14 	 0 
162.40 	 0.0000 	 0.8835 	 15 	 0 
162.50 	 0.0000 	 0.8832 	 15 	 0 
162.60 	 2.7778 	 0.8811 	 15 	 5 
162.70 	 2.7778 	 0.8808 	 15 	 5 
162.80 	 2.7778 	 0.8814 	 15 	 18 
162.90 	 0.0000 	 0.8815 	 15 	 18 
163.00 	 0.0000 	 0.8833 	 15 	 1 
163.10 	 0.0000 	 0.8831 	 15 	 13 
163.20 	 0.0000 	 0.8831 	 15 	 4 
163.30 	 0.0000 	 0.8832 	 15 	 4 
163.40 	 0.0000 	 0.8843 	 15 	 4 
163.50 	 2.7778 	 0.8860 	 15 	 9 
163.60 	 0.0000 	 0.8873 	 15 	 2 
163.70 	 0.0000 	 0.8876 	 15 	 5 
163.80 	 2.7778 	 0.8879 	 15 	 5 
163.90 	 0.0000 	 0.8892 	 15 	 18 
164.00 	 2.7778 	 0.8895 	 15 	 18 
164.10 	 0.0000 	 0.8899 	 15 	 16 
164.20 	 0.0000 	 0.8913 	 15 	 16 
164.30 	 0.0000 	 0.8922 	 15 	 6 
164.40 	 2.7778 	 0.8919 	 15 	 4 
164.50 	 0.0000 	 0.8919 	 15 	 4 
164.60 	 0.0000 	 0.8928 	 15 	 2 
164.70 	 0.0000 	 0.8938 	 15 	 2 
164.80 	 0.0000 	 0.8955 	 15 	 2 
164.90 	 0.0000 	 0.8970 	 15 	 5 
165.00 	 5.5556 	 0.8955 	 15 	 5 
165.10 	 0.0000 	 0.8950 	 15 	 5 
165.20 	 0.0000 	 0.8946 	 15 	 5 
165.30 	 0.0000 	 0.8944 	 16 	 16 
165.40 	 0.0000 	 0.8945 	 16 	 1 
165.50 	 2.7778 	 0.8943 	 16 	 4 
165.60 	 0.0000 	 0.8939 	 16 	 19 
165.70 	 0.0000 	 0.8942 	 16 	 2 
165.80 	 0.0000 	 0.8940 	 16 	 2 
165.90 	 0.0000 	 0.8933 	 16 	 2 
166.00 	 0.0000 	 0.8928 	 16 	 0 
166.10 	 0.0000 	 0.8936 	 16 	 5 
166.20 	 5.5556 	 0.8942 	 16 	 1 
166.30 	 2.7778 	 0.8953 	 16 	 1 
166.40 	 0.0000 	 0.8960 	 16 	 10 
166.50 	 0.0000 	 0.8954 	 16 	 1 
166.60 	 0.0000 	 0.8956 	 16 	 19 
166.70 	 0.0000 	 0.8971 	 16 	 4 
166.80 	 0.0000 	 0.8952 	 16 	 2 
166.90 	 0.0000 	 0.8954 	 16 	 17 
167.00 	 0.0000 	 0.8951 	 16 	 17 
167.10 	 0.0000 	 0.8944 	 16 	 0 
167.20 	 2.7778 	 0.8968 	 16 	 2 
167.30 	 0.0000 	 0.8940 	 16 	 0 
167.40 	 5.5556 	 0.8930 	 16 	 1 
167.50 	 0.0000 	 0.8915 	 16 	 1 
167.60 	 0.0000 	 0.8897 	 16 	 3 
167.70 	 0.0000 	 0.8885 	 16 	 3 
167.80 	 0.0000 	 0.8877 	 16 	 11 
167.90 	 0.0000 	 0.8882 	 16 	 2 
168.00 	 0.0000 	 0.8871 	 17 	 6 
168.10 	 0.0000 	 0.8889 	 17 	 0 
168.20 	 0.0000 	 0.8885 	 17 	 0 
168.30 	 0.0000 	 0.8877 	 17 	 0 
168.40 	 2.7778 	 0.8874 	 17 	 2 
168.50 	 0.0000 	 0.8871 	 17 	 0 
168.60 	 5.5556 	 0.8867 	 17 	 1 
168.70 	 0.0000 	 0.8867 	 17 	 3 
168.80 	 0.0000 	 0.8857 	 17 	 3 
168.90 	 0.0000 	 0.8857 	 17 	 3 
169.00 	 0.0000 	 0.8863 	 17 	 6 
169.10 	 0.0000 	 0.8846 	 17 	 2 
169.20 	 0.0000 	 0.8843 	 17 	 2 
169.30 	 2.7778 	 0.8850 	 17 	 0 
169.40 	 0.0000 	 0.8848 	 17 	 0 
169.50 	 0.0000 	 0.8836 	 17 	 0 
169.60 	 0.0000 	 0.8824 	 17 	 18 
169.70 	 0.0000 	 0.8820 	 17 	 18 
169.80 	 5.5556 	 0.8826 	 17 	 18 
169.90 	 0.0000 	 0.8821 	 17 	 3 
170.00 	 0.0000 	 0.8823 	 17 	 3 
170.10 	 2.7778 	 0.8824 	 17 	 1 
170.20 	 0.0000 	 0.8819 	 17 	 1 
170.30 	 0.0000 	 0.8808 	 17 	 2 
170.40 	 0.0000 	 0.8809 	 17 	 2 
170.50 	 0.0000 	 0.8819 	 17 	 0 
170.60 	 0.0000 	 0.8825 	 17 	 0 
170.70 	 0.0000 	 0.8816 	 18 	 0 
170.80 	 0.0000 	 0.8822 	 18 	 18 
170.90 	 5.5556 	 0.8829 	 18 	 1 
171.00 	 2.7778 	 0.8822 	 18 	 1 
171.10 	 0.0000 	 0.8826 	 18 	 1 
171.20 	 0.0000 	 0.8828 	 18 	 3 
171.30 	 0.0000 	 0.8815 	 18 	 1 
171.40 	 0.0000 	 0.8821 	 18 	 1 
171.50 	 0.0000 	 0.8833 	 18 	 2 
171.60 	 0.0000 	 0.8830 	 18 	 4 
171.70 	 0.0000 	 0.8831 	 18 	 0 
171.80 	 0.0000 	 0.8830 	 18 	 0 
171.90 	 0.0000 	 0.8813 	 18 	 7 
172.00 	 0.0000 	 0.8823 	 18 	 7 
172.10 	 5.5556 	 0.8827 	 18 	 3 
172.20 	 2.7778 	 0.8806 	 18 	 1 
172.30 	 0.0000 	 0.8805 	 18 	 1 
172.40 	 0.0000 	 0.8796 	 18 	 19 
172.50 	 0.0000 	 0.8805 	 18 	 19 
172.60 	 0.0000 	 0.8813 	 18 	 19 
172.70 	 0.0000 	 0.8820 	 18 	 2 
172.80 	 0.0000 	 0.8814 	 18 	 0 
172.90 	 0.0000 	 0.8817 	 18 	 0 
173.00 	 0.0000 	 0.8799 	 18 	 0 
173.10 	 0.0000 	 0.8807 	 18 	 7 
173.20 	 0.0000 	 0.8804 	 18 	 0 
173.30 	 2.7778 	 0.8812 	 18 	 3 
173.40 	 5.5556 	 0.8821 	 18 	 1 
173.50 	 0.0000 	 0.8823 	 19 	 1 
173.60 	 0.0000 	 0.8821 	 19 	 1 
173.70 	 0.0000 	 0.8823 	 19 	 19 
173.80 	 0.0000 	 0.8815 	 19 	 4 
173.90 	 0.0000 	 0.8821 	 19 	 8 
174.00 	 0.0000 	 0.8825 	 19 	 2 
174.10 	 0.0000 	 0.8827 	 19 	 0 
174.20 	 0.0000 	 0.8841 	 19 	 0 
174.30 	 0.0000 	 0.8856 	 19 	 0 
174.40 	 0.0000 	 0.8856 	 19 	 0 
174.50 	 5.5556 	 0.8863 	 19 	 3 
174.60 	 2.7778 	 0.8870 	 19 	 1 
174.70 	 0.0000 	 0.8869 	 19 	 8 
174.80 	 0.0000 	 0.8861 	 19 	 8 
174.90 	 0.0000 	 0.8858 	 19 	 8 
175.00 	 0.0000 	 0.8867 	 19 	 8 
175.10 	 0.0000 	 0.8858 	 19 	 0 
175.20 	 0.0000 	 0.8850 	 19 	 0 
175.30 	 0.0000 	 0.8843 	 19 	 0 
175.40 	 0.0000 	 0.8855 	 19 	 0 
175.50 	 0.0000 	 0.8836 	 19 	 0 
175.60 	 0.0000 	 0.8828 	 19 	 0 
175.70 	 8.3333 	 0.8832 	 19 	 3 
175.80 	 0.0000 	 0.8828 	 19 	 3 
175.90 	 0.0000 	 0.8830 	 19 	 8 
176.00 	 0.0000 	 0.8828 	 19 	 8 
176.10 	 0.0000 	 0.8819 	 19 	 4 
176.20 	 0.0000 	 0.8816 	 19 	 4 
176.30 	 0.0000 	 0.8810 	 0 	 0 
176.40 	 0.0000 	 0.8813 	 0 	 0 
176.50 	 0.0000 	 0.8812 	 0 	 0 
176.60 	 0.0000 	 0.8796 	 0 	 0 
176.70 	 2.7778 	 0.8777 	 0 	 0 
176.80 	 2.7778 	 0.8765 	 0 	 3 
176.90 	 2.7778 	 0.8755 	 0 	 3 
177.00 	 0.0000 	 0.8746 	 0 	 3 
177.10 	 0.0000 	 0.8746 	 0 	 1 
177.20 	 0.0000 	 0.8744 	 0 	 1 
177.30 	 0.0000 	 0.8744 	 0 	 6 
177.40 	 0.0000 	 0.8747 	 0 	 2 
177.50 	 2.7778 	 0.8729 	 0 	 2 
177.60 	 0.0000 	 0.8732 	 0 	 9 
177.70 	 0.0000 	 0.8750 	 0 	 9 
177.80 	 0.0000 	 0.8745 	 0 	 9 
177.90 	 2.7778 	 0.8751 	 0 	 5 
178.00 	 2.7778 	 0.8739 	 0 	 1 
178.10 	 0.0000 	 0.8755 	 0 	 1 
178.20 	 0.0000 	 0.8755 	 0 	 1 
178.30 	 0.0000 	 0.8758 	 0 	 1 
178.40 	 2.7778 	 0.8767 	 0 	 1 
178.50 	 0.0000 	 0.8769 	 0 	 1 
178.60 	 0.0000 	 0.8787 	 0 	 4 
178.70 	 0.0000 	 0.8806 	 0 	 4 
178.80 	 0.0000 	 0.8808 	 0 	 4 
178.90 	 0.0000 	 0.8822 	 0 	 5 
179.00 	 0.0000 	 0.8834 	 0 	 5 
179.10 	 2.7778 	 0.8840 	 0 	 5 
179.20 	 2.7778 	 0.8863 	 1 	 1 
179.30 	 0.0000 	 0.8867 	 1 	 1 
179.40 	 0.0000 	 0.8862 	 1 	 1 
179.50 	 0.0000 	 0.8858 	 1 	 1 
179.60 	 2.7778 	 0.8851 	 1 	 1 
179.70 	 0.0000 	 0.8854 	 1 	 4 
179.80 	 0.0000 	 0.8865 	 1 	 4 
179.90 	 0.0000 	 0.8878 	 1 	 2 
180.00 	 0.0000 	 0.8871 	 1 	 2 
180.10 	 0.0000 	 0.8865 	 1 	 5 
180.20 	 0.0000 	 0.8870 	 1 	 0 
180.30 	 2.7778 	 0.8866 	 1 	 3 
180.40 	 2.7778 	 0.8872 	 1 	 10 
180.50 	 0.0000 	 0.8868 	 1 	 10 
180.60 	 0.0000 	 0.8873 	 1 	 10 
180.70 	 0.0000 	 0.8871 	 1 	 6 
180.80 	 2.7778 	 0.8856 	 1 	 1 
180.90 	 0.0000 	 0.8854 	 1 	 4 
181.00 	 0.0000 	 0.8854 	 1 	 2 
181.10 	 0.0000 	 0.8850 	 1 	 2 
181.20 	 0.0000 	 0.8823 	 1 	 2 
181.30 	 0.0000 	 0.8813 	 1 	 5 
181.40 	 0.0000 	 0.8816 	 1 	 15 
181.50 	 2.7778 	 0.8815 	 1 	 15 
181.60 	 2.7778 	 0.8807 	 1 	 10 
181.70 	 0.0000 	 0.8797 	 1 	 10 
181.80 	 0.0000 	 0.8806 	 1 	 3 
181.90 	 0.0000 	 0.8820 	 1 	 6 
182.00 	 2.7778 	 0.8811 	 1 	 6 
182.10 	 0.0000 	 0.8808 	 2 	 2 
182.20 	 0.0000 	 0.8802 	 2 	 14 
182.30 	 0.0000 	 0.8795 	 2 	 2 
182.40 	 0.0000 	 0.8776 	 2 	 2 
182.50 	 0.0000 	 0.8774 	 2 	 2 
182.60 	 0.0000 	 0.8777 	 2 	 5 
182.70 	 2.7778 	 0.8796 	 2 	 3 
182.80 	 2.7778 	 0.8799 	 2 	 3 
182.90 	 0.0000 	 0.8809 	 2 	 3 
183.00 	 0.0000 	 0.8815 	 2 	 3 
183.10 	 2.7778 	 0.8809 	 2 	 1 
183.20 	 0.0000 	 0.8813 	 2 	 1 
183.30 	 0.0000 	 0.8824 	 2 	 11 
183.40 	 0.0000 	 0.8811 	 2 	 14 
183.50 	 0.0000 	 0.8813 	 2 	 2 
183.60 	 0.0000 	 0.8827 	 2 	 2 
183.70 	 0.0000 	 0.8834 	 2 	 0 
183.80 	 0.0000 	 0.8835 	 2 	 0 
183.90 	 2.7778 	 0.8841 	 2 	 3 
184.00 	 2.7778 	 0.8833 	 2 	 3 
184.10 	 0.0000 	 0.8832 	 2 	 3 
184.20 	 2.7778 	 0.8833 	 2 	 1 
184.30 	 0.0000 	 0.8828 	 2 	 6 
184.40 	 0.0000 	 0.8839 	 2 	 1 
184.50 	 0.0000 	 0.8839 	 2 	 11 
184.60 	 0.0000 	 0.8839 	 2 	 2 
184.70 	 0.0000 	 0.8828 	 2 	 2 
184.80 	 0.0000 	 0.8827 	 2 	 7 
184.90 	 0.0000 	 0.8827 	 2 	 0 
185.00 	 0.0000 	 0.8827 	 3 	 3 
185.10 	 2.7778 	 0.8828 	 3 	 3 
185.20 	 2.7778 	 0.8822 	 3 	 3 
185.30 	 2.7778 	 0.8821 	 3 	 3 
185.40 	 0.0000 	 0.8806 	 3 	 1 
185.50 	 0.0000 	 0.8818 	 3 	 6 
185.60 	 0.0000 	 0.8796 	 3 	 1 
185.70 	 0.0000 	 0.8774 	 3 	 2 
185.80 	 0.0000 	 0.8776 	 3 	 2 
185.90 	 0.0000 	 0.8774 	 3 	 2 
186.00 	 0.0000 	 0.8777 	 3 	 7 
186.10 	 0.0000 	 0.8775 	 3 	 0 
186.20 	 0.0000 	 0.8773 	 3 	 3 
186.30 	 2.7778 	 0.8768 	 3 	 3 
186.40 	 5.5556 	 0.8771 	 3 	 1 
186.50 	 0.0000 	 0.8770 	 3 	 1 
186.60 	 0.0000 	 0.8762 	 3 	 1 
186.70 	 0.0000 	 0.8757 	 3 	 1 
186.80 	 0.0000 	 0.8759 	 3 	 1 
186.90 	 0.0000 	 0.8759 	 3 	 2 
187.00 	 0.0000 	 0.8753 	 3 	 2 
187.10 	 0.0000 	 0.8748 	 3 	 2 
187.20 	 0.0000 	 0.8740 	 3 	 7 
187.30 	 0.0000 	 0.8728 	 3 	 0 
187.40 	 0.0000 	 0.8711 	 3 	 0 
187.50 	 5.5556 	 0.8711 	 3 	 3 
187.60 	 2.7778 	 0.8723 	 3 	 1 
187.70 	 0.0000 	 0.8733 	 3 	 8 
187.80 	 0.0000 	 0.8724 	 3 	 16 
187.90 	 0.0000 	 0.8710 	 3 	 1 
188.00 	 0.0000 	 0.8693 	 4 	 4 
188.10 	 0.0000 	 0.8678 	 4 	 4 
188.20 	 0.0000 	 0.8685 	 4 	 4 
188.30 	 0.0000 	 0.8691 	 4 	 0 
188.40 	 0.0000 	 0.8699 	 4 	 7 
188.50 	 0.0000 	 0.8709 	 4 	 0 
188.60 	 0.0000 	 0.8703 	 4 	 0 
188.70 	 5.5556 	 0.8711 	 4 	 3 
188.80 	 2.7778 	 0.8706 	 4 	 1 
188.90 	 0.0000 	 0.8683 	 4 	 1 
189.00 	 0.0000 	 0.8673 	 4 	 1 
189.10 	 0.0000 	 0.8668 	 4 	 1 
189.20 	 0.0000 	 0.8659 	 4 	 4 
189.30 	 0.0000 	 0.8656 	 4 	 4 
189.40 	 0.0000 	 0.8657 	 4 	 2 
189.50 	 0.0000 	 0.8657 	 4 	 0 
189.60 	 0.0000 	 0.8655 	 4 	 0 
189.70 	 0.0000 	 0.8654 	 4 	 0 
189.80 	 0.0000 	 0.8660 	 4 	 0 
189.90 	 8.3333 	 0.8655 	 4 	 1 
190.00 	 0.0000 	 0.8657 	 4 	 1 
190.10 	 0.0000 	 0.8641 	 4 	 1 
190.20 	 0.0000 	 0.8645 	 4 	 1 
190.30 	 0.0000 	 0.8644 	 4 	 1 
190.40 	 0.0000 	 0.8641 	 4 	 4 
190.50 	 0.0000 	 0.8638 	 4 	 2 
190.60 	 0.0000 	 0.8641 	 4 	 2 
190.70 	 0.0000 	 0.8639 	 4 	 0 
190.80 	 0.0000 	 0.8642 	 4 	 0 
190.90 	 0.0000 	 0.8643 	 5 	 5 
191.00 	 2.7778 	 0.8655 	 5 	 5 
191.10 	 5.5556 	 0.8629 	 5 	 1 
191.20 	 0.0000 	 0.8614 	 5 	 1 
191.30 	 0.0000 	 0.8607 	 5 	 8 
191.40 	 0.0000 	 0.8605 	 5 	 8 
191.50 	 0.0000 	 0.8601 	 5 	 1 
191.60 	 0.0000 	 0.8607 	 5 	 4 
191.70 	 0.0000 	 0.8606 	 5 	 2 
191.80 	 0.0000 	 0.8620 	 5 	 0 
191.90 	 0.0000 	 0.8612 	 5 	 0 
192.00 	 0.0000 	 0.8612 	 5 	 0 
192.10 	 0.0000 	 0.8612 	 5 	 5 
192.20 	 2.7778 	 0.8615 	 5 	 5 
192.30 	 5.5556 	 0.8614 	 5 	 1 
192.40 	 0.0000 	 0.8625 	 5 	 1 
192.50 	 0.0000 	 0.8639 	 5 	 1 
192.60 	 0.0000 	 0.8640 	 5 	 1 
192.70 	 0.0000 	 0.8645 	 5 	 6 
192.80 	 0.0000 	 0.8651 	 5 	 4 
192.90 	 0.0000 	 0.8660 	 5 	 2 
193.00 	 0.0000 	 0.8663 	 5 	 0 
193.10 	 0.0000 	 0.8655 	 5 	 0 
193.20 	 0.0000 	 0.8644 	 5 	 0 
193.30 	 0.0000 	 0.8634 	 5 	 0 
193.40 	 2.7778 	 0.8629 	 5 	 3 
193.50 	 5.5556 	 0.8628 	 5 	 1 
193.60 	 0.0000 	 0.8649 	 5 	 1 
193.70 	 0.0000 	 0.8663 	 6 	 6 
193.80 	 0.0000 	 0.8658 	 6 	 6 
193.90 	 0.0000 	 0.8666 	 6 	 6 
194.00 	 0.0000 	 0.8680 	 6 	 19 
194.10 	 0.0000 	 0.8687 	 6 	 0 
194.20 	 0.0000 	 0.8692 	 6 	 0 
194.30 	 0.0000 	 0.8697 	 6 	 9 
194.40 	 0.0000 	 0.8709 	 6 	 0 
194.50 	 0.0000 	 0.8715 	 6 	 0 
194.60 	 2.7778 	 0.8724 	 6 	 3 
194.70 	 5.5556 	 0.8735 	 6 	 1 
194.80 	 0.0000 	 0.8753 	 6 	 1 
194.90 	 0.0000 	 0.8770 	 6 	 6 
195.00 	 0.0000 	 0.8792 	 6 	 6 
195.10 	 0.0000 	 0.8800 	 6 	 6 
195.20 	 0.0000 	 0.8808 	 6 	 2 
195.30 	 0.0000 	 0.8822 	 6 	 0 
195.40 	 0.0000 	 0.8835 	 6 	 0 
195.50 	 0.0000 	 0.8844 	 6 	 0 
195.60 	 0.0000 	 0.8850 	 6 	 0 
195.70 	 0.0000 	 0.8843 	 6 	 0 
195.80 	 5.5556 	 0.8840 	 6 	 3 
195.90 	 2.7778 	 0.8832 	 6 	 10 
196.00 	 0.0000 	 0.8823 	 6 	 10 
196.10 	 0.0000 	 0.8829 	 6 	 1 
196.20 	 0.0000 	 0.8830 	 6 	 1 
196.30 	 0.0000 	 0.8807 	 6 	 4 
196.40 	 0.0000 	 0.8796 	 6 	 2 
196.50 	 0.0000 	 0.8790 	 7 	 0 
196.60 	 0.0000 	 0.8793 	 7 	 0 
196.70 	 0.0000 	 0.8799 	 7 	 0 
196.80 	 0.0000 	 0.8799 	 7 	 0 
196.90 	 2.7778 	 0.8783 	 7 	 0 
197.00 	 2.7778 	 0.8782 	 7 	 3 
197.10 	 2.7778 	 0.8784 	 7 	 1 
197.20 	 0.0000 	 0.8776 	 7 	 10 
197.30 	 0.0000 	 0.8764 	 7 	 1 
197.40 	 0.0000 	 0.8769 	 7 	 19 
197.50 	 0.0000 	 0.8755 	 7 	 11 
197.60 	 0.0000 	 0.8766 	 7 	 2 
197.70 	 0.0000 	 0.8745 	 7 	 0 
197.80 	 0.0000 	 0.8746 	 7 	 0 
197.90 	 0.0000 	 0.8737 	 7 	 0 
198.00 	 2.7778 	 0.8739 	 7 	 0 
198.10 	 2.7778 	 0.8748 	 7 	 0 
198.20 	 2.7778 	 0.8758 	 7 	 1 
198.30 	 0.0000 	 0.8749 	 7 	 1 
198.40 	 0.0000 	 0.8738 	 7 	 1 
198.50 	 0.0000 	 0.8731 	 7 	 1 
198.60 	 0.0000 	 0.8726 	 7 	 1 
198.70 	 0.0000 	 0.8741 	 7 	 4 
198.80 	 2.7778 	 0.8752 	 7 	 2 
198.90 	 0.0000 	 0.8755 	 7 	 2 
199.00 	 0.0000 	 0.8760 	 7 	 0 
199.10 	 0.0000 	 0.8758 	 7 	 0 
199.20 	 2.7778 	 0.8764 	 7 	 0 
199.30 	 0.0000 	 0.8766 	 8 	 0 
199.40 	 2.7778 	 0.8767 	 8 	 1 
199.50 	 0.0000 	 0.8782 	 8 	 1 
199.60 	 2.7778 	 0.8772 	 8 	 1 
199.70 	 0.0000 	 0.8779 	 8 	 1 
199.80 	 0.0000 	 0.8792 	 8 	 1 
199.90 	 0.0000 	 0.8798 	 8 	 4 
200.00 	 0.0000 	 0.8790 	 8 	 2 
