# Optimal flow and avg speed dependent on time 
 # Aggressives: 0 
 # Velocity factor: 0.3 
0.10 	 0.0000 	 0.6721 	 3 	 1 
0.20 	 0.0000 	 0.6740 	 3 	 1 
0.30 	 0.0000 	 0.6764 	 3 	 1 
0.40 	 0.0000 	 0.6774 	 3 	 1 
0.50 	 3.3333 	 0.6786 	 3 	 1 
0.60 	 0.0000 	 0.6779 	 3 	 1 
0.70 	 0.0000 	 0.6794 	 3 	 1 
0.80 	 0.0000 	 0.6811 	 3 	 1 
0.90 	 0.0000 	 0.6812 	 3 	 2 
1.00 	 0.0000 	 0.6821 	 3 	 0 
1.10 	 0.0000 	 0.6817 	 3 	 0 
1.20 	 3.3333 	 0.6836 	 3 	 0 
1.30 	 0.0000 	 0.6830 	 3 	 0 
1.40 	 0.0000 	 0.6850 	 3 	 0 
1.50 	 3.3333 	 0.6856 	 3 	 1 
1.60 	 0.0000 	 0.6850 	 3 	 1 
1.70 	 0.0000 	 0.6862 	 3 	 1 
1.80 	 0.0000 	 0.6884 	 3 	 1 
1.90 	 3.3333 	 0.6874 	 3 	 1 
2.00 	 0.0000 	 0.6877 	 3 	 1 
2.10 	 0.0000 	 0.6884 	 3 	 1 
2.20 	 0.0000 	 0.6888 	 3 	 1 
2.30 	 0.0000 	 0.6890 	 3 	 1 
2.40 	 0.0000 	 0.6889 	 3 	 1 
2.50 	 3.3333 	 0.6896 	 3 	 1 
2.60 	 0.0000 	 0.6927 	 3 	 2 
2.70 	 0.0000 	 0.6918 	 3 	 2 
2.80 	 0.0000 	 0.6918 	 3 	 3 
2.90 	 3.3333 	 0.6936 	 3 	 1 
3.00 	 0.0000 	 0.6951 	 3 	 0 
3.10 	 0.0000 	 0.6954 	 3 	 0 
3.20 	 0.0000 	 0.6976 	 3 	 0 
3.30 	 0.0000 	 0.6975 	 3 	 0 
3.40 	 0.0000 	 0.6987 	 3 	 0 
3.50 	 3.3333 	 0.7007 	 3 	 1 
3.60 	 3.3333 	 0.7026 	 4 	 1 
3.70 	 0.0000 	 0.7048 	 4 	 1 
3.80 	 0.0000 	 0.7059 	 4 	 1 
3.90 	 0.0000 	 0.7065 	 4 	 1 
4.00 	 0.0000 	 0.7092 	 4 	 1 
4.10 	 0.0000 	 0.7112 	 4 	 0 
4.20 	 0.0000 	 0.7121 	 4 	 0 
4.30 	 0.0000 	 0.7151 	 4 	 0 
4.40 	 0.0000 	 0.7167 	 4 	 0 
4.50 	 6.6667 	 0.7189 	 4 	 1 
4.60 	 0.0000 	 0.7201 	 4 	 1 
4.70 	 0.0000 	 0.7224 	 4 	 1 
4.80 	 0.0000 	 0.7235 	 4 	 1 
4.90 	 0.0000 	 0.7273 	 4 	 1 
5.00 	 0.0000 	 0.7289 	 4 	 0 
5.10 	 0.0000 	 0.7299 	 4 	 0 
5.20 	 0.0000 	 0.7319 	 4 	 0 
5.30 	 3.3333 	 0.7338 	 4 	 0 
5.40 	 0.0000 	 0.7353 	 4 	 0 
5.50 	 3.3333 	 0.7363 	 4 	 1 
5.60 	 0.0000 	 0.7390 	 4 	 1 
5.70 	 0.0000 	 0.7409 	 4 	 0 
5.80 	 0.0000 	 0.7426 	 4 	 0 
5.90 	 0.0000 	 0.7443 	 4 	 0 
6.00 	 0.0000 	 0.7476 	 4 	 0 
6.10 	 3.3333 	 0.7487 	 4 	 1 
6.20 	 0.0000 	 0.7501 	 5 	 0 
6.30 	 0.0000 	 0.7515 	 5 	 0 
6.40 	 0.0000 	 0.7523 	 5 	 0 
6.50 	 0.0000 	 0.7533 	 5 	 0 
6.60 	 3.3333 	 0.7557 	 5 	 4 
6.70 	 0.0000 	 0.7578 	 5 	 0 
6.80 	 3.3333 	 0.7597 	 5 	 1 
6.90 	 0.0000 	 0.7622 	 5 	 1 
7.00 	 0.0000 	 0.7645 	 5 	 2 
7.10 	 0.0000 	 0.7650 	 5 	 19 
7.20 	 0.0000 	 0.7674 	 5 	 14 
7.30 	 0.0000 	 0.7681 	 5 	 0 
7.40 	 3.3333 	 0.7699 	 5 	 0 
7.50 	 0.0000 	 0.7719 	 5 	 0 
7.60 	 3.3333 	 0.7740 	 5 	 14 
7.70 	 0.0000 	 0.7755 	 5 	 0 
7.80 	 0.0000 	 0.7774 	 5 	 0 
7.90 	 0.0000 	 0.7798 	 5 	 3 
8.00 	 3.3333 	 0.7825 	 5 	 1 
8.10 	 0.0000 	 0.7845 	 5 	 16 
8.20 	 0.0000 	 0.7865 	 5 	 16 
8.30 	 0.0000 	 0.7889 	 5 	 5 
8.40 	 0.0000 	 0.7909 	 5 	 0 
8.50 	 0.0000 	 0.7917 	 5 	 0 
8.60 	 3.3333 	 0.7934 	 5 	 0 
8.70 	 3.3333 	 0.7954 	 6 	 3 
8.80 	 0.0000 	 0.7974 	 6 	 3 
8.90 	 0.0000 	 0.7997 	 6 	 15 
9.00 	 0.0000 	 0.8017 	 6 	 5 
9.10 	 3.3333 	 0.8032 	 6 	 5 
9.20 	 0.0000 	 0.8050 	 6 	 19 
9.30 	 0.0000 	 0.8062 	 6 	 16 
9.40 	 0.0000 	 0.8065 	 6 	 2 
9.50 	 0.0000 	 0.8092 	 6 	 0 
9.60 	 0.0000 	 0.8112 	 6 	 0 
9.70 	 3.3333 	 0.8129 	 6 	 14 
9.80 	 3.3333 	 0.8155 	 6 	 18 
9.90 	 0.0000 	 0.8165 	 6 	 18 
10.00 	 0.0000 	 0.8185 	 6 	 0 
10.10 	 3.3333 	 0.8196 	 6 	 15 
10.20 	 0.0000 	 0.8229 	 6 	 15 
10.30 	 0.0000 	 0.8237 	 6 	 15 
10.40 	 0.0000 	 0.8254 	 6 	 15 
10.50 	 0.0000 	 0.8263 	 6 	 15 
10.60 	 0.0000 	 0.8284 	 6 	 17 
10.70 	 3.3333 	 0.8306 	 6 	 17 
10.80 	 0.0000 	 0.8316 	 6 	 6 
10.90 	 3.3333 	 0.8329 	 6 	 14 
11.00 	 0.0000 	 0.8347 	 6 	 14 
11.10 	 3.3333 	 0.8360 	 6 	 1 
11.20 	 0.0000 	 0.8385 	 7 	 18 
11.30 	 0.0000 	 0.8401 	 7 	 4 
11.40 	 0.0000 	 0.8417 	 7 	 2 
11.50 	 0.0000 	 0.8432 	 7 	 6 
11.60 	 0.0000 	 0.8452 	 7 	 6 
11.70 	 0.0000 	 0.8470 	 7 	 0 
11.80 	 3.3333 	 0.8490 	 7 	 0 
11.90 	 0.0000 	 0.8501 	 7 	 0 
12.00 	 6.6667 	 0.8524 	 7 	 1 
12.10 	 0.0000 	 0.8533 	 7 	 4 
12.20 	 0.0000 	 0.8554 	 7 	 1 
12.30 	 0.0000 	 0.8566 	 7 	 2 
12.40 	 0.0000 	 0.8587 	 7 	 15 
12.50 	 0.0000 	 0.8605 	 7 	 15 
12.60 	 0.0000 	 0.8619 	 7 	 5 
12.70 	 0.0000 	 0.8630 	 7 	 0 
12.80 	 0.0000 	 0.8654 	 7 	 0 
12.90 	 6.6667 	 0.8673 	 7 	 17 
13.00 	 0.0000 	 0.8694 	 7 	 17 
13.10 	 3.3333 	 0.8706 	 7 	 17 
13.20 	 0.0000 	 0.8716 	 7 	 1 
13.30 	 0.0000 	 0.8724 	 7 	 7 
13.40 	 0.0000 	 0.8744 	 7 	 2 
13.50 	 0.0000 	 0.8759 	 7 	 15 
13.60 	 0.0000 	 0.8775 	 7 	 15 
13.70 	 0.0000 	 0.8794 	 8 	 16 
13.80 	 3.3333 	 0.8810 	 8 	 5 
13.90 	 3.3333 	 0.8826 	 8 	 3 
14.00 	 0.0000 	 0.8852 	 8 	 7 
14.10 	 3.3333 	 0.8867 	 8 	 7 
14.20 	 0.0000 	 0.8882 	 8 	 17 
14.30 	 0.0000 	 0.8896 	 8 	 1 
14.40 	 0.0000 	 0.8911 	 8 	 4 
14.50 	 0.0000 	 0.8928 	 8 	 14 
14.60 	 3.3333 	 0.8946 	 8 	 5 
14.70 	 0.0000 	 0.8965 	 8 	 2 
14.80 	 0.0000 	 0.8983 	 8 	 3 
14.90 	 0.0000 	 0.8995 	 8 	 16 
15.00 	 3.3333 	 0.8999 	 8 	 16 
15.10 	 0.0000 	 0.9022 	 8 	 6 
15.20 	 3.3333 	 0.9030 	 8 	 1 
15.30 	 0.0000 	 0.9047 	 8 	 1 
15.40 	 0.0000 	 0.9064 	 8 	 4 
15.50 	 3.3333 	 0.9090 	 8 	 5 
15.60 	 0.0000 	 0.9105 	 8 	 2 
15.70 	 0.0000 	 0.9134 	 8 	 2 
15.80 	 0.0000 	 0.9145 	 8 	 8 
15.90 	 0.0000 	 0.9169 	 8 	 3 
16.00 	 0.0000 	 0.9181 	 8 	 16 
16.10 	 3.3333 	 0.9201 	 8 	 16 
16.20 	 0.0000 	 0.9208 	 9 	 6 
16.30 	 3.3333 	 0.9216 	 9 	 6 
16.40 	 3.3333 	 0.9227 	 9 	 1 
16.50 	 0.0000 	 0.9248 	 9 	 8 
16.60 	 0.0000 	 0.9262 	 9 	 8 
16.70 	 0.0000 	 0.9279 	 9 	 2 
16.80 	 0.0000 	 0.9298 	 9 	 2 
16.90 	 0.0000 	 0.9310 	 9 	 5 
17.00 	 0.0000 	 0.9332 	 9 	 3 
17.10 	 0.0000 	 0.9349 	 9 	 6 
17.20 	 3.3333 	 0.9350 	 9 	 16 
17.30 	 3.3333 	 0.9364 	 9 	 16 
17.40 	 3.3333 	 0.9369 	 9 	 1 
17.50 	 0.0000 	 0.9386 	 9 	 4 
17.60 	 0.0000 	 0.9388 	 9 	 7 
17.70 	 0.0000 	 0.9403 	 9 	 2 
17.80 	 0.0000 	 0.9411 	 9 	 2 
17.90 	 0.0000 	 0.9419 	 9 	 5 
18.00 	 0.0000 	 0.9432 	 9 	 6 
18.10 	 3.3333 	 0.9447 	 9 	 3 
18.20 	 3.3333 	 0.9454 	 9 	 3 
18.30 	 0.0000 	 0.9459 	 9 	 9 
18.40 	 0.0000 	 0.9474 	 9 	 16 
18.50 	 3.3333 	 0.9485 	 9 	 1 
18.60 	 0.0000 	 0.9500 	 9 	 4 
18.70 	 0.0000 	 0.9510 	 10 	 7 
18.80 	 0.0000 	 0.9520 	 10 	 7 
18.90 	 0.0000 	 0.9533 	 10 	 2 
19.00 	 3.3333 	 0.9539 	 10 	 9 
19.10 	 0.0000 	 0.9548 	 10 	 9 
19.20 	 0.0000 	 0.9554 	 10 	 3 
19.30 	 3.3333 	 0.9558 	 10 	 3 
19.40 	 0.0000 	 0.9570 	 10 	 6 
19.50 	 0.0000 	 0.9583 	 10 	 4 
19.60 	 3.3333 	 0.9589 	 10 	 7 
19.70 	 0.0000 	 0.9601 	 10 	 4 
19.80 	 0.0000 	 0.9607 	 10 	 5 
19.90 	 3.3333 	 0.9620 	 10 	 2 
20.00 	 0.0000 	 0.9626 	 10 	 5 
20.10 	 0.0000 	 0.9632 	 10 	 8 
20.20 	 0.0000 	 0.9646 	 10 	 3 
20.30 	 0.0000 	 0.9654 	 10 	 3 
20.40 	 3.3333 	 0.9665 	 10 	 6 
20.50 	 0.0000 	 0.9672 	 10 	 7 
20.60 	 0.0000 	 0.9679 	 10 	 4 
20.70 	 3.3333 	 0.9691 	 10 	 4 
20.80 	 3.3333 	 0.9697 	 10 	 10 
20.90 	 0.0000 	 0.9704 	 10 	 5 
21.00 	 0.0000 	 0.9711 	 10 	 2 
21.10 	 0.0000 	 0.9718 	 10 	 5 
21.20 	 0.0000 	 0.9726 	 11 	 8 
21.30 	 0.0000 	 0.9733 	 11 	 8 
21.40 	 0.0000 	 0.9743 	 11 	 3 
21.50 	 3.3333 	 0.9750 	 11 	 10 
21.60 	 0.0000 	 0.9758 	 11 	 10 
21.70 	 3.3333 	 0.9761 	 11 	 4 
21.80 	 3.3333 	 0.9768 	 11 	 4 
21.90 	 0.0000 	 0.9775 	 11 	 7 
22.00 	 0.0000 	 0.9786 	 11 	 5 
22.10 	 0.0000 	 0.9796 	 11 	 8 
22.20 	 0.0000 	 0.9803 	 11 	 5 
22.30 	 0.0000 	 0.9809 	 11 	 6 
22.40 	 0.0000 	 0.9817 	 11 	 3 
22.50 	 0.0000 	 0.9823 	 11 	 6 
22.60 	 6.6667 	 0.9826 	 11 	 9 
22.70 	 0.0000 	 0.9831 	 11 	 4 
22.80 	 0.0000 	 0.9838 	 11 	 4 
22.90 	 3.3333 	 0.9840 	 11 	 7 
23.00 	 0.0000 	 0.9846 	 11 	 8 
23.10 	 0.0000 	 0.9851 	 11 	 5 
23.20 	 0.0000 	 0.9859 	 11 	 5 
23.30 	 0.0000 	 0.9861 	 11 	 11 
23.40 	 0.0000 	 0.9863 	 11 	 6 
23.50 	 6.6667 	 0.9866 	 11 	 3 
23.60 	 0.0000 	 0.9869 	 11 	 6 
23.70 	 0.0000 	 0.9875 	 12 	 9 
23.80 	 0.0000 	 0.9880 	 12 	 9 
23.90 	 0.0000 	 0.9886 	 12 	 4 
24.00 	 3.3333 	 0.9891 	 12 	 11 
24.10 	 0.0000 	 0.9896 	 12 	 11 
24.20 	 0.0000 	 0.9901 	 12 	 5 
24.30 	 0.0000 	 0.9905 	 12 	 5 
24.40 	 3.3333 	 0.9910 	 12 	 8 
24.50 	 0.0000 	 0.9914 	 12 	 6 
24.60 	 3.3333 	 0.9919 	 12 	 9 
24.70 	 0.0000 	 0.9924 	 12 	 6 
24.80 	 0.0000 	 0.9928 	 12 	 7 
24.90 	 0.0000 	 0.9931 	 12 	 4 
25.00 	 0.0000 	 0.9935 	 12 	 0 
25.10 	 3.3333 	 0.9938 	 12 	 10 
25.20 	 0.0000 	 0.9943 	 12 	 5 
25.30 	 3.3333 	 0.9946 	 12 	 5 
25.40 	 0.0000 	 0.9948 	 12 	 8 
25.50 	 0.0000 	 0.9951 	 12 	 9 
25.60 	 3.3333 	 0.9953 	 12 	 6 
25.70 	 0.0000 	 0.9952 	 12 	 6 
25.80 	 0.0000 	 0.9953 	 12 	 12 
25.90 	 0.0000 	 0.9956 	 12 	 7 
26.00 	 0.0000 	 0.9959 	 12 	 4 
26.10 	 0.0000 	 0.9961 	 12 	 0 
26.20 	 6.6667 	 0.9964 	 13 	 10 
26.30 	 0.0000 	 0.9966 	 13 	 10 
26.40 	 0.0000 	 0.9969 	 13 	 5 
26.50 	 0.0000 	 0.9971 	 13 	 12 
26.60 	 0.0000 	 0.9972 	 13 	 12 
26.70 	 3.3333 	 0.9974 	 13 	 6 
26.80 	 0.0000 	 0.9976 	 13 	 6 
26.90 	 0.0000 	 0.9977 	 13 	 9 
27.00 	 0.0000 	 0.9979 	 13 	 7 
27.10 	 3.3333 	 0.9976 	 13 	 10 
27.20 	 0.0000 	 0.9968 	 13 	 7 
27.30 	 0.0000 	 0.9959 	 13 	 0 
27.40 	 3.3333 	 0.9958 	 13 	 5 
27.50 	 3.3333 	 0.9960 	 13 	 1 
27.60 	 0.0000 	 0.9961 	 13 	 11 
27.70 	 0.0000 	 0.9963 	 13 	 6 
27.80 	 0.0000 	 0.9964 	 13 	 6 
27.90 	 0.0000 	 0.9966 	 13 	 9 
28.00 	 3.3333 	 0.9968 	 13 	 10 
28.10 	 0.0000 	 0.9969 	 13 	 7 
28.20 	 0.0000 	 0.9971 	 13 	 7 
28.30 	 0.0000 	 0.9972 	 13 	 11 
28.40 	 0.0000 	 0.9973 	 13 	 0 
28.50 	 3.3333 	 0.9975 	 13 	 5 
28.60 	 3.3333 	 0.9976 	 13 	 1 
28.70 	 0.0000 	 0.9978 	 14 	 11 
28.80 	 0.0000 	 0.9979 	 14 	 11 
28.90 	 3.3333 	 0.9980 	 14 	 6 
29.00 	 0.0000 	 0.9982 	 14 	 9 
29.10 	 0.0000 	 0.9983 	 14 	 13 
29.20 	 0.0000 	 0.9984 	 14 	 13 
29.30 	 0.0000 	 0.9985 	 14 	 7 
29.40 	 0.0000 	 0.9986 	 14 	 10 
29.50 	 0.0000 	 0.9987 	 14 	 0 
29.60 	 3.3333 	 0.9984 	 14 	 11 
29.70 	 3.3333 	 0.9976 	 14 	 8 
29.80 	 3.3333 	 0.9967 	 14 	 1 
29.90 	 0.0000 	 0.9965 	 14 	 6 
30.00 	 0.0000 	 0.9967 	 14 	 2 
30.10 	 0.0000 	 0.9968 	 14 	 11 
30.20 	 0.0000 	 0.9970 	 14 	 7 
30.30 	 0.0000 	 0.9967 	 14 	 7 
30.40 	 0.0000 	 0.9964 	 14 	 0 
30.50 	 0.0000 	 0.9961 	 14 	 0 
30.60 	 0.0000 	 0.9955 	 14 	 0 
30.70 	 6.6667 	 0.9949 	 14 	 8 
30.80 	 0.0000 	 0.9939 	 14 	 12 
30.90 	 3.3333 	 0.9923 	 14 	 1 
31.00 	 0.0000 	 0.9902 	 14 	 6 
31.10 	 0.0000 	 0.9874 	 14 	 2 
31.20 	 0.0000 	 0.9842 	 15 	 12 
31.30 	 0.0000 	 0.9806 	 15 	 12 
31.40 	 0.0000 	 0.9773 	 15 	 7 
31.50 	 0.0000 	 0.9732 	 15 	 0 
31.60 	 3.3333 	 0.9694 	 15 	 8 
31.70 	 0.0000 	 0.9651 	 15 	 14 
31.80 	 0.0000 	 0.9617 	 15 	 0 
31.90 	 3.3333 	 0.9589 	 15 	 5 
32.00 	 3.3333 	 0.9567 	 15 	 1 
32.10 	 0.0000 	 0.9554 	 15 	 12 
32.20 	 0.0000 	 0.9545 	 15 	 6 
32.30 	 0.0000 	 0.9544 	 15 	 2 
32.40 	 0.0000 	 0.9542 	 15 	 7 
32.50 	 3.3333 	 0.9544 	 15 	 7 
32.60 	 0.0000 	 0.9542 	 15 	 7 
32.70 	 0.0000 	 0.9542 	 15 	 12 
32.80 	 3.3333 	 0.9549 	 15 	 4 
32.90 	 0.0000 	 0.9546 	 15 	 8 
33.00 	 0.0000 	 0.9541 	 15 	 5 
33.10 	 0.0000 	 0.9535 	 15 	 5 
33.20 	 0.0000 	 0.9530 	 15 	 13 
33.30 	 3.3333 	 0.9529 	 15 	 9 
33.40 	 3.3333 	 0.9529 	 15 	 6 
33.50 	 0.0000 	 0.9534 	 15 	 13 
33.60 	 0.0000 	 0.9535 	 15 	 3 
33.70 	 0.0000 	 0.9532 	 16 	 4 
33.80 	 3.3333 	 0.9528 	 16 	 13 
33.90 	 0.0000 	 0.9529 	 16 	 4 
34.00 	 0.0000 	 0.9530 	 16 	 14 
34.10 	 0.0000 	 0.9532 	 16 	 12 
34.20 	 0.0000 	 0.9538 	 16 	 15 
34.30 	 3.3333 	 0.9542 	 16 	 13 
34.40 	 0.0000 	 0.9546 	 16 	 14 
34.50 	 0.0000 	 0.9549 	 16 	 13 
34.60 	 0.0000 	 0.9551 	 16 	 13 
34.70 	 3.3333 	 0.9558 	 16 	 13 
34.80 	 3.3333 	 0.9563 	 16 	 1 
34.90 	 0.0000 	 0.9567 	 16 	 1 
35.00 	 0.0000 	 0.9569 	 16 	 14 
35.10 	 0.0000 	 0.9574 	 16 	 12 
35.20 	 3.3333 	 0.9580 	 16 	 13 
35.30 	 0.0000 	 0.9585 	 16 	 2 
35.40 	 0.0000 	 0.9584 	 16 	 2 
35.50 	 0.0000 	 0.9585 	 16 	 2 
35.60 	 0.0000 	 0.9582 	 16 	 2 
35.70 	 0.0000 	 0.9580 	 16 	 0 
35.80 	 0.0000 	 0.9581 	 16 	 0 
35.90 	 0.0000 	 0.9584 	 16 	 0 
36.00 	 3.3333 	 0.9584 	 16 	 14 
36.10 	 0.0000 	 0.9583 	 16 	 14 
36.20 	 6.6667 	 0.9585 	 17 	 1 
36.30 	 0.0000 	 0.9589 	 17 	 14 
36.40 	 0.0000 	 0.9594 	 17 	 14 
36.50 	 0.0000 	 0.9596 	 17 	 15 
36.60 	 0.0000 	 0.9602 	 17 	 13 
36.70 	 0.0000 	 0.9606 	 17 	 16 
36.80 	 0.0000 	 0.9609 	 17 	 2 
36.90 	 0.0000 	 0.9613 	 17 	 2 
37.00 	 3.3333 	 0.9618 	 17 	 14 
37.10 	 0.0000 	 0.9624 	 17 	 3 
37.20 	 3.3333 	 0.9625 	 17 	 14 
37.30 	 0.0000 	 0.9630 	 17 	 14 
37.40 	 0.0000 	 0.9633 	 17 	 14 
37.50 	 0.0000 	 0.9638 	 17 	 15 
37.60 	 3.3333 	 0.9642 	 17 	 13 
37.70 	 0.0000 	 0.9644 	 17 	 13 
37.80 	 0.0000 	 0.9648 	 17 	 15 
37.90 	 0.0000 	 0.9645 	 17 	 7 
38.00 	 0.0000 	 0.9644 	 17 	 7 
38.10 	 0.0000 	 0.9637 	 17 	 14 
38.20 	 6.6667 	 0.9628 	 17 	 15 
38.30 	 0.0000 	 0.9622 	 17 	 15 
38.40 	 0.0000 	 0.9618 	 17 	 15 
38.50 	 0.0000 	 0.9610 	 17 	 15 
38.60 	 0.0000 	 0.9605 	 17 	 5 
38.70 	 0.0000 	 0.9601 	 18 	 6 
38.80 	 0.0000 	 0.9599 	 18 	 15 
38.90 	 0.0000 	 0.9595 	 18 	 6 
39.00 	 6.6667 	 0.9586 	 18 	 16 
39.10 	 0.0000 	 0.9586 	 18 	 7 
39.20 	 0.0000 	 0.9584 	 18 	 17 
39.30 	 3.3333 	 0.9583 	 18 	 1 
39.40 	 0.0000 	 0.9574 	 18 	 8 
39.50 	 0.0000 	 0.9567 	 18 	 8 
39.60 	 0.0000 	 0.9550 	 18 	 15 
39.70 	 0.0000 	 0.9533 	 18 	 2 
39.80 	 0.0000 	 0.9515 	 18 	 5 
39.90 	 0.0000 	 0.9498 	 18 	 3 
40.00 	 0.0000 	 0.9477 	 18 	 6 
40.10 	 0.0000 	 0.9458 	 18 	 10 
40.20 	 0.0000 	 0.9441 	 18 	 0 
40.30 	 0.0000 	 0.9421 	 18 	 0 
40.40 	 10.0000 	 0.9418 	 18 	 15 
40.50 	 0.0000 	 0.9398 	 18 	 1 
40.60 	 0.0000 	 0.9370 	 18 	 1 
40.70 	 0.0000 	 0.9349 	 18 	 16 
40.80 	 0.0000 	 0.9330 	 18 	 16 
40.90 	 0.0000 	 0.9315 	 18 	 2 
41.00 	 0.0000 	 0.9302 	 18 	 16 
41.10 	 0.0000 	 0.9295 	 18 	 16 
41.20 	 0.0000 	 0.9292 	 19 	 16 
41.30 	 3.3333 	 0.9279 	 19 	 16 
41.40 	 0.0000 	 0.9270 	 19 	 16 
41.50 	 0.0000 	 0.9253 	 19 	 11 
41.60 	 3.3333 	 0.9240 	 19 	 17 
41.70 	 0.0000 	 0.9231 	 19 	 15 
41.80 	 3.3333 	 0.9228 	 19 	 4 
41.90 	 0.0000 	 0.9235 	 19 	 4 
42.00 	 0.0000 	 0.9244 	 19 	 16 
42.10 	 0.0000 	 0.9249 	 19 	 16 
42.20 	 0.0000 	 0.9258 	 19 	 13 
42.30 	 0.0000 	 0.9266 	 19 	 16 
42.40 	 0.0000 	 0.9282 	 19 	 16 
42.50 	 0.0000 	 0.9287 	 19 	 18 
42.60 	 0.0000 	 0.9295 	 19 	 0 
42.70 	 6.6667 	 0.9306 	 19 	 15 
42.80 	 0.0000 	 0.9309 	 19 	 17 
42.90 	 0.0000 	 0.9315 	 19 	 16 
43.00 	 0.0000 	 0.9316 	 19 	 16 
43.10 	 0.0000 	 0.9319 	 19 	 16 
43.20 	 0.0000 	 0.9325 	 19 	 16 
43.30 	 3.3333 	 0.9333 	 19 	 16 
43.40 	 0.0000 	 0.9343 	 19 	 18 
43.50 	 0.0000 	 0.9348 	 19 	 17 
43.60 	 3.3333 	 0.9354 	 19 	 17 
43.70 	 0.0000 	 0.9358 	 19 	 8 
43.80 	 3.3333 	 0.9364 	 0 	 5 
43.90 	 0.0000 	 0.9371 	 0 	 17 
44.00 	 0.0000 	 0.9380 	 0 	 9 
44.10 	 0.0000 	 0.9390 	 0 	 17 
44.20 	 0.0000 	 0.9388 	 0 	 17 
44.30 	 0.0000 	 0.9383 	 0 	 3 
44.40 	 0.0000 	 0.9374 	 0 	 3 
44.50 	 3.3333 	 0.9365 	 0 	 14 
44.60 	 0.0000 	 0.9350 	 0 	 11 
44.70 	 3.3333 	 0.9341 	 0 	 4 
44.80 	 0.0000 	 0.9329 	 0 	 7 
44.90 	 0.0000 	 0.9319 	 0 	 5 
45.00 	 3.3333 	 0.9309 	 0 	 1 
45.10 	 3.3333 	 0.9283 	 0 	 16 
45.20 	 0.0000 	 0.9261 	 0 	 2 
45.30 	 0.0000 	 0.9224 	 0 	 2 
45.40 	 0.0000 	 0.9213 	 0 	 6 
45.50 	 0.0000 	 0.9175 	 0 	 3 
45.60 	 0.0000 	 0.9157 	 0 	 0 
45.70 	 0.0000 	 0.9114 	 0 	 0 
45.80 	 0.0000 	 0.9078 	 0 	 0 
45.90 	 0.0000 	 0.9048 	 0 	 0 
46.00 	 3.3333 	 0.9033 	 0 	 18 
46.10 	 0.0000 	 0.9006 	 0 	 12 
46.20 	 0.0000 	 0.8985 	 0 	 0 
46.30 	 3.3333 	 0.8963 	 0 	 18 
46.40 	 3.3333 	 0.8949 	 1 	 16 
46.50 	 0.0000 	 0.8936 	 1 	 16 
46.60 	 0.0000 	 0.8940 	 1 	 17 
46.70 	 0.0000 	 0.8925 	 1 	 18 
46.80 	 0.0000 	 0.8912 	 1 	 0 
46.90 	 3.3333 	 0.8881 	 1 	 6 
47.00 	 0.0000 	 0.8857 	 1 	 18 
47.10 	 0.0000 	 0.8814 	 1 	 18 
47.20 	 0.0000 	 0.8778 	 1 	 18 
47.30 	 0.0000 	 0.8740 	 1 	 18 
47.40 	 0.0000 	 0.8705 	 1 	 0 
47.50 	 3.3333 	 0.8654 	 1 	 19 
47.60 	 3.3333 	 0.8616 	 1 	 17 
47.70 	 0.0000 	 0.8562 	 1 	 17 
47.80 	 3.3333 	 0.8542 	 1 	 1 
47.90 	 0.0000 	 0.8523 	 1 	 17 
48.00 	 0.0000 	 0.8486 	 1 	 0 
48.10 	 0.0000 	 0.8452 	 1 	 0 
48.20 	 0.0000 	 0.8410 	 1 	 0 
48.30 	 0.0000 	 0.8389 	 1 	 0 
48.40 	 0.0000 	 0.8381 	 1 	 0 
48.50 	 0.0000 	 0.8367 	 1 	 19 
48.60 	 6.6667 	 0.8344 	 1 	 19 
48.70 	 3.3333 	 0.8313 	 1 	 19 
48.80 	 0.0000 	 0.8302 	 1 	 19 
48.90 	 0.0000 	 0.8287 	 1 	 19 
49.00 	 0.0000 	 0.8270 	 1 	 1 
49.10 	 0.0000 	 0.8246 	 1 	 1 
49.20 	 0.0000 	 0.8229 	 1 	 1 
49.30 	 0.0000 	 0.8223 	 2 	 0 
49.40 	 0.0000 	 0.8210 	 2 	 0 
49.50 	 0.0000 	 0.8210 	 2 	 0 
49.60 	 3.3333 	 0.8199 	 2 	 2 
49.70 	 0.0000 	 0.8193 	 2 	 2 
49.80 	 3.3333 	 0.8179 	 2 	 19 
49.90 	 0.0000 	 0.8161 	 2 	 19 
50.00 	 0.0000 	 0.8157 	 2 	 19 
50.10 	 3.3333 	 0.8145 	 2 	 19 
50.20 	 0.0000 	 0.8130 	 2 	 11 
50.30 	 0.0000 	 0.8114 	 2 	 11 
50.40 	 0.0000 	 0.8112 	 2 	 8 
50.50 	 3.3333 	 0.8098 	 2 	 8 
50.60 	 0.0000 	 0.8098 	 2 	 5 
50.70 	 0.0000 	 0.8092 	 2 	 8 
50.80 	 0.0000 	 0.8077 	 2 	 0 
50.90 	 0.0000 	 0.8070 	 2 	 0 
51.00 	 3.3333 	 0.8054 	 2 	 0 
51.10 	 0.0000 	 0.8042 	 2 	 0 
51.20 	 0.0000 	 0.8039 	 2 	 0 
51.30 	 0.0000 	 0.8033 	 2 	 0 
51.40 	 3.3333 	 0.8042 	 2 	 0 
51.50 	 3.3333 	 0.8037 	 2 	 1 
51.60 	 0.0000 	 0.8028 	 2 	 1 
51.70 	 0.0000 	 0.8028 	 2 	 1 
51.80 	 0.0000 	 0.8033 	 2 	 0 
51.90 	 0.0000 	 0.8020 	 2 	 0 
52.00 	 0.0000 	 0.8019 	 2 	 0 
52.10 	 0.0000 	 0.8004 	 2 	 0 
52.20 	 0.0000 	 0.8003 	 2 	 0 
52.30 	 3.3333 	 0.8010 	 3 	 0 
52.40 	 0.0000 	 0.8007 	 3 	 0 
52.50 	 3.3333 	 0.8008 	 3 	 0 
52.60 	 0.0000 	 0.8014 	 3 	 0 
52.70 	 0.0000 	 0.8014 	 3 	 0 
52.80 	 3.3333 	 0.8005 	 3 	 1 
52.90 	 0.0000 	 0.8000 	 3 	 1 
53.00 	 3.3333 	 0.7993 	 3 	 0 
53.10 	 0.0000 	 0.7974 	 3 	 0 
53.20 	 0.0000 	 0.7973 	 3 	 0 
53.30 	 0.0000 	 0.7978 	 3 	 0 
53.40 	 0.0000 	 0.7975 	 3 	 0 
53.50 	 3.3333 	 0.7984 	 3 	 0 
53.60 	 3.3333 	 0.7968 	 3 	 1 
53.70 	 0.0000 	 0.7965 	 3 	 1 
53.80 	 0.0000 	 0.7956 	 3 	 1 
53.90 	 0.0000 	 0.7955 	 3 	 1 
54.00 	 0.0000 	 0.7950 	 3 	 9 
54.10 	 0.0000 	 0.7952 	 3 	 0 
54.20 	 0.0000 	 0.7952 	 3 	 0 
54.30 	 3.3333 	 0.7958 	 3 	 1 
54.40 	 0.0000 	 0.7954 	 3 	 4 
54.50 	 6.6667 	 0.7943 	 3 	 1 
54.60 	 0.0000 	 0.7948 	 3 	 1 
54.70 	 0.0000 	 0.7948 	 3 	 1 
54.80 	 0.0000 	 0.7960 	 3 	 1 
54.90 	 0.0000 	 0.7970 	 3 	 1 
55.00 	 0.0000 	 0.7970 	 3 	 12 
55.10 	 0.0000 	 0.7977 	 3 	 0 
55.20 	 0.0000 	 0.7974 	 3 	 0 
55.30 	 3.3333 	 0.7981 	 3 	 1 
55.40 	 0.0000 	 0.7967 	 3 	 1 
55.50 	 3.3333 	 0.7962 	 3 	 1 
55.60 	 0.0000 	 0.7956 	 4 	 1 
55.70 	 0.0000 	 0.7955 	 4 	 1 
55.80 	 0.0000 	 0.7976 	 4 	 4 
55.90 	 0.0000 	 0.7986 	 4 	 4 
56.00 	 3.3333 	 0.7990 	 4 	 2 
56.10 	 0.0000 	 0.7997 	 4 	 2 
56.20 	 0.0000 	 0.8007 	 4 	 2 
56.30 	 0.0000 	 0.8014 	 4 	 2 
56.40 	 0.0000 	 0.8022 	 4 	 0 
56.50 	 0.0000 	 0.8030 	 4 	 0 
56.60 	 3.3333 	 0.8045 	 4 	 0 
56.70 	 0.0000 	 0.8049 	 4 	 0 
56.80 	 3.3333 	 0.8056 	 4 	 1 
56.90 	 0.0000 	 0.8062 	 4 	 1 
57.00 	 0.0000 	 0.8053 	 4 	 19 
57.10 	 0.0000 	 0.8055 	 4 	 0 
57.20 	 3.3333 	 0.8065 	 4 	 2 
57.30 	 0.0000 	 0.8069 	 4 	 2 
57.40 	 0.0000 	 0.8074 	 4 	 2 
57.50 	 0.0000 	 0.8069 	 4 	 4 
57.60 	 3.3333 	 0.8071 	 4 	 1 
57.70 	 0.0000 	 0.8079 	 4 	 2 
57.80 	 0.0000 	 0.8094 	 4 	 2 
57.90 	 0.0000 	 0.8106 	 4 	 5 
58.00 	 0.0000 	 0.8119 	 4 	 5 
58.10 	 0.0000 	 0.8128 	 4 	 0 
58.20 	 3.3333 	 0.8131 	 4 	 3 
58.30 	 0.0000 	 0.8137 	 4 	 3 
58.40 	 0.0000 	 0.8143 	 4 	 0 
58.50 	 0.0000 	 0.8138 	 4 	 0 
58.60 	 0.0000 	 0.8125 	 4 	 0 
58.70 	 6.6667 	 0.8126 	 4 	 1 
58.80 	 0.0000 	 0.8106 	 4 	 0 
58.90 	 0.0000 	 0.8096 	 4 	 8 
59.00 	 0.0000 	 0.8068 	 4 	 4 
59.10 	 0.0000 	 0.8032 	 5 	 2 
59.20 	 0.0000 	 0.7990 	 5 	 0 
59.30 	 0.0000 	 0.7961 	 5 	 0 
59.40 	 3.3333 	 0.7920 	 5 	 5 
59.50 	 0.0000 	 0.7888 	 5 	 0 
59.60 	 0.0000 	 0.7854 	 5 	 0 
59.70 	 0.0000 	 0.7826 	 5 	 3 
59.80 	 3.3333 	 0.7789 	 5 	 3 
59.90 	 0.0000 	 0.7769 	 5 	 3 
60.00 	 0.0000 	 0.7767 	 5 	 3 
60.10 	 0.0000 	 0.7751 	 5 	 3 
60.20 	 3.3333 	 0.7752 	 5 	 15 
60.30 	 0.0000 	 0.7748 	 5 	 2 
60.40 	 0.0000 	 0.7744 	 5 	 2 
60.50 	 0.0000 	 0.7740 	 5 	 2 
60.60 	 0.0000 	 0.7728 	 5 	 0 
60.70 	 3.3333 	 0.7708 	 5 	 0 
60.80 	 3.3333 	 0.7690 	 5 	 1 
60.90 	 0.0000 	 0.7669 	 5 	 2 
61.00 	 0.0000 	 0.7636 	 5 	 14 
61.10 	 0.0000 	 0.7611 	 5 	 3 
61.20 	 0.0000 	 0.7587 	 5 	 3 
61.30 	 0.0000 	 0.7569 	 5 	 3 
61.40 	 0.0000 	 0.7531 	 5 	 15 
61.50 	 3.3333 	 0.7494 	 5 	 1 
61.60 	 0.0000 	 0.7468 	 5 	 1 
61.70 	 3.3333 	 0.7446 	 5 	 1 
61.80 	 0.0000 	 0.7429 	 5 	 4 
61.90 	 0.0000 	 0.7398 	 5 	 4 
62.00 	 0.0000 	 0.7365 	 5 	 4 
62.10 	 0.0000 	 0.7353 	 5 	 0 
62.20 	 0.0000 	 0.7358 	 5 	 0 
62.30 	 0.0000 	 0.7352 	 5 	 0 
62.40 	 3.3333 	 0.7350 	 6 	 6 
62.50 	 3.3333 	 0.7343 	 6 	 1 
62.60 	 0.0000 	 0.7339 	 6 	 1 
62.70 	 0.0000 	 0.7342 	 6 	 1 
62.80 	 3.3333 	 0.7361 	 6 	 1 
62.90 	 0.0000 	 0.7360 	 6 	 1 
63.00 	 0.0000 	 0.7369 	 6 	 1 
63.10 	 0.0000 	 0.7367 	 6 	 1 
63.20 	 0.0000 	 0.7367 	 6 	 1 
63.30 	 0.0000 	 0.7364 	 6 	 4 
63.40 	 0.0000 	 0.7354 	 6 	 4 
63.50 	 0.0000 	 0.7366 	 6 	 8 
63.60 	 0.0000 	 0.7392 	 6 	 0 
63.70 	 0.0000 	 0.7408 	 6 	 0 
63.80 	 3.3333 	 0.7411 	 6 	 5 
63.90 	 0.0000 	 0.7418 	 6 	 3 
64.00 	 3.3333 	 0.7418 	 6 	 1 
64.10 	 0.0000 	 0.7422 	 6 	 1 
64.20 	 3.3333 	 0.7429 	 6 	 1 
64.30 	 0.0000 	 0.7446 	 6 	 1 
64.40 	 0.0000 	 0.7444 	 6 	 3 
64.50 	 0.0000 	 0.7440 	 6 	 13 
64.60 	 0.0000 	 0.7440 	 6 	 1 
64.70 	 0.0000 	 0.7449 	 6 	 0 
64.80 	 0.0000 	 0.7456 	 6 	 11 
64.90 	 0.0000 	 0.7462 	 6 	 2 
65.00 	 0.0000 	 0.7470 	 6 	 0 
65.10 	 0.0000 	 0.7484 	 6 	 0 
65.20 	 3.3333 	 0.7492 	 6 	 2 
65.30 	 3.3333 	 0.7490 	 6 	 5 
65.40 	 0.0000 	 0.7499 	 6 	 5 
65.50 	 0.0000 	 0.7497 	 6 	 6 
65.60 	 0.0000 	 0.7498 	 6 	 3 
65.70 	 3.3333 	 0.7488 	 6 	 1 
65.80 	 0.0000 	 0.7490 	 7 	 3 
65.90 	 0.0000 	 0.7491 	 7 	 3 
66.00 	 0.0000 	 0.7506 	 7 	 13 
66.10 	 0.0000 	 0.7507 	 7 	 0 
66.20 	 0.0000 	 0.7492 	 7 	 2 
66.30 	 0.0000 	 0.7477 	 7 	 2 
66.40 	 0.0000 	 0.7440 	 7 	 2 
66.50 	 3.3333 	 0.7423 	 7 	 2 
66.60 	 0.0000 	 0.7422 	 7 	 2 
66.70 	 3.3333 	 0.7392 	 7 	 2 
66.80 	 0.0000 	 0.7374 	 7 	 3 
66.90 	 0.0000 	 0.7360 	 7 	 3 
67.00 	 3.3333 	 0.7363 	 7 	 3 
67.10 	 0.0000 	 0.7363 	 7 	 3 
67.20 	 0.0000 	 0.7341 	 7 	 3 
67.30 	 0.0000 	 0.7328 	 7 	 3 
67.40 	 0.0000 	 0.7307 	 7 	 7 
67.50 	 0.0000 	 0.7282 	 7 	 4 
67.60 	 0.0000 	 0.7264 	 7 	 2 
67.70 	 0.0000 	 0.7255 	 7 	 2 
67.80 	 0.0000 	 0.7254 	 7 	 7 
67.90 	 3.3333 	 0.7246 	 7 	 7 
68.00 	 0.0000 	 0.7243 	 7 	 3 
68.10 	 0.0000 	 0.7232 	 7 	 7 
68.20 	 3.3333 	 0.7222 	 7 	 7 
68.30 	 0.0000 	 0.7214 	 7 	 7 
68.40 	 3.3333 	 0.7206 	 7 	 3 
68.50 	 0.0000 	 0.7202 	 7 	 3 
68.60 	 0.0000 	 0.7207 	 7 	 3 
68.70 	 0.0000 	 0.7212 	 7 	 8 
68.80 	 0.0000 	 0.7205 	 7 	 10 
68.90 	 0.0000 	 0.7199 	 7 	 4 
69.00 	 0.0000 	 0.7201 	 7 	 4 
69.10 	 0.0000 	 0.7213 	 7 	 4 
69.20 	 0.0000 	 0.7210 	 7 	 4 
69.30 	 3.3333 	 0.7213 	 7 	 7 
69.40 	 0.0000 	 0.7211 	 8 	 9 
69.50 	 3.3333 	 0.7233 	 8 	 9 
69.60 	 0.0000 	 0.7229 	 8 	 3 
69.70 	 3.3333 	 0.7226 	 8 	 1 
69.80 	 0.0000 	 0.7226 	 8 	 1 
69.90 	 0.0000 	 0.7230 	 8 	 3 
70.00 	 0.0000 	 0.7240 	 8 	 8 
70.10 	 0.0000 	 0.7258 	 8 	 8 
70.20 	 0.0000 	 0.7268 	 8 	 8 
70.30 	 0.0000 	 0.7273 	 8 	 8 
70.40 	 0.0000 	 0.7285 	 8 	 8 
70.50 	 0.0000 	 0.7299 	 8 	 8 
70.60 	 0.0000 	 0.7302 	 8 	 0 
70.70 	 3.3333 	 0.7317 	 8 	 8 
70.80 	 3.3333 	 0.7318 	 8 	 9 
70.90 	 0.0000 	 0.7311 	 8 	 9 
71.00 	 0.0000 	 0.7317 	 8 	 9 
71.10 	 3.3333 	 0.7330 	 8 	 9 
71.20 	 0.0000 	 0.7332 	 8 	 6 
71.30 	 0.0000 	 0.7341 	 8 	 8 
71.40 	 0.0000 	 0.7345 	 8 	 2 
71.50 	 0.0000 	 0.7345 	 8 	 2 
71.60 	 0.0000 	 0.7340 	 8 	 0 
71.70 	 0.0000 	 0.7332 	 8 	 0 
71.80 	 0.0000 	 0.7321 	 8 	 8 
71.90 	 3.3333 	 0.7317 	 8 	 8 
72.00 	 0.0000 	 0.7312 	 8 	 8 
72.10 	 0.0000 	 0.7315 	 8 	 2 
72.20 	 3.3333 	 0.7302 	 8 	 2 
72.30 	 3.3333 	 0.7302 	 8 	 2 
72.40 	 0.0000 	 0.7290 	 8 	 4 
72.50 	 0.0000 	 0.7285 	 8 	 9 
72.60 	 0.0000 	 0.7264 	 8 	 5 
72.70 	 0.0000 	 0.7245 	 8 	 5 
72.80 	 0.0000 	 0.7232 	 8 	 3 
72.90 	 0.0000 	 0.7230 	 9 	 3 
73.00 	 0.0000 	 0.7223 	 9 	 0 
73.10 	 0.0000 	 0.7223 	 9 	 0 
73.20 	 0.0000 	 0.7213 	 9 	 0 
73.30 	 6.6667 	 0.7205 	 9 	 5 
73.40 	 0.0000 	 0.7208 	 9 	 8 
73.50 	 0.0000 	 0.7212 	 9 	 8 
73.60 	 0.0000 	 0.7202 	 9 	 8 
73.70 	 3.3333 	 0.7184 	 9 	 9 
73.80 	 0.0000 	 0.7190 	 9 	 9 
73.90 	 0.0000 	 0.7191 	 9 	 9 
74.00 	 0.0000 	 0.7175 	 9 	 9 
74.10 	 0.0000 	 0.7181 	 9 	 5 
74.20 	 0.0000 	 0.7196 	 9 	 3 
74.30 	 0.0000 	 0.7204 	 9 	 3 
74.40 	 0.0000 	 0.7213 	 9 	 3 
74.50 	 0.0000 	 0.7225 	 9 	 3 
74.60 	 0.0000 	 0.7209 	 9 	 0 
74.70 	 6.6667 	 0.7204 	 9 	 3 
74.80 	 0.0000 	 0.7194 	 9 	 9 
74.90 	 0.0000 	 0.7211 	 9 	 9 
75.00 	 0.0000 	 0.7204 	 9 	 9 
75.10 	 3.3333 	 0.7200 	 9 	 9 
75.20 	 0.0000 	 0.7201 	 9 	 9 
75.30 	 0.0000 	 0.7197 	 9 	 9 
75.40 	 0.0000 	 0.7194 	 9 	 9 
75.50 	 0.0000 	 0.7199 	 9 	 3 
75.60 	 0.0000 	 0.7202 	 9 	 3 
75.70 	 0.0000 	 0.7205 	 9 	 3 
75.80 	 0.0000 	 0.7202 	 9 	 3 
75.90 	 0.0000 	 0.7182 	 9 	 3 
76.00 	 0.0000 	 0.7189 	 9 	 0 
76.10 	 6.6667 	 0.7199 	 9 	 8 
76.20 	 0.0000 	 0.7208 	 9 	 8 
76.30 	 0.0000 	 0.7199 	 9 	 4 
76.40 	 0.0000 	 0.7196 	 10 	 4 
76.50 	 0.0000 	 0.7195 	 10 	 2 
76.60 	 3.3333 	 0.7194 	 10 	 2 
76.70 	 0.0000 	 0.7193 	 10 	 6 
76.80 	 0.0000 	 0.7179 	 10 	 6 
76.90 	 0.0000 	 0.7181 	 10 	 3 
77.00 	 0.0000 	 0.7197 	 10 	 4 
77.10 	 0.0000 	 0.7188 	 10 	 7 
77.20 	 0.0000 	 0.7172 	 10 	 5 
77.30 	 0.0000 	 0.7168 	 10 	 0 
77.40 	 0.0000 	 0.7163 	 10 	 0 
77.50 	 6.6667 	 0.7172 	 10 	 8 
77.60 	 0.0000 	 0.7169 	 10 	 8 
77.70 	 0.0000 	 0.7180 	 10 	 8 
77.80 	 0.0000 	 0.7181 	 10 	 4 
77.90 	 0.0000 	 0.7177 	 10 	 4 
78.00 	 3.3333 	 0.7156 	 10 	 4 
78.10 	 0.0000 	 0.7144 	 10 	 2 
78.20 	 0.0000 	 0.7138 	 10 	 4 
78.30 	 0.0000 	 0.7126 	 10 	 4 
78.40 	 0.0000 	 0.7127 	 10 	 4 
78.50 	 0.0000 	 0.7116 	 10 	 10 
78.60 	 0.0000 	 0.7115 	 10 	 10 
78.70 	 0.0000 	 0.7092 	 10 	 10 
78.80 	 0.0000 	 0.7088 	 10 	 10 
78.90 	 0.0000 	 0.7089 	 10 	 0 
79.00 	 6.6667 	 0.7084 	 10 	 4 
79.10 	 0.0000 	 0.7088 	 10 	 4 
79.20 	 0.0000 	 0.7076 	 10 	 4 
79.30 	 0.0000 	 0.7065 	 10 	 4 
79.40 	 0.0000 	 0.7061 	 10 	 4 
79.50 	 3.3333 	 0.7063 	 10 	 2 
79.60 	 0.0000 	 0.7072 	 10 	 2 
79.70 	 0.0000 	 0.7071 	 10 	 15 
79.80 	 0.0000 	 0.7071 	 11 	 9 
79.90 	 0.0000 	 0.7075 	 11 	 7 
80.00 	 0.0000 	 0.7076 	 11 	 3 
80.10 	 0.0000 	 0.7076 	 11 	 3 
80.20 	 0.0000 	 0.7073 	 11 	 0 
80.30 	 0.0000 	 0.7082 	 11 	 0 
80.40 	 6.6667 	 0.7076 	 11 	 8 
80.50 	 0.0000 	 0.7077 	 11 	 4 
80.60 	 0.0000 	 0.7083 	 11 	 8 
80.70 	 0.0000 	 0.7090 	 11 	 8 
80.80 	 0.0000 	 0.7100 	 11 	 4 
80.90 	 0.0000 	 0.7083 	 11 	 2 
81.00 	 3.3333 	 0.7078 	 11 	 2 
81.10 	 0.0000 	 0.7075 	 11 	 19 
81.20 	 0.0000 	 0.7071 	 11 	 7 
81.30 	 0.0000 	 0.7063 	 11 	 7 
81.40 	 0.0000 	 0.7067 	 11 	 7 
81.50 	 0.0000 	 0.7062 	 11 	 5 
81.60 	 0.0000 	 0.7064 	 11 	 5 
81.70 	 0.0000 	 0.7061 	 11 	 0 
81.80 	 3.3333 	 0.7056 	 11 	 3 
81.90 	 3.3333 	 0.7047 	 11 	 5 
82.00 	 0.0000 	 0.7044 	 11 	 11 
82.10 	 0.0000 	 0.7046 	 11 	 11 
82.20 	 0.0000 	 0.7060 	 11 	 8 
82.30 	 0.0000 	 0.7056 	 11 	 4 
82.40 	 0.0000 	 0.7049 	 11 	 2 
82.50 	 3.3333 	 0.7046 	 11 	 2 
82.60 	 0.0000 	 0.7045 	 11 	 7 
82.70 	 0.0000 	 0.7055 	 11 	 5 
82.80 	 0.0000 	 0.7060 	 11 	 5 
82.90 	 0.0000 	 0.7044 	 11 	 5 
83.00 	 0.0000 	 0.7027 	 11 	 3 
83.10 	 0.0000 	 0.7026 	 11 	 0 
83.20 	 0.0000 	 0.7016 	 12 	 0 
83.30 	 6.6667 	 0.7020 	 12 	 6 
83.40 	 0.0000 	 0.7005 	 12 	 8 
83.50 	 0.0000 	 0.7005 	 12 	 8 
83.60 	 0.0000 	 0.7009 	 12 	 8 
83.70 	 0.0000 	 0.7009 	 12 	 4 
83.80 	 0.0000 	 0.7017 	 12 	 2 
83.90 	 3.3333 	 0.7010 	 12 	 2 
84.00 	 0.0000 	 0.7002 	 12 	 7 
84.10 	 0.0000 	 0.7007 	 12 	 7 
84.20 	 0.0000 	 0.7002 	 12 	 7 
84.30 	 0.0000 	 0.6996 	 12 	 7 
84.40 	 0.0000 	 0.6989 	 12 	 7 
84.50 	 0.0000 	 0.6991 	 12 	 3 
84.60 	 0.0000 	 0.6991 	 12 	 0 
84.70 	 6.6667 	 0.6999 	 12 	 3 
84.80 	 0.0000 	 0.6998 	 12 	 6 
84.90 	 0.0000 	 0.6990 	 12 	 8 
85.00 	 0.0000 	 0.6993 	 12 	 8 
85.10 	 0.0000 	 0.6989 	 12 	 9 
85.20 	 0.0000 	 0.6993 	 12 	 4 
85.30 	 0.0000 	 0.6995 	 12 	 2 
85.40 	 3.3333 	 0.6992 	 12 	 2 
85.50 	 0.0000 	 0.6992 	 12 	 7 
85.60 	 0.0000 	 0.6990 	 12 	 7 
85.70 	 0.0000 	 0.6987 	 12 	 7 
85.80 	 0.0000 	 0.6990 	 12 	 7 
85.90 	 0.0000 	 0.6989 	 12 	 3 
86.00 	 0.0000 	 0.6989 	 12 	 0 
86.10 	 3.3333 	 0.6990 	 12 	 3 
86.20 	 3.3333 	 0.6981 	 12 	 3 
86.30 	 0.0000 	 0.6975 	 12 	 6 
86.40 	 0.0000 	 0.6971 	 12 	 8 
86.50 	 0.0000 	 0.6971 	 12 	 8 
86.60 	 0.0000 	 0.6973 	 12 	 9 
86.70 	 0.0000 	 0.6977 	 13 	 4 
86.80 	 0.0000 	 0.6989 	 13 	 2 
86.90 	 3.3333 	 0.6984 	 13 	 2 
87.00 	 0.0000 	 0.6988 	 13 	 7 
87.10 	 0.0000 	 0.6994 	 13 	 7 
87.20 	 0.0000 	 0.6991 	 13 	 7 
87.30 	 0.0000 	 0.6995 	 13 	 7 
87.40 	 0.0000 	 0.6998 	 13 	 3 
87.50 	 0.0000 	 0.7003 	 13 	 0 
87.60 	 6.6667 	 0.6998 	 13 	 1 
87.70 	 0.0000 	 0.6993 	 13 	 8 
87.80 	 0.0000 	 0.6998 	 13 	 8 
87.90 	 0.0000 	 0.7003 	 13 	 11 
88.00 	 0.0000 	 0.7009 	 13 	 11 
88.10 	 0.0000 	 0.7000 	 13 	 4 
88.20 	 0.0000 	 0.6997 	 13 	 2 
88.30 	 3.3333 	 0.6988 	 13 	 2 
88.40 	 0.0000 	 0.6993 	 13 	 2 
88.50 	 0.0000 	 0.6993 	 13 	 7 
88.60 	 0.0000 	 0.6989 	 13 	 7 
88.70 	 0.0000 	 0.6979 	 13 	 7 
88.80 	 0.0000 	 0.6971 	 13 	 7 
88.90 	 0.0000 	 0.6964 	 13 	 3 
89.00 	 3.3333 	 0.6969 	 13 	 3 
89.10 	 3.3333 	 0.6971 	 13 	 3 
89.20 	 0.0000 	 0.6970 	 13 	 8 
89.30 	 0.0000 	 0.6962 	 13 	 8 
89.40 	 0.0000 	 0.6959 	 13 	 11 
89.50 	 0.0000 	 0.6966 	 13 	 11 
89.60 	 0.0000 	 0.6965 	 13 	 4 
89.70 	 0.0000 	 0.6963 	 13 	 2 
89.80 	 3.3333 	 0.6959 	 13 	 2 
89.90 	 0.0000 	 0.6961 	 13 	 7 
90.00 	 0.0000 	 0.6973 	 14 	 10 
90.10 	 0.0000 	 0.6970 	 14 	 7 
90.20 	 0.0000 	 0.6968 	 14 	 7 
90.30 	 0.0000 	 0.6966 	 14 	 7 
90.40 	 3.3333 	 0.6958 	 14 	 3 
90.50 	 3.3333 	 0.6944 	 14 	 1 
90.60 	 0.0000 	 0.6939 	 14 	 8 
90.70 	 0.0000 	 0.6954 	 14 	 8 
90.80 	 0.0000 	 0.6953 	 14 	 6 
90.90 	 0.0000 	 0.6959 	 14 	 11 
91.00 	 0.0000 	 0.6949 	 14 	 2 
91.10 	 0.0000 	 0.6952 	 14 	 2 
91.20 	 0.0000 	 0.6951 	 14 	 2 
91.30 	 3.3333 	 0.6963 	 14 	 2 
91.40 	 0.0000 	 0.6959 	 14 	 10 
91.50 	 0.0000 	 0.6966 	 14 	 12 
91.60 	 0.0000 	 0.6953 	 14 	 7 
91.70 	 0.0000 	 0.6943 	 14 	 7 
91.80 	 0.0000 	 0.6958 	 14 	 3 
91.90 	 3.3333 	 0.6962 	 14 	 3 
92.00 	 3.3333 	 0.6964 	 14 	 1 
92.10 	 0.0000 	 0.6958 	 14 	 8 
92.20 	 0.0000 	 0.6947 	 14 	 8 
92.30 	 0.0000 	 0.6954 	 14 	 6 
92.40 	 0.0000 	 0.6964 	 14 	 8 
92.50 	 0.0000 	 0.6970 	 14 	 8 
92.60 	 0.0000 	 0.6968 	 14 	 2 
92.70 	 3.3333 	 0.6963 	 14 	 2 
92.80 	 0.0000 	 0.6958 	 14 	 2 
92.90 	 0.0000 	 0.6963 	 14 	 12 
93.00 	 0.0000 	 0.6965 	 14 	 17 
93.10 	 0.0000 	 0.6964 	 14 	 7 
93.20 	 0.0000 	 0.6956 	 14 	 7 
93.30 	 3.3333 	 0.6955 	 15 	 3 
93.40 	 3.3333 	 0.6959 	 15 	 1 
93.50 	 0.0000 	 0.6965 	 15 	 3 
93.60 	 0.0000 	 0.6964 	 15 	 11 
93.70 	 0.0000 	 0.6961 	 15 	 11 
93.80 	 0.0000 	 0.6959 	 15 	 6 
93.90 	 0.0000 	 0.6962 	 15 	 8 
94.00 	 0.0000 	 0.6958 	 15 	 8 
94.10 	 0.0000 	 0.6964 	 15 	 2 
94.20 	 3.3333 	 0.6953 	 15 	 2 
94.30 	 0.0000 	 0.6943 	 15 	 12 
94.40 	 0.0000 	 0.6946 	 15 	 12 
94.50 	 0.0000 	 0.6937 	 15 	 7 
94.60 	 0.0000 	 0.6935 	 15 	 7 
94.70 	 0.0000 	 0.6940 	 15 	 7 
94.80 	 3.3333 	 0.6934 	 15 	 3 
94.90 	 3.3333 	 0.6933 	 15 	 1 
95.00 	 0.0000 	 0.6940 	 15 	 18 
95.10 	 0.0000 	 0.6934 	 15 	 1 
95.20 	 0.0000 	 0.6942 	 15 	 6 
95.30 	 0.0000 	 0.6938 	 15 	 6 
95.40 	 0.0000 	 0.6950 	 15 	 8 
95.50 	 0.0000 	 0.6944 	 15 	 2 
95.60 	 0.0000 	 0.6945 	 15 	 2 
95.70 	 3.3333 	 0.6944 	 15 	 2 
95.80 	 0.0000 	 0.6945 	 15 	 12 
95.90 	 0.0000 	 0.6945 	 15 	 15 
96.00 	 0.0000 	 0.6946 	 15 	 7 
96.10 	 0.0000 	 0.6942 	 15 	 7 
96.20 	 3.3333 	 0.6932 	 15 	 7 
96.30 	 3.3333 	 0.6929 	 15 	 1 
96.40 	 0.0000 	 0.6933 	 15 	 1 
96.50 	 0.0000 	 0.6937 	 15 	 18 
96.60 	 0.0000 	 0.6939 	 15 	 1 
96.70 	 0.0000 	 0.6933 	 16 	 6 
96.80 	 0.0000 	 0.6926 	 16 	 6 
96.90 	 0.0000 	 0.6928 	 16 	 8 
97.00 	 0.0000 	 0.6926 	 16 	 2 
97.10 	 3.3333 	 0.6917 	 16 	 2 
97.20 	 0.0000 	 0.6918 	 16 	 2 
97.30 	 0.0000 	 0.6911 	 16 	 12 
97.40 	 0.0000 	 0.6904 	 16 	 7 
97.50 	 0.0000 	 0.6908 	 16 	 7 
97.60 	 3.3333 	 0.6910 	 16 	 7 
97.70 	 0.0000 	 0.6913 	 16 	 3 
97.80 	 3.3333 	 0.6911 	 16 	 1 
97.90 	 0.0000 	 0.6911 	 16 	 1 
98.00 	 0.0000 	 0.6911 	 16 	 16 
98.10 	 0.0000 	 0.6914 	 16 	 6 
98.20 	 0.0000 	 0.6911 	 16 	 6 
98.30 	 0.0000 	 0.6915 	 16 	 6 
98.40 	 0.0000 	 0.6910 	 16 	 8 
98.50 	 0.0000 	 0.6915 	 16 	 2 
98.60 	 3.3333 	 0.6912 	 16 	 2 
98.70 	 0.0000 	 0.6906 	 16 	 15 
98.80 	 0.0000 	 0.6907 	 16 	 5 
98.90 	 0.0000 	 0.6910 	 16 	 7 
99.00 	 0.0000 	 0.6907 	 16 	 7 
99.10 	 3.3333 	 0.6903 	 16 	 7 
99.20 	 0.0000 	 0.6896 	 16 	 3 
99.30 	 3.3333 	 0.6888 	 16 	 1 
99.40 	 0.0000 	 0.6891 	 16 	 16 
99.50 	 0.0000 	 0.6899 	 16 	 14 
99.60 	 0.0000 	 0.6907 	 16 	 6 
99.70 	 0.0000 	 0.6911 	 16 	 6 
99.80 	 0.0000 	 0.6911 	 16 	 6 
99.90 	 0.0000 	 0.6916 	 16 	 8 
100.00 	 0.0000 	 0.6907 	 17 	 0 
100.10 	 3.3333 	 0.6905 	 17 	 2 
100.20 	 0.0000 	 0.6907 	 17 	 15 
100.30 	 0.0000 	 0.6905 	 17 	 5 
100.40 	 0.0000 	 0.6914 	 17 	 7 
100.50 	 3.3333 	 0.6914 	 17 	 7 
100.60 	 0.0000 	 0.6901 	 17 	 7 
100.70 	 3.3333 	 0.6887 	 17 	 1 
100.80 	 0.0000 	 0.6882 	 17 	 1 
100.90 	 0.0000 	 0.6896 	 17 	 16 
101.00 	 0.0000 	 0.6898 	 17 	 16 
101.10 	 0.0000 	 0.6902 	 17 	 6 
101.20 	 0.0000 	 0.6900 	 17 	 6 
101.30 	 0.0000 	 0.6899 	 17 	 6 
101.40 	 0.0000 	 0.6892 	 17 	 2 
101.50 	 0.0000 	 0.6892 	 17 	 0 
101.60 	 3.3333 	 0.6890 	 17 	 2 
101.70 	 0.0000 	 0.6885 	 17 	 13 
101.80 	 0.0000 	 0.6875 	 17 	 5 
101.90 	 0.0000 	 0.6887 	 17 	 7 
102.00 	 3.3333 	 0.6883 	 17 	 7 
102.10 	 0.0000 	 0.6882 	 17 	 7 
102.20 	 3.3333 	 0.6876 	 17 	 1 
102.30 	 0.0000 	 0.6868 	 17 	 1 
102.40 	 0.0000 	 0.6867 	 17 	 14 
102.50 	 0.0000 	 0.6874 	 17 	 6 
102.60 	 0.0000 	 0.6881 	 17 	 6 
102.70 	 0.0000 	 0.6887 	 17 	 6 
102.80 	 0.0000 	 0.6882 	 17 	 8 
102.90 	 0.0000 	 0.6878 	 17 	 2 
103.00 	 3.3333 	 0.6872 	 17 	 2 
103.10 	 0.0000 	 0.6877 	 17 	 15 
103.20 	 0.0000 	 0.6878 	 17 	 5 
103.30 	 0.0000 	 0.6875 	 18 	 5 
103.40 	 3.3333 	 0.6878 	 18 	 7 
103.50 	 0.0000 	 0.6877 	 18 	 7 
103.60 	 0.0000 	 0.6883 	 18 	 7 
103.70 	 3.3333 	 0.6882 	 18 	 1 
103.80 	 0.0000 	 0.6879 	 18 	 14 
103.90 	 0.0000 	 0.6878 	 18 	 1 
104.00 	 0.0000 	 0.6880 	 18 	 6 
104.10 	 0.0000 	 0.6893 	 18 	 6 
104.20 	 0.0000 	 0.6895 	 18 	 6 
104.30 	 0.0000 	 0.6887 	 18 	 8 
104.40 	 0.0000 	 0.6879 	 18 	 0 
104.50 	 3.3333 	 0.6879 	 18 	 2 
104.60 	 0.0000 	 0.6875 	 18 	 0 
104.70 	 0.0000 	 0.6880 	 18 	 5 
104.80 	 0.0000 	 0.6887 	 18 	 5 
104.90 	 3.3333 	 0.6884 	 18 	 7 
105.00 	 0.0000 	 0.6882 	 18 	 7 
105.10 	 3.3333 	 0.6875 	 18 	 1 
105.20 	 0.0000 	 0.6865 	 18 	 1 
105.30 	 0.0000 	 0.6862 	 18 	 14 
105.40 	 0.0000 	 0.6876 	 18 	 2 
105.50 	 0.0000 	 0.6879 	 18 	 6 
105.60 	 0.0000 	 0.6883 	 18 	 6 
105.70 	 0.0000 	 0.6878 	 18 	 6 
105.80 	 0.0000 	 0.6871 	 18 	 2 
105.90 	 0.0000 	 0.6871 	 18 	 0 
106.00 	 3.3333 	 0.6872 	 18 	 2 
106.10 	 0.0000 	 0.6865 	 18 	 0 
106.20 	 0.0000 	 0.6871 	 18 	 5 
106.30 	 3.3333 	 0.6883 	 18 	 7 
106.40 	 0.0000 	 0.6877 	 18 	 7 
106.50 	 0.0000 	 0.6876 	 18 	 7 
106.60 	 3.3333 	 0.6862 	 19 	 1 
106.70 	 0.0000 	 0.6864 	 19 	 1 
106.80 	 0.0000 	 0.6870 	 19 	 14 
106.90 	 0.0000 	 0.6861 	 19 	 6 
107.00 	 0.0000 	 0.6857 	 19 	 6 
107.10 	 0.0000 	 0.6860 	 19 	 6 
107.20 	 0.0000 	 0.6867 	 19 	 6 
107.30 	 0.0000 	 0.6873 	 19 	 0 
107.40 	 3.3333 	 0.6868 	 19 	 2 
107.50 	 0.0000 	 0.6855 	 19 	 15 
107.60 	 0.0000 	 0.6854 	 19 	 5 
107.70 	 0.0000 	 0.6857 	 19 	 5 
107.80 	 3.3333 	 0.6863 	 19 	 7 
107.90 	 0.0000 	 0.6858 	 19 	 7 
108.00 	 0.0000 	 0.6855 	 19 	 7 
108.10 	 3.3333 	 0.6847 	 19 	 1 
108.20 	 0.0000 	 0.6850 	 19 	 14 
108.30 	 0.0000 	 0.6857 	 19 	 4 
108.40 	 0.0000 	 0.6862 	 19 	 6 
108.50 	 0.0000 	 0.6862 	 19 	 6 
108.60 	 0.0000 	 0.6859 	 19 	 6 
108.70 	 0.0000 	 0.6856 	 19 	 6 
108.80 	 0.0000 	 0.6840 	 19 	 0 
108.90 	 3.3333 	 0.6845 	 19 	 2 
109.00 	 0.0000 	 0.6850 	 19 	 0 
109.10 	 0.0000 	 0.6856 	 19 	 5 
109.20 	 3.3333 	 0.6861 	 19 	 5 
109.30 	 0.0000 	 0.6863 	 19 	 7 
109.40 	 0.0000 	 0.6849 	 19 	 7 
109.50 	 3.3333 	 0.6839 	 19 	 1 
109.60 	 0.0000 	 0.6841 	 19 	 1 
109.70 	 0.0000 	 0.6844 	 19 	 1 
109.80 	 0.0000 	 0.6855 	 19 	 4 
109.90 	 0.0000 	 0.6848 	 19 	 6 
110.00 	 0.0000 	 0.6846 	 19 	 6 
110.10 	 0.0000 	 0.6848 	 0 	 6 
110.20 	 0.0000 	 0.6846 	 0 	 0 
110.30 	 0.0000 	 0.6858 	 0 	 0 
110.40 	 3.3333 	 0.6884 	 0 	 15 
110.50 	 0.0000 	 0.6889 	 0 	 0 
110.60 	 0.0000 	 0.6912 	 0 	 5 
110.70 	 3.3333 	 0.6929 	 0 	 5 
110.80 	 0.0000 	 0.6949 	 0 	 7 
110.90 	 0.0000 	 0.6971 	 0 	 7 
111.00 	 3.3333 	 0.6994 	 0 	 1 
111.10 	 0.0000 	 0.7012 	 0 	 1 
111.20 	 0.0000 	 0.7022 	 0 	 1 
111.30 	 0.0000 	 0.7040 	 0 	 4 
111.40 	 0.0000 	 0.7061 	 0 	 6 
111.50 	 0.0000 	 0.7072 	 0 	 0 
111.60 	 0.0000 	 0.7071 	 0 	 0 
111.70 	 0.0000 	 0.7080 	 0 	 0 
111.80 	 3.3333 	 0.7085 	 0 	 2 
111.90 	 0.0000 	 0.7074 	 0 	 0 
112.00 	 0.0000 	 0.7082 	 0 	 5 
112.10 	 6.6667 	 0.7088 	 0 	 1 
112.20 	 0.0000 	 0.7085 	 0 	 1 
112.30 	 0.0000 	 0.7089 	 0 	 1 
112.40 	 0.0000 	 0.7088 	 0 	 1 
112.50 	 0.0000 	 0.7086 	 0 	 1 
112.60 	 0.0000 	 0.7087 	 0 	 1 
112.70 	 0.0000 	 0.7106 	 0 	 4 
112.80 	 0.0000 	 0.7111 	 0 	 4 
112.90 	 0.0000 	 0.7109 	 0 	 0 
113.00 	 3.3333 	 0.7109 	 0 	 6 
113.10 	 0.0000 	 0.7091 	 0 	 0 
113.20 	 0.0000 	 0.7089 	 0 	 0 
113.30 	 0.0000 	 0.7083 	 0 	 0 
113.40 	 0.0000 	 0.7087 	 0 	 0 
113.50 	 3.3333 	 0.7061 	 0 	 5 
113.60 	 3.3333 	 0.7063 	 1 	 1 
113.70 	 0.0000 	 0.7062 	 1 	 1 
113.80 	 0.0000 	 0.7076 	 1 	 1 
113.90 	 0.0000 	 0.7070 	 1 	 1 
114.00 	 0.0000 	 0.7072 	 1 	 1 
114.10 	 0.0000 	 0.7051 	 1 	 17 
114.20 	 0.0000 	 0.7035 	 1 	 4 
114.30 	 0.0000 	 0.7035 	 1 	 6 
114.40 	 3.3333 	 0.7020 	 1 	 6 
114.50 	 0.0000 	 0.7012 	 1 	 6 
114.60 	 0.0000 	 0.7002 	 1 	 0 
114.70 	 0.0000 	 0.7005 	 1 	 0 
114.80 	 0.0000 	 0.7008 	 1 	 0 
114.90 	 3.3333 	 0.7001 	 1 	 5 
115.00 	 3.3333 	 0.7010 	 1 	 1 
115.10 	 0.0000 	 0.7009 	 1 	 1 
115.20 	 0.0000 	 0.7006 	 1 	 1 
115.30 	 0.0000 	 0.7003 	 1 	 1 
115.40 	 0.0000 	 0.7004 	 1 	 1 
115.50 	 0.0000 	 0.6999 	 1 	 1 
115.60 	 0.0000 	 0.7001 	 1 	 4 
115.70 	 0.0000 	 0.6999 	 1 	 2 
115.80 	 0.0000 	 0.6997 	 1 	 0 
115.90 	 3.3333 	 0.6997 	 1 	 2 
116.00 	 3.3333 	 0.6990 	 1 	 2 
116.10 	 0.0000 	 0.6988 	 1 	 2 
116.20 	 0.0000 	 0.6987 	 1 	 2 
116.30 	 0.0000 	 0.6978 	 1 	 3 
116.40 	 0.0000 	 0.6971 	 1 	 5 
116.50 	 3.3333 	 0.6962 	 1 	 1 
116.60 	 0.0000 	 0.6961 	 1 	 1 
116.70 	 0.0000 	 0.6972 	 1 	 5 
116.80 	 0.0000 	 0.6966 	 1 	 7 
116.90 	 3.3333 	 0.6956 	 1 	 1 
117.00 	 0.0000 	 0.6946 	 1 	 1 
117.10 	 0.0000 	 0.6945 	 2 	 4 
117.20 	 0.0000 	 0.6941 	 2 	 2 
117.30 	 0.0000 	 0.6938 	 2 	 0 
117.40 	 0.0000 	 0.6935 	 2 	 0 
117.50 	 3.3333 	 0.6918 	 2 	 2 
117.60 	 0.0000 	 0.6925 	 2 	 2 
117.70 	 0.0000 	 0.6928 	 2 	 0 
117.80 	 0.0000 	 0.6930 	 2 	 3 
117.90 	 3.3333 	 0.6932 	 2 	 1 
118.00 	 0.0000 	 0.6930 	 2 	 1 
118.10 	 0.0000 	 0.6927 	 2 	 5 
118.20 	 0.0000 	 0.6927 	 2 	 7 
118.30 	 0.0000 	 0.6924 	 2 	 7 
118.40 	 0.0000 	 0.6927 	 2 	 17 
118.50 	 3.3333 	 0.6926 	 2 	 17 
118.60 	 3.3333 	 0.6925 	 2 	 1 
118.70 	 0.0000 	 0.6923 	 2 	 2 
118.80 	 0.0000 	 0.6931 	 2 	 2 
118.90 	 0.0000 	 0.6928 	 2 	 2 
119.00 	 0.0000 	 0.6931 	 2 	 2 
119.10 	 0.0000 	 0.6936 	 2 	 2 
119.20 	 0.0000 	 0.6940 	 2 	 16 
119.30 	 0.0000 	 0.6934 	 2 	 3 
119.40 	 3.3333 	 0.6937 	 2 	 1 
119.50 	 0.0000 	 0.6935 	 2 	 1 
119.60 	 0.0000 	 0.6937 	 2 	 3 
119.70 	 0.0000 	 0.6928 	 2 	 3 
119.80 	 0.0000 	 0.6928 	 2 	 3 
119.90 	 0.0000 	 0.6929 	 2 	 17 
120.00 	 3.3333 	 0.6936 	 2 	 2 
120.10 	 3.3333 	 0.6933 	 2 	 2 
120.20 	 0.0000 	 0.6926 	 2 	 2 
120.30 	 0.0000 	 0.6921 	 2 	 2 
120.40 	 0.0000 	 0.6913 	 2 	 6 
120.50 	 0.0000 	 0.6910 	 2 	 6 
120.60 	 0.0000 	 0.6909 	 2 	 0 
120.70 	 0.0000 	 0.6904 	 3 	 3 
120.80 	 3.3333 	 0.6906 	 3 	 1 
120.90 	 0.0000 	 0.6912 	 3 	 1 
121.00 	 0.0000 	 0.6916 	 3 	 5 
121.10 	 0.0000 	 0.6907 	 3 	 3 
121.20 	 0.0000 	 0.6906 	 3 	 3 
121.30 	 3.3333 	 0.6910 	 3 	 17 
121.40 	 0.0000 	 0.6914 	 3 	 17 
121.50 	 0.0000 	 0.6911 	 3 	 2 
121.60 	 3.3333 	 0.6916 	 3 	 2 
121.70 	 0.0000 	 0.6914 	 3 	 2 
121.80 	 0.0000 	 0.6915 	 3 	 2 
121.90 	 0.0000 	 0.6901 	 3 	 6 
122.00 	 0.0000 	 0.6897 	 3 	 0 
122.10 	 0.0000 	 0.6901 	 3 	 3 
122.20 	 0.0000 	 0.6900 	 3 	 3 
122.30 	 3.3333 	 0.6906 	 3 	 1 
122.40 	 0.0000 	 0.6903 	 3 	 5 
122.50 	 0.0000 	 0.6904 	 3 	 5 
122.60 	 0.0000 	 0.6898 	 3 	 3 
122.70 	 0.0000 	 0.6904 	 3 	 3 
122.80 	 0.0000 	 0.6910 	 3 	 17 
122.90 	 3.3333 	 0.6902 	 3 	 2 
123.00 	 0.0000 	 0.6899 	 3 	 2 
123.10 	 3.3333 	 0.6905 	 3 	 2 
123.20 	 0.0000 	 0.6903 	 3 	 2 
123.30 	 0.0000 	 0.6905 	 3 	 2 
123.40 	 0.0000 	 0.6901 	 3 	 6 
123.50 	 0.0000 	 0.6895 	 3 	 16 
123.60 	 0.0000 	 0.6893 	 3 	 16 
123.70 	 3.3333 	 0.6898 	 3 	 1 
123.80 	 0.0000 	 0.6898 	 3 	 1 
123.90 	 0.0000 	 0.6892 	 3 	 3 
124.00 	 0.0000 	 0.6895 	 3 	 3 
124.10 	 0.0000 	 0.6880 	 3 	 3 
124.20 	 0.0000 	 0.6890 	 3 	 17 
124.30 	 0.0000 	 0.6887 	 4 	 4 
124.40 	 3.3333 	 0.6889 	 4 	 2 
124.50 	 3.3333 	 0.6882 	 4 	 2 
124.60 	 0.0000 	 0.6894 	 4 	 2 
124.70 	 0.0000 	 0.6883 	 4 	 2 
124.80 	 0.0000 	 0.6883 	 4 	 6 
124.90 	 0.0000 	 0.6881 	 4 	 0 
125.00 	 0.0000 	 0.6893 	 4 	 3 
125.10 	 0.0000 	 0.6889 	 4 	 3 
125.20 	 3.3333 	 0.6883 	 4 	 1 
125.30 	 0.0000 	 0.6888 	 4 	 3 
125.40 	 0.0000 	 0.6883 	 4 	 3 
125.50 	 0.0000 	 0.6877 	 4 	 3 
125.60 	 0.0000 	 0.6877 	 4 	 5 
125.70 	 0.0000 	 0.6881 	 4 	 4 
125.80 	 0.0000 	 0.6871 	 4 	 2 
125.90 	 3.3333 	 0.6874 	 4 	 2 
126.00 	 3.3333 	 0.6877 	 4 	 2 
126.10 	 0.0000 	 0.6874 	 4 	 2 
126.20 	 0.0000 	 0.6876 	 4 	 6 
126.30 	 0.0000 	 0.6872 	 4 	 6 
126.40 	 0.0000 	 0.6873 	 4 	 16 
126.50 	 0.0000 	 0.6890 	 4 	 3 
126.60 	 3.3333 	 0.6880 	 4 	 1 
126.70 	 0.0000 	 0.6882 	 4 	 1 
126.80 	 0.0000 	 0.6875 	 4 	 3 
126.90 	 0.0000 	 0.6878 	 4 	 3 
127.00 	 0.0000 	 0.6878 	 4 	 3 
127.10 	 0.0000 	 0.6885 	 4 	 17 
127.20 	 0.0000 	 0.6888 	 4 	 4 
127.30 	 0.0000 	 0.6883 	 4 	 2 
127.40 	 3.3333 	 0.6875 	 4 	 2 
127.50 	 3.3333 	 0.6876 	 4 	 2 
127.60 	 0.0000 	 0.6878 	 4 	 6 
127.70 	 0.0000 	 0.6879 	 4 	 6 
127.80 	 0.0000 	 0.6881 	 4 	 6 
127.90 	 0.0000 	 0.6877 	 5 	 5 
128.00 	 0.0000 	 0.6878 	 5 	 5 
128.10 	 3.3333 	 0.6872 	 5 	 1 
128.20 	 0.0000 	 0.6873 	 5 	 1 
128.30 	 0.0000 	 0.6872 	 5 	 3 
128.40 	 0.0000 	 0.6873 	 5 	 3 
128.50 	 0.0000 	 0.6874 	 5 	 3 
128.60 	 0.0000 	 0.6875 	 5 	 0 
128.70 	 0.0000 	 0.6879 	 5 	 2 
128.80 	 0.0000 	 0.6871 	 5 	 0 
128.90 	 3.3333 	 0.6872 	 5 	 2 
129.00 	 3.3333 	 0.6870 	 5 	 2 
129.10 	 0.0000 	 0.6878 	 5 	 6 
129.20 	 0.0000 	 0.6880 	 5 	 4 
129.30 	 0.0000 	 0.6873 	 5 	 4 
129.40 	 0.0000 	 0.6871 	 5 	 5 
129.50 	 3.3333 	 0.6869 	 5 	 1 
129.60 	 0.0000 	 0.6865 	 5 	 1 
129.70 	 0.0000 	 0.6869 	 5 	 1 
129.80 	 0.0000 	 0.6858 	 5 	 3 
129.90 	 0.0000 	 0.6857 	 5 	 3 
130.00 	 0.0000 	 0.6860 	 5 	 5 
130.10 	 0.0000 	 0.6869 	 5 	 4 
130.20 	 0.0000 	 0.6868 	 5 	 2 
130.30 	 0.0000 	 0.6875 	 5 	 0 
130.40 	 6.6667 	 0.6870 	 5 	 2 
130.50 	 0.0000 	 0.6871 	 5 	 2 
130.60 	 0.0000 	 0.6877 	 5 	 6 
130.70 	 0.0000 	 0.6866 	 5 	 4 
130.80 	 0.0000 	 0.6873 	 5 	 5 
130.90 	 0.0000 	 0.6870 	 5 	 5 
131.00 	 3.3333 	 0.6876 	 5 	 1 
131.10 	 0.0000 	 0.6880 	 5 	 1 
131.20 	 0.0000 	 0.6877 	 5 	 3 
131.30 	 0.0000 	 0.6868 	 5 	 3 
131.40 	 0.0000 	 0.6860 	 5 	 7 
131.50 	 0.0000 	 0.6857 	 6 	 0 
131.60 	 0.0000 	 0.6873 	 6 	 4 
131.70 	 0.0000 	 0.6869 	 6 	 2 
131.80 	 0.0000 	 0.6871 	 6 	 0 
131.90 	 6.6667 	 0.6867 	 6 	 2 
132.00 	 0.0000 	 0.6858 	 6 	 2 
132.10 	 0.0000 	 0.6862 	 6 	 6 
132.20 	 0.0000 	 0.6864 	 6 	 4 
132.30 	 0.0000 	 0.6868 	 6 	 5 
132.40 	 3.3333 	 0.6874 	 6 	 1 
132.50 	 0.0000 	 0.6870 	 6 	 1 
132.60 	 0.0000 	 0.6877 	 6 	 1 
132.70 	 0.0000 	 0.6882 	 6 	 3 
132.80 	 0.0000 	 0.6875 	 6 	 3 
132.90 	 0.0000 	 0.6870 	 6 	 0 
133.00 	 0.0000 	 0.6871 	 6 	 4 
133.10 	 0.0000 	 0.6876 	 6 	 2 
133.20 	 0.0000 	 0.6879 	 6 	 0 
133.30 	 0.0000 	 0.6870 	 6 	 0 
133.40 	 6.6667 	 0.6861 	 6 	 2 
133.50 	 0.0000 	 0.6867 	 6 	 6 
133.60 	 0.0000 	 0.6860 	 6 	 6 
133.70 	 0.0000 	 0.6860 	 6 	 5 
133.80 	 0.0000 	 0.6871 	 6 	 5 
133.90 	 3.3333 	 0.6859 	 6 	 1 
134.00 	 0.0000 	 0.6859 	 6 	 1 
134.10 	 0.0000 	 0.6854 	 6 	 1 
134.20 	 0.0000 	 0.6846 	 6 	 3 
134.30 	 0.0000 	 0.6847 	 6 	 3 
134.40 	 0.0000 	 0.6849 	 6 	 0 
134.50 	 0.0000 	 0.6857 	 6 	 4 
134.60 	 0.0000 	 0.6865 	 6 	 2 
134.70 	 0.0000 	 0.6869 	 6 	 0 
134.80 	 0.0000 	 0.6860 	 6 	 0 
134.90 	 6.6667 	 0.6856 	 6 	 2 
135.00 	 0.0000 	 0.6858 	 6 	 6 
135.10 	 0.0000 	 0.6855 	 7 	 16 
135.20 	 0.0000 	 0.6860 	 7 	 5 
135.30 	 0.0000 	 0.6862 	 7 	 5 
135.40 	 3.3333 	 0.6864 	 7 	 1 
135.50 	 0.0000 	 0.6867 	 7 	 1 
135.60 	 0.0000 	 0.6861 	 7 	 1 
135.70 	 0.0000 	 0.6853 	 7 	 3 
135.80 	 0.0000 	 0.6855 	 7 	 0 
135.90 	 0.0000 	 0.6864 	 7 	 6 
136.00 	 0.0000 	 0.6860 	 7 	 2 
136.10 	 0.0000 	 0.6864 	 7 	 0 
136.20 	 0.0000 	 0.6860 	 7 	 0 
136.30 	 3.3333 	 0.6860 	 7 	 2 
136.40 	 3.3333 	 0.6857 	 7 	 2 
136.50 	 0.0000 	 0.6866 	 7 	 6 
136.60 	 0.0000 	 0.6864 	 7 	 16 
136.70 	 0.0000 	 0.6865 	 7 	 5 
136.80 	 3.3333 	 0.6862 	 7 	 1 
136.90 	 0.0000 	 0.6868 	 7 	 1 
137.00 	 0.0000 	 0.6867 	 7 	 1 
137.10 	 0.0000 	 0.6859 	 7 	 3 
137.20 	 0.0000 	 0.6851 	 7 	 3 
137.30 	 0.0000 	 0.6848 	 7 	 0 
137.40 	 0.0000 	 0.6857 	 7 	 4 
137.50 	 0.0000 	 0.6860 	 7 	 2 
137.60 	 0.0000 	 0.6861 	 7 	 0 
137.70 	 0.0000 	 0.6861 	 7 	 0 
137.80 	 3.3333 	 0.6855 	 7 	 2 
137.90 	 3.3333 	 0.6857 	 7 	 6 
138.00 	 0.0000 	 0.6855 	 7 	 6 
138.10 	 0.0000 	 0.6852 	 7 	 5 
138.20 	 0.0000 	 0.6852 	 7 	 5 
138.30 	 3.3333 	 0.6859 	 7 	 1 
138.40 	 0.0000 	 0.6857 	 7 	 1 
138.50 	 0.0000 	 0.6850 	 7 	 1 
138.60 	 0.0000 	 0.6846 	 7 	 3 
138.70 	 0.0000 	 0.6858 	 8 	 0 
138.80 	 0.0000 	 0.6860 	 8 	 6 
138.90 	 0.0000 	 0.6867 	 8 	 4 
139.00 	 0.0000 	 0.6867 	 8 	 0 
139.10 	 0.0000 	 0.6864 	 8 	 0 
139.20 	 0.0000 	 0.6857 	 8 	 0 
139.30 	 3.3333 	 0.6854 	 8 	 2 
139.40 	 3.3333 	 0.6851 	 8 	 6 
139.50 	 0.0000 	 0.6861 	 8 	 16 
139.60 	 0.0000 	 0.6858 	 8 	 3 
139.70 	 3.3333 	 0.6854 	 8 	 1 
139.80 	 0.0000 	 0.6856 	 8 	 1 
139.90 	 0.0000 	 0.6857 	 8 	 1 
140.00 	 0.0000 	 0.6857 	 8 	 1 
140.10 	 0.0000 	 0.6847 	 8 	 3 
140.20 	 0.0000 	 0.6839 	 8 	 0 
140.30 	 0.0000 	 0.6836 	 8 	 4 
140.40 	 0.0000 	 0.6846 	 8 	 4 
140.50 	 0.0000 	 0.6858 	 8 	 0 
140.60 	 0.0000 	 0.6853 	 8 	 0 
140.70 	 0.0000 	 0.6849 	 8 	 0 
140.80 	 3.3333 	 0.6850 	 8 	 2 
140.90 	 3.3333 	 0.6848 	 8 	 6 
141.00 	 0.0000 	 0.6853 	 8 	 5 
141.10 	 0.0000 	 0.6856 	 8 	 5 
141.20 	 3.3333 	 0.6861 	 8 	 1 
141.30 	 0.0000 	 0.6859 	 8 	 1 
141.40 	 0.0000 	 0.6856 	 8 	 1 
141.50 	 0.0000 	 0.6850 	 8 	 1 
141.60 	 0.0000 	 0.6849 	 8 	 3 
141.70 	 0.0000 	 0.6847 	 8 	 6 
141.80 	 0.0000 	 0.6855 	 8 	 4 
141.90 	 0.0000 	 0.6860 	 8 	 0 
142.00 	 0.0000 	 0.6858 	 8 	 0 
142.10 	 0.0000 	 0.6858 	 8 	 0 
142.20 	 3.3333 	 0.6848 	 8 	 2 
142.30 	 0.0000 	 0.6842 	 9 	 6 
142.40 	 0.0000 	 0.6840 	 9 	 16 
142.50 	 3.3333 	 0.6848 	 9 	 5 
142.60 	 3.3333 	 0.6852 	 9 	 1 
142.70 	 0.0000 	 0.6854 	 9 	 1 
142.80 	 0.0000 	 0.6855 	 9 	 1 
142.90 	 0.0000 	 0.6858 	 9 	 1 
143.00 	 0.0000 	 0.6859 	 9 	 5 
143.10 	 0.0000 	 0.6860 	 9 	 0 
143.20 	 0.0000 	 0.6852 	 9 	 6 
143.30 	 0.0000 	 0.6855 	 9 	 4 
143.40 	 0.0000 	 0.6860 	 9 	 0 
143.50 	 0.0000 	 0.6860 	 9 	 0 
143.60 	 0.0000 	 0.6859 	 9 	 0 
143.70 	 3.3333 	 0.6853 	 9 	 2 
143.80 	 0.0000 	 0.6857 	 9 	 6 
143.90 	 0.0000 	 0.6861 	 9 	 16 
144.00 	 3.3333 	 0.6864 	 9 	 3 
144.10 	 3.3333 	 0.6864 	 9 	 1 
144.20 	 0.0000 	 0.6863 	 9 	 1 
144.30 	 0.0000 	 0.6859 	 9 	 1 
144.40 	 0.0000 	 0.6856 	 9 	 1 
144.50 	 0.0000 	 0.6851 	 9 	 5 
144.60 	 0.0000 	 0.6851 	 9 	 6 
144.70 	 0.0000 	 0.6843 	 9 	 4 
144.80 	 0.0000 	 0.6844 	 9 	 0 
144.90 	 0.0000 	 0.6847 	 9 	 0 
145.00 	 0.0000 	 0.6841 	 9 	 0 
145.10 	 0.0000 	 0.6843 	 9 	 0 
145.20 	 3.3333 	 0.6850 	 9 	 2 
145.30 	 0.0000 	 0.6855 	 9 	 16 
145.40 	 3.3333 	 0.6859 	 9 	 5 
145.50 	 3.3333 	 0.6858 	 9 	 1 
145.60 	 0.0000 	 0.6857 	 9 	 1 
145.70 	 0.0000 	 0.6858 	 9 	 1 
145.80 	 0.0000 	 0.6860 	 9 	 1 
145.90 	 0.0000 	 0.6850 	 10 	 1 
146.00 	 0.0000 	 0.6852 	 10 	 5 
146.10 	 0.0000 	 0.6846 	 10 	 6 
146.20 	 0.0000 	 0.6854 	 10 	 4 
146.30 	 0.0000 	 0.6857 	 10 	 0 
146.40 	 0.0000 	 0.6860 	 10 	 0 
146.50 	 0.0000 	 0.6855 	 10 	 0 
146.60 	 3.3333 	 0.6859 	 10 	 2 
146.70 	 0.0000 	 0.6846 	 10 	 6 
146.80 	 0.0000 	 0.6847 	 10 	 16 
146.90 	 3.3333 	 0.6848 	 10 	 3 
147.00 	 3.3333 	 0.6852 	 10 	 1 
147.10 	 0.0000 	 0.6853 	 10 	 1 
147.20 	 0.0000 	 0.6859 	 10 	 1 
147.30 	 0.0000 	 0.6852 	 10 	 1 
147.40 	 0.0000 	 0.6855 	 10 	 5 
147.50 	 0.0000 	 0.6853 	 10 	 15 
147.60 	 0.0000 	 0.6850 	 10 	 4 
147.70 	 0.0000 	 0.6857 	 10 	 0 
147.80 	 0.0000 	 0.6850 	 10 	 0 
147.90 	 0.0000 	 0.6847 	 10 	 0 
148.00 	 0.0000 	 0.6860 	 10 	 0 
148.10 	 3.3333 	 0.6855 	 10 	 2 
148.20 	 0.0000 	 0.6860 	 10 	 0 
148.30 	 0.0000 	 0.6860 	 10 	 5 
148.40 	 0.0000 	 0.6856 	 10 	 3 
148.50 	 6.6667 	 0.6849 	 10 	 1 
148.60 	 0.0000 	 0.6846 	 10 	 1 
148.70 	 0.0000 	 0.6841 	 10 	 1 
148.80 	 0.0000 	 0.6840 	 10 	 1 
148.90 	 0.0000 	 0.6843 	 10 	 5 
149.00 	 0.0000 	 0.6843 	 10 	 6 
149.10 	 0.0000 	 0.6839 	 10 	 4 
149.20 	 0.0000 	 0.6839 	 10 	 0 
149.30 	 0.0000 	 0.6846 	 10 	 0 
149.40 	 0.0000 	 0.6847 	 11 	 0 
149.50 	 0.0000 	 0.6843 	 11 	 0 
149.60 	 3.3333 	 0.6846 	 11 	 2 
149.70 	 0.0000 	 0.6843 	 11 	 16 
149.80 	 0.0000 	 0.6848 	 11 	 5 
149.90 	 3.3333 	 0.6848 	 11 	 3 
150.00 	 3.3333 	 0.6849 	 11 	 1 
150.10 	 0.0000 	 0.6844 	 11 	 1 
150.20 	 0.0000 	 0.6833 	 11 	 1 
150.30 	 0.0000 	 0.6833 	 11 	 1 
150.40 	 0.0000 	 0.6843 	 11 	 15 
150.50 	 0.0000 	 0.6850 	 11 	 4 
150.60 	 0.0000 	 0.6850 	 11 	 4 
150.70 	 0.0000 	 0.6852 	 11 	 0 
150.80 	 0.0000 	 0.6852 	 11 	 0 
150.90 	 0.0000 	 0.6856 	 11 	 0 
151.00 	 3.3333 	 0.6855 	 11 	 2 
151.10 	 0.0000 	 0.6856 	 11 	 11 
151.20 	 0.0000 	 0.6855 	 11 	 5 
151.30 	 0.0000 	 0.6852 	 11 	 3 
151.40 	 3.3333 	 0.6855 	 11 	 3 
151.50 	 3.3333 	 0.6857 	 11 	 1 
151.60 	 0.0000 	 0.6865 	 11 	 1 
151.70 	 0.0000 	 0.6857 	 11 	 1 
151.80 	 0.0000 	 0.6848 	 11 	 5 
151.90 	 0.0000 	 0.6843 	 11 	 15 
152.00 	 0.0000 	 0.6842 	 11 	 4 
152.10 	 0.0000 	 0.6850 	 11 	 0 
152.20 	 0.0000 	 0.6856 	 11 	 0 
152.30 	 0.0000 	 0.6858 	 11 	 0 
152.40 	 0.0000 	 0.6861 	 11 	 0 
152.50 	 3.3333 	 0.6853 	 11 	 2 
152.60 	 0.0000 	 0.6853 	 11 	 0 
152.70 	 0.0000 	 0.6860 	 11 	 5 
152.80 	 3.3333 	 0.6852 	 11 	 3 
152.90 	 0.0000 	 0.6863 	 12 	 3 
153.00 	 3.3333 	 0.6857 	 12 	 1 
153.10 	 0.0000 	 0.6852 	 12 	 1 
153.20 	 0.0000 	 0.6854 	 12 	 1 
153.30 	 0.0000 	 0.6850 	 12 	 12 
153.40 	 0.0000 	 0.6859 	 12 	 15 
153.50 	 0.0000 	 0.6851 	 12 	 4 
153.60 	 0.0000 	 0.6841 	 12 	 0 
153.70 	 0.0000 	 0.6849 	 12 	 0 
153.80 	 0.0000 	 0.6849 	 12 	 0 
153.90 	 0.0000 	 0.6848 	 12 	 0 
154.00 	 3.3333 	 0.6856 	 12 	 11 
154.10 	 0.0000 	 0.6845 	 12 	 0 
154.20 	 0.0000 	 0.6851 	 12 	 3 
154.30 	 3.3333 	 0.6847 	 12 	 3 
154.40 	 3.3333 	 0.6844 	 12 	 1 
154.50 	 0.0000 	 0.6847 	 12 	 1 
154.60 	 0.0000 	 0.6845 	 12 	 1 
154.70 	 0.0000 	 0.6837 	 12 	 5 
154.80 	 0.0000 	 0.6837 	 12 	 1 
154.90 	 0.0000 	 0.6842 	 12 	 4 
155.00 	 0.0000 	 0.6847 	 12 	 0 
155.10 	 0.0000 	 0.6842 	 12 	 0 
155.20 	 0.0000 	 0.6846 	 12 	 0 
155.30 	 0.0000 	 0.6842 	 12 	 0 
155.40 	 3.3333 	 0.6838 	 12 	 4 
155.50 	 0.0000 	 0.6843 	 12 	 0 
155.60 	 0.0000 	 0.6847 	 12 	 5 
155.70 	 3.3333 	 0.6842 	 12 	 3 
155.80 	 0.0000 	 0.6835 	 12 	 3 
155.90 	 3.3333 	 0.6835 	 12 	 1 
156.00 	 0.0000 	 0.6839 	 12 	 1 
156.10 	 0.0000 	 0.6846 	 12 	 1 
156.20 	 0.0000 	 0.6843 	 12 	 1 
156.30 	 0.0000 	 0.6846 	 12 	 15 
156.40 	 0.0000 	 0.6841 	 12 	 2 
156.50 	 0.0000 	 0.6849 	 13 	 0 
156.60 	 0.0000 	 0.6847 	 13 	 0 
156.70 	 0.0000 	 0.6840 	 13 	 0 
156.80 	 0.0000 	 0.6835 	 13 	 0 
156.90 	 3.3333 	 0.6839 	 13 	 4 
157.00 	 0.0000 	 0.6843 	 13 	 0 
157.10 	 0.0000 	 0.6847 	 13 	 3 
157.20 	 3.3333 	 0.6847 	 13 	 3 
157.30 	 0.0000 	 0.6839 	 13 	 3 
157.40 	 3.3333 	 0.6844 	 13 	 1 
157.50 	 0.0000 	 0.6846 	 13 	 1 
157.60 	 0.0000 	 0.6840 	 13 	 1 
157.70 	 0.0000 	 0.6842 	 13 	 1 
157.80 	 0.0000 	 0.6849 	 13 	 4 
157.90 	 0.0000 	 0.6850 	 13 	 0 
158.00 	 0.0000 	 0.6857 	 13 	 0 
158.10 	 0.0000 	 0.6859 	 13 	 0 
158.20 	 0.0000 	 0.6851 	 13 	 0 
158.30 	 0.0000 	 0.6847 	 13 	 0 
158.40 	 3.3333 	 0.6847 	 13 	 11 
158.50 	 0.0000 	 0.6845 	 13 	 5 
158.60 	 0.0000 	 0.6850 	 13 	 3 
158.70 	 3.3333 	 0.6855 	 13 	 3 
158.80 	 0.0000 	 0.6848 	 13 	 3 
158.90 	 3.3333 	 0.6852 	 13 	 1 
159.00 	 0.0000 	 0.6849 	 13 	 1 
159.10 	 0.0000 	 0.6846 	 13 	 10 
159.20 	 0.0000 	 0.6845 	 13 	 1 
159.30 	 0.0000 	 0.6855 	 13 	 4 
159.40 	 0.0000 	 0.6848 	 13 	 0 
159.50 	 0.0000 	 0.6842 	 13 	 0 
159.60 	 0.0000 	 0.6837 	 13 	 0 
159.70 	 0.0000 	 0.6833 	 13 	 0 
159.80 	 3.3333 	 0.6837 	 13 	 4 
159.90 	 0.0000 	 0.6841 	 13 	 0 
160.00 	 0.0000 	 0.6828 	 14 	 5 
160.10 	 3.3333 	 0.6843 	 14 	 3 
160.20 	 0.0000 	 0.6841 	 14 	 3 
160.30 	 0.0000 	 0.6846 	 14 	 3 
160.40 	 3.3333 	 0.6846 	 14 	 1 
160.50 	 0.0000 	 0.6849 	 14 	 1 
160.60 	 0.0000 	 0.6846 	 14 	 1 
160.70 	 0.0000 	 0.6849 	 14 	 4 
160.80 	 0.0000 	 0.6852 	 14 	 2 
160.90 	 0.0000 	 0.6853 	 14 	 0 
161.00 	 0.0000 	 0.6849 	 14 	 0 
161.10 	 0.0000 	 0.6849 	 14 	 0 
161.20 	 0.0000 	 0.6843 	 14 	 0 
161.30 	 3.3333 	 0.6845 	 14 	 11 
161.40 	 0.0000 	 0.6841 	 14 	 5 
161.50 	 0.0000 	 0.6839 	 14 	 3 
161.60 	 3.3333 	 0.6840 	 14 	 3 
161.70 	 0.0000 	 0.6849 	 14 	 3 
161.80 	 0.0000 	 0.6853 	 14 	 3 
161.90 	 3.3333 	 0.6860 	 14 	 1 
162.00 	 0.0000 	 0.6858 	 14 	 1 
162.10 	 0.0000 	 0.6846 	 14 	 1 
162.20 	 0.0000 	 0.6842 	 14 	 4 
162.30 	 0.0000 	 0.6838 	 14 	 2 
162.40 	 0.0000 	 0.6836 	 14 	 0 
162.50 	 0.0000 	 0.6838 	 14 	 0 
162.60 	 0.0000 	 0.6844 	 14 	 0 
162.70 	 3.3333 	 0.6839 	 14 	 4 
162.80 	 0.0000 	 0.6844 	 14 	 11 
162.90 	 0.0000 	 0.6843 	 14 	 5 
163.00 	 3.3333 	 0.6844 	 14 	 3 
163.10 	 0.0000 	 0.6839 	 14 	 3 
163.20 	 0.0000 	 0.6840 	 14 	 3 
163.30 	 0.0000 	 0.6845 	 14 	 3 
163.40 	 3.3333 	 0.6837 	 14 	 1 
163.50 	 0.0000 	 0.6844 	 15 	 1 
163.60 	 0.0000 	 0.6843 	 15 	 1 
163.70 	 0.0000 	 0.6842 	 15 	 2 
163.80 	 0.0000 	 0.6841 	 15 	 2 
163.90 	 0.0000 	 0.6843 	 15 	 0 
164.00 	 0.0000 	 0.6841 	 15 	 0 
164.10 	 0.0000 	 0.6844 	 15 	 0 
164.20 	 3.3333 	 0.6847 	 15 	 4 
164.30 	 0.0000 	 0.6842 	 15 	 5 
164.40 	 0.0000 	 0.6847 	 15 	 3 
164.50 	 3.3333 	 0.6846 	 15 	 3 
164.60 	 0.0000 	 0.6848 	 15 	 3 
164.70 	 0.0000 	 0.6854 	 15 	 3 
164.80 	 0.0000 	 0.6845 	 15 	 3 
164.90 	 3.3333 	 0.6835 	 15 	 1 
165.00 	 0.0000 	 0.6840 	 15 	 1 
165.10 	 0.0000 	 0.6837 	 15 	 4 
165.20 	 0.0000 	 0.6838 	 15 	 2 
165.30 	 0.0000 	 0.6840 	 15 	 2 
165.40 	 0.0000 	 0.6850 	 15 	 0 
165.50 	 0.0000 	 0.6852 	 15 	 0 
165.60 	 0.0000 	 0.6851 	 15 	 0 
165.70 	 3.3333 	 0.6848 	 15 	 11 
165.80 	 0.0000 	 0.6836 	 15 	 5 
165.90 	 3.3333 	 0.6835 	 15 	 3 
166.00 	 0.0000 	 0.6836 	 15 	 3 
166.10 	 0.0000 	 0.6850 	 15 	 3 
166.20 	 0.0000 	 0.6858 	 15 	 3 
166.30 	 0.0000 	 0.6859 	 15 	 3 
166.40 	 3.3333 	 0.6855 	 15 	 10 
166.50 	 0.0000 	 0.6851 	 15 	 1 
166.60 	 0.0000 	 0.6848 	 15 	 2 
166.70 	 0.0000 	 0.6844 	 15 	 2 
166.80 	 0.0000 	 0.6842 	 15 	 2 
166.90 	 0.0000 	 0.6843 	 15 	 0 
167.00 	 0.0000 	 0.6850 	 16 	 0 
167.10 	 3.3333 	 0.6851 	 16 	 9 
167.20 	 0.0000 	 0.6841 	 16 	 0 
167.30 	 0.0000 	 0.6850 	 16 	 3 
167.40 	 3.3333 	 0.6844 	 16 	 3 
167.50 	 0.0000 	 0.6844 	 16 	 3 
167.60 	 0.0000 	 0.6840 	 16 	 3 
167.70 	 0.0000 	 0.6842 	 16 	 3 
167.80 	 0.0000 	 0.6841 	 16 	 10 
167.90 	 3.3333 	 0.6839 	 16 	 10 
168.00 	 0.0000 	 0.6838 	 16 	 4 
168.10 	 0.0000 	 0.6838 	 16 	 2 
168.20 	 0.0000 	 0.6835 	 16 	 2 
168.30 	 0.0000 	 0.6839 	 16 	 0 
168.40 	 0.0000 	 0.6837 	 16 	 0 
168.50 	 0.0000 	 0.6848 	 16 	 0 
168.60 	 3.3333 	 0.6842 	 16 	 11 
168.70 	 0.0000 	 0.6837 	 16 	 0 
168.80 	 3.3333 	 0.6839 	 16 	 1 
168.90 	 0.0000 	 0.6843 	 16 	 3 
169.00 	 0.0000 	 0.6840 	 16 	 3 
169.10 	 0.0000 	 0.6845 	 16 	 3 
169.20 	 0.0000 	 0.6841 	 16 	 3 
169.30 	 0.0000 	 0.6843 	 16 	 10 
169.40 	 3.3333 	 0.6840 	 16 	 1 
169.50 	 0.0000 	 0.6844 	 16 	 4 
169.60 	 0.0000 	 0.6843 	 16 	 2 
169.70 	 0.0000 	 0.6847 	 16 	 2 
169.80 	 0.0000 	 0.6844 	 16 	 0 
169.90 	 0.0000 	 0.6843 	 16 	 0 
170.00 	 0.0000 	 0.6840 	 16 	 0 
170.10 	 3.3333 	 0.6841 	 16 	 0 
170.20 	 0.0000 	 0.6843 	 16 	 3 
170.30 	 3.3333 	 0.6843 	 16 	 1 
170.40 	 0.0000 	 0.6849 	 16 	 3 
170.50 	 0.0000 	 0.6840 	 17 	 3 
170.60 	 0.0000 	 0.6836 	 17 	 3 
170.70 	 0.0000 	 0.6838 	 17 	 3 
170.80 	 0.0000 	 0.6836 	 17 	 10 
170.90 	 3.3333 	 0.6850 	 17 	 4 
171.00 	 0.0000 	 0.6843 	 17 	 2 
171.10 	 0.0000 	 0.6844 	 17 	 2 
171.20 	 0.0000 	 0.6842 	 17 	 2 
171.30 	 0.0000 	 0.6831 	 17 	 0 
171.40 	 0.0000 	 0.6828 	 17 	 0 
171.50 	 3.3333 	 0.6831 	 17 	 9 
171.60 	 0.0000 	 0.6840 	 17 	 0 
171.70 	 0.0000 	 0.6846 	 17 	 3 
171.80 	 3.3333 	 0.6843 	 17 	 1 
171.90 	 0.0000 	 0.6843 	 17 	 3 
172.00 	 0.0000 	 0.6843 	 17 	 3 
172.10 	 0.0000 	 0.6840 	 17 	 3 
172.20 	 0.0000 	 0.6833 	 17 	 3 
172.30 	 0.0000 	 0.6838 	 17 	 10 
172.40 	 3.3333 	 0.6841 	 17 	 4 
172.50 	 0.0000 	 0.6842 	 17 	 2 
172.60 	 0.0000 	 0.6845 	 17 	 2 
172.70 	 0.0000 	 0.6841 	 17 	 2 
172.80 	 0.0000 	 0.6838 	 17 	 0 
172.90 	 0.0000 	 0.6840 	 17 	 0 
173.00 	 3.3333 	 0.6842 	 17 	 0 
173.10 	 0.0000 	 0.6850 	 17 	 0 
173.20 	 3.3333 	 0.6843 	 17 	 1 
173.30 	 0.0000 	 0.6843 	 17 	 1 
173.40 	 0.0000 	 0.6845 	 17 	 3 
173.50 	 0.0000 	 0.6838 	 17 	 3 
173.60 	 0.0000 	 0.6837 	 17 	 3 
173.70 	 0.0000 	 0.6842 	 17 	 10 
173.80 	 3.3333 	 0.6846 	 17 	 4 
173.90 	 0.0000 	 0.6842 	 17 	 2 
174.00 	 0.0000 	 0.6840 	 17 	 2 
174.10 	 0.0000 	 0.6839 	 18 	 2 
174.20 	 0.0000 	 0.6841 	 18 	 2 
174.30 	 0.0000 	 0.6837 	 18 	 0 
174.40 	 0.0000 	 0.6835 	 18 	 0 
174.50 	 3.3333 	 0.6841 	 18 	 0 
174.60 	 0.0000 	 0.6850 	 18 	 3 
174.70 	 3.3333 	 0.6839 	 18 	 1 
174.80 	 0.0000 	 0.6840 	 18 	 3 
174.90 	 0.0000 	 0.6844 	 18 	 3 
175.00 	 0.0000 	 0.6841 	 18 	 3 
175.10 	 0.0000 	 0.6842 	 18 	 3 
175.20 	 0.0000 	 0.6841 	 18 	 10 
175.30 	 3.3333 	 0.6842 	 18 	 4 
175.40 	 0.0000 	 0.6838 	 18 	 2 
175.50 	 0.0000 	 0.6841 	 18 	 2 
175.60 	 0.0000 	 0.6844 	 18 	 2 
175.70 	 0.0000 	 0.6840 	 18 	 2 
175.80 	 0.0000 	 0.6841 	 18 	 0 
175.90 	 3.3333 	 0.6836 	 18 	 9 
176.00 	 0.0000 	 0.6839 	 18 	 0 
176.10 	 3.3333 	 0.6839 	 18 	 1 
176.20 	 0.0000 	 0.6845 	 18 	 1 
176.30 	 0.0000 	 0.6848 	 18 	 3 
176.40 	 0.0000 	 0.6843 	 18 	 3 
176.50 	 0.0000 	 0.6848 	 18 	 3 
176.60 	 0.0000 	 0.6843 	 18 	 10 
176.70 	 0.0000 	 0.6833 	 18 	 4 
176.80 	 3.3333 	 0.6838 	 18 	 2 
176.90 	 0.0000 	 0.6838 	 18 	 2 
177.00 	 0.0000 	 0.6843 	 18 	 2 
177.10 	 0.0000 	 0.6851 	 18 	 2 
177.20 	 0.0000 	 0.6844 	 18 	 2 
177.30 	 0.0000 	 0.6843 	 18 	 0 
177.40 	 3.3333 	 0.6840 	 18 	 0 
177.50 	 0.0000 	 0.6837 	 18 	 3 
177.60 	 3.3333 	 0.6841 	 19 	 1 
177.70 	 0.0000 	 0.6850 	 19 	 1 
177.80 	 0.0000 	 0.6847 	 19 	 3 
177.90 	 0.0000 	 0.6840 	 19 	 3 
178.00 	 0.0000 	 0.6836 	 19 	 3 
178.10 	 0.0000 	 0.6833 	 19 	 10 
178.20 	 0.0000 	 0.6841 	 19 	 4 
178.30 	 3.3333 	 0.6840 	 19 	 2 
178.40 	 0.0000 	 0.6846 	 19 	 2 
178.50 	 0.0000 	 0.6843 	 19 	 2 
178.60 	 0.0000 	 0.6846 	 19 	 2 
178.70 	 0.0000 	 0.6845 	 19 	 2 
178.80 	 3.3333 	 0.6842 	 19 	 9 
178.90 	 0.0000 	 0.6839 	 19 	 0 
179.00 	 3.3333 	 0.6840 	 19 	 1 
179.10 	 0.0000 	 0.6846 	 19 	 1 
179.20 	 0.0000 	 0.6846 	 19 	 1 
179.30 	 0.0000 	 0.6843 	 19 	 3 
179.40 	 0.0000 	 0.6842 	 19 	 3 
179.50 	 0.0000 	 0.6840 	 19 	 8 
179.60 	 0.0000 	 0.6842 	 19 	 0 
179.70 	 0.0000 	 0.6848 	 19 	 2 
179.80 	 3.3333 	 0.6851 	 19 	 2 
179.90 	 0.0000 	 0.6850 	 19 	 2 
180.00 	 0.0000 	 0.6843 	 19 	 2 
180.10 	 0.0000 	 0.6842 	 19 	 2 
180.20 	 0.0000 	 0.6843 	 19 	 2 
180.30 	 3.3333 	 0.6841 	 19 	 9 
180.40 	 0.0000 	 0.6844 	 19 	 3 
180.50 	 3.3333 	 0.6841 	 19 	 1 
180.60 	 0.0000 	 0.6839 	 19 	 1 
180.70 	 0.0000 	 0.6841 	 19 	 1 
180.80 	 0.0000 	 0.6836 	 19 	 3 
180.90 	 0.0000 	 0.6832 	 19 	 3 
181.00 	 0.0000 	 0.6840 	 19 	 10 
181.10 	 0.0000 	 0.6843 	 19 	 0 
181.20 	 0.0000 	 0.6844 	 0 	 0 
181.30 	 3.3333 	 0.6846 	 0 	 2 
181.40 	 0.0000 	 0.6842 	 0 	 2 
181.50 	 0.0000 	 0.6841 	 0 	 2 
181.60 	 0.0000 	 0.6838 	 0 	 2 
181.70 	 0.0000 	 0.6836 	 0 	 9 
181.80 	 3.3333 	 0.6834 	 0 	 0 
181.90 	 0.0000 	 0.6844 	 0 	 3 
182.00 	 3.3333 	 0.6842 	 0 	 1 
182.10 	 0.0000 	 0.6847 	 0 	 1 
182.20 	 0.0000 	 0.6837 	 0 	 1 
182.30 	 0.0000 	 0.6837 	 0 	 3 
182.40 	 0.0000 	 0.6840 	 0 	 3 
182.50 	 0.0000 	 0.6840 	 0 	 0 
182.60 	 0.0000 	 0.6842 	 0 	 0 
182.70 	 0.0000 	 0.6841 	 0 	 0 
182.80 	 3.3333 	 0.6845 	 0 	 2 
182.90 	 0.0000 	 0.6846 	 0 	 2 
183.00 	 0.0000 	 0.6849 	 0 	 2 
183.10 	 0.0000 	 0.6853 	 0 	 2 
183.20 	 3.3333 	 0.6846 	 0 	 9 
183.30 	 0.0000 	 0.6852 	 0 	 3 
183.40 	 3.3333 	 0.6847 	 0 	 1 
183.50 	 0.0000 	 0.6840 	 0 	 1 
183.60 	 0.0000 	 0.6837 	 0 	 1 
183.70 	 0.0000 	 0.6838 	 0 	 1 
183.80 	 0.0000 	 0.6845 	 0 	 3 
183.90 	 0.0000 	 0.6849 	 0 	 8 
184.00 	 0.0000 	 0.6845 	 0 	 0 
184.10 	 0.0000 	 0.6845 	 0 	 0 
184.20 	 0.0000 	 0.6840 	 0 	 0 
184.30 	 3.3333 	 0.6838 	 0 	 2 
184.40 	 0.0000 	 0.6838 	 0 	 2 
184.50 	 0.0000 	 0.6846 	 0 	 2 
184.60 	 0.0000 	 0.6844 	 0 	 2 
184.70 	 3.3333 	 0.6839 	 0 	 9 
184.80 	 0.0000 	 0.6842 	 0 	 3 
184.90 	 3.3333 	 0.6837 	 1 	 1 
185.00 	 0.0000 	 0.6831 	 1 	 1 
185.10 	 0.0000 	 0.6838 	 1 	 1 
185.20 	 0.0000 	 0.6834 	 1 	 1 
185.30 	 0.0000 	 0.6841 	 1 	 3 
185.40 	 0.0000 	 0.6838 	 1 	 8 
185.50 	 0.0000 	 0.6838 	 1 	 0 
185.60 	 0.0000 	 0.6839 	 1 	 0 
185.70 	 0.0000 	 0.6838 	 1 	 0 
185.80 	 3.3333 	 0.6845 	 1 	 2 
185.90 	 0.0000 	 0.6844 	 1 	 2 
186.00 	 0.0000 	 0.6840 	 1 	 2 
186.10 	 3.3333 	 0.6840 	 1 	 9 
186.20 	 0.0000 	 0.6845 	 1 	 3 
186.30 	 3.3333 	 0.6841 	 1 	 1 
186.40 	 0.0000 	 0.6843 	 1 	 1 
186.50 	 0.0000 	 0.6849 	 1 	 1 
186.60 	 0.0000 	 0.6847 	 1 	 1 
186.70 	 0.0000 	 0.6846 	 1 	 3 
186.80 	 0.0000 	 0.6847 	 1 	 8 
186.90 	 0.0000 	 0.6844 	 1 	 0 
187.00 	 0.0000 	 0.6851 	 1 	 2 
187.10 	 0.0000 	 0.6846 	 1 	 0 
187.20 	 0.0000 	 0.6846 	 1 	 0 
187.30 	 3.3333 	 0.6846 	 1 	 2 
187.40 	 0.0000 	 0.6844 	 1 	 2 
187.50 	 0.0000 	 0.6842 	 1 	 2 
187.60 	 3.3333 	 0.6837 	 1 	 9 
187.70 	 0.0000 	 0.6839 	 1 	 3 
187.80 	 3.3333 	 0.6847 	 1 	 1 
187.90 	 0.0000 	 0.6847 	 1 	 1 
188.00 	 0.0000 	 0.6846 	 1 	 1 
188.10 	 0.0000 	 0.6844 	 1 	 1 
188.20 	 0.0000 	 0.6836 	 1 	 3 
188.30 	 0.0000 	 0.6834 	 1 	 8 
188.40 	 0.0000 	 0.6824 	 1 	 0 
188.50 	 0.0000 	 0.6836 	 2 	 0 
188.60 	 0.0000 	 0.6834 	 2 	 0 
188.70 	 3.3333 	 0.6839 	 2 	 2 
188.80 	 0.0000 	 0.6838 	 2 	 2 
188.90 	 0.0000 	 0.6833 	 2 	 2 
189.00 	 3.3333 	 0.6831 	 2 	 7 
189.10 	 0.0000 	 0.6831 	 2 	 1 
189.20 	 3.3333 	 0.6840 	 2 	 1 
189.30 	 0.0000 	 0.6847 	 2 	 1 
189.40 	 0.0000 	 0.6843 	 2 	 1 
189.50 	 0.0000 	 0.6837 	 2 	 1 
189.60 	 0.0000 	 0.6837 	 2 	 1 
189.70 	 0.0000 	 0.6841 	 2 	 8 
189.80 	 0.0000 	 0.6848 	 2 	 8 
189.90 	 0.0000 	 0.6851 	 2 	 2 
190.00 	 0.0000 	 0.6849 	 2 	 0 
190.10 	 0.0000 	 0.6840 	 2 	 0 
190.20 	 3.3333 	 0.6841 	 2 	 2 
190.30 	 0.0000 	 0.6841 	 2 	 2 
190.40 	 0.0000 	 0.6840 	 2 	 2 
190.50 	 3.3333 	 0.6850 	 2 	 9 
190.60 	 0.0000 	 0.6850 	 2 	 3 
190.70 	 3.3333 	 0.6845 	 2 	 1 
190.80 	 0.0000 	 0.6841 	 2 	 1 
190.90 	 0.0000 	 0.6839 	 2 	 1 
191.00 	 0.0000 	 0.6843 	 2 	 1 
191.10 	 0.0000 	 0.6843 	 2 	 1 
191.20 	 0.0000 	 0.6843 	 2 	 8 
191.30 	 0.0000 	 0.6841 	 2 	 0 
191.40 	 0.0000 	 0.6842 	 2 	 0 
191.50 	 0.0000 	 0.6843 	 2 	 0 
191.60 	 0.0000 	 0.6848 	 2 	 0 
191.70 	 3.3333 	 0.6849 	 2 	 2 
191.80 	 0.0000 	 0.6849 	 2 	 2 
191.90 	 0.0000 	 0.6846 	 2 	 7 
192.00 	 3.3333 	 0.6837 	 2 	 1 
192.10 	 0.0000 	 0.6840 	 3 	 3 
192.20 	 3.3333 	 0.6846 	 3 	 1 
192.30 	 0.0000 	 0.6848 	 3 	 1 
192.40 	 0.0000 	 0.6844 	 3 	 1 
192.50 	 0.0000 	 0.6844 	 3 	 1 
192.60 	 0.0000 	 0.6840 	 3 	 1 
192.70 	 0.0000 	 0.6846 	 3 	 8 
192.80 	 0.0000 	 0.6848 	 3 	 2 
192.90 	 0.0000 	 0.6851 	 3 	 0 
193.00 	 0.0000 	 0.6845 	 3 	 0 
193.10 	 0.0000 	 0.6840 	 3 	 0 
193.20 	 3.3333 	 0.6833 	 3 	 2 
193.30 	 0.0000 	 0.6835 	 3 	 2 
193.40 	 3.3333 	 0.6838 	 3 	 7 
193.50 	 0.0000 	 0.6834 	 3 	 1 
193.60 	 3.3333 	 0.6836 	 3 	 1 
193.70 	 0.0000 	 0.6842 	 3 	 1 
193.80 	 0.0000 	 0.6835 	 3 	 1 
193.90 	 0.0000 	 0.6834 	 3 	 1 
194.00 	 0.0000 	 0.6838 	 3 	 1 
194.10 	 0.0000 	 0.6832 	 3 	 8 
194.20 	 0.0000 	 0.6838 	 3 	 8 
194.30 	 0.0000 	 0.6841 	 3 	 0 
194.40 	 0.0000 	 0.6842 	 3 	 0 
194.50 	 0.0000 	 0.6840 	 3 	 0 
194.60 	 0.0000 	 0.6830 	 3 	 0 
194.70 	 3.3333 	 0.6834 	 3 	 2 
194.80 	 0.0000 	 0.6833 	 3 	 7 
194.90 	 3.3333 	 0.6843 	 3 	 1 
195.00 	 0.0000 	 0.6841 	 3 	 1 
195.10 	 3.3333 	 0.6836 	 3 	 1 
195.20 	 0.0000 	 0.6835 	 3 	 1 
195.30 	 0.0000 	 0.6836 	 3 	 1 
195.40 	 0.0000 	 0.6846 	 3 	 1 
195.50 	 0.0000 	 0.6839 	 3 	 1 
195.60 	 0.0000 	 0.6837 	 4 	 8 
195.70 	 0.0000 	 0.6835 	 4 	 0 
195.80 	 0.0000 	 0.6834 	 4 	 0 
195.90 	 0.0000 	 0.6834 	 4 	 0 
196.00 	 0.0000 	 0.6831 	 4 	 0 
196.10 	 0.0000 	 0.6839 	 4 	 0 
196.20 	 3.3333 	 0.6839 	 4 	 2 
196.30 	 3.3333 	 0.6842 	 4 	 7 
196.40 	 0.0000 	 0.6840 	 4 	 1 
196.50 	 3.3333 	 0.6845 	 4 	 1 
196.60 	 0.0000 	 0.6847 	 4 	 1 
196.70 	 0.0000 	 0.6835 	 4 	 1 
196.80 	 0.0000 	 0.6834 	 4 	 1 
196.90 	 0.0000 	 0.6832 	 4 	 1 
197.00 	 0.0000 	 0.6834 	 4 	 6 
197.10 	 0.0000 	 0.6857 	 4 	 8 
197.20 	 0.0000 	 0.6848 	 4 	 2 
197.30 	 0.0000 	 0.6845 	 4 	 0 
197.40 	 0.0000 	 0.6842 	 4 	 0 
197.50 	 0.0000 	 0.6842 	 4 	 0 
197.60 	 3.3333 	 0.6839 	 4 	 2 
197.70 	 0.0000 	 0.6833 	 4 	 7 
197.80 	 3.3333 	 0.6839 	 4 	 7 
197.90 	 0.0000 	 0.6834 	 4 	 1 
198.00 	 3.3333 	 0.6834 	 4 	 1 
198.10 	 0.0000 	 0.6845 	 4 	 1 
198.20 	 0.0000 	 0.6844 	 4 	 1 
198.30 	 0.0000 	 0.6835 	 4 	 1 
198.40 	 0.0000 	 0.6841 	 4 	 1 
198.50 	 0.0000 	 0.6834 	 4 	 8 
198.60 	 0.0000 	 0.6842 	 4 	 8 
198.70 	 0.0000 	 0.6845 	 4 	 0 
198.80 	 0.0000 	 0.6846 	 4 	 0 
198.90 	 0.0000 	 0.6851 	 4 	 0 
199.00 	 0.0000 	 0.6847 	 4 	 0 
199.10 	 3.3333 	 0.6846 	 4 	 2 
199.20 	 3.3333 	 0.6840 	 5 	 7 
199.30 	 0.0000 	 0.6840 	 5 	 14 
199.40 	 3.3333 	 0.6833 	 5 	 1 
199.50 	 0.0000 	 0.6839 	 5 	 1 
199.60 	 0.0000 	 0.6837 	 5 	 1 
199.70 	 0.0000 	 0.6842 	 5 	 1 
199.80 	 0.0000 	 0.6839 	 5 	 1 
199.90 	 0.0000 	 0.6845 	 5 	 1 
200.00 	 0.0000 	 0.6848 	 5 	 8 
