# Optimal flow and avg speed dependent on time 
 # Aggressives: 0 
 # Velocity factor: 0.3 
0.10 	 0.0000 	 0.9544 	 8 	 0 
0.20 	 3.3333 	 0.9319 	 8 	 1 
0.30 	 0.0000 	 0.9094 	 8 	 1 
0.40 	 0.0000 	 0.8870 	 8 	 0 
0.50 	 0.0000 	 0.8665 	 8 	 0 
0.60 	 3.3333 	 0.8452 	 8 	 1 
0.70 	 0.0000 	 0.8266 	 8 	 1 
0.80 	 0.0000 	 0.8093 	 8 	 2 
0.90 	 0.0000 	 0.7939 	 8 	 0 
1.00 	 3.3333 	 0.7806 	 8 	 1 
1.10 	 0.0000 	 0.7673 	 8 	 1 
1.20 	 0.0000 	 0.7544 	 8 	 0 
1.30 	 0.0000 	 0.7438 	 8 	 0 
1.40 	 0.0000 	 0.7337 	 8 	 0 
1.50 	 3.3333 	 0.7257 	 9 	 1 
1.60 	 0.0000 	 0.7194 	 9 	 2 
1.70 	 0.0000 	 0.7139 	 9 	 0 
1.80 	 0.0000 	 0.7095 	 9 	 0 
1.90 	 0.0000 	 0.7053 	 9 	 0 
2.00 	 3.3333 	 0.7044 	 9 	 1 
2.10 	 0.0000 	 0.7031 	 9 	 1 
2.20 	 0.0000 	 0.7004 	 9 	 0 
2.30 	 3.3333 	 0.6991 	 9 	 1 
2.40 	 0.0000 	 0.6980 	 9 	 1 
2.50 	 0.0000 	 0.6967 	 9 	 1 
2.60 	 0.0000 	 0.6957 	 9 	 0 
2.70 	 0.0000 	 0.6951 	 9 	 0 
2.80 	 3.3333 	 0.6946 	 9 	 1 
2.90 	 0.0000 	 0.6960 	 9 	 1 
3.00 	 0.0000 	 0.6960 	 9 	 1 
3.10 	 0.0000 	 0.6970 	 9 	 0 
3.20 	 3.3333 	 0.6978 	 9 	 1 
3.30 	 0.0000 	 0.6994 	 9 	 1 
3.40 	 0.0000 	 0.6992 	 9 	 1 
3.50 	 0.0000 	 0.6997 	 9 	 0 
3.60 	 0.0000 	 0.6996 	 9 	 0 
3.70 	 0.0000 	 0.6998 	 9 	 0 
3.80 	 0.0000 	 0.7009 	 9 	 0 
3.90 	 3.3333 	 0.7004 	 9 	 0 
4.00 	 0.0000 	 0.7007 	 9 	 0 
4.10 	 0.0000 	 0.7015 	 9 	 0 
4.20 	 3.3333 	 0.7021 	 9 	 1 
4.30 	 3.3333 	 0.7028 	 9 	 1 
4.40 	 0.0000 	 0.7032 	 9 	 1 
4.50 	 0.0000 	 0.7039 	 9 	 1 
4.60 	 0.0000 	 0.7046 	 9 	 1 
4.70 	 0.0000 	 0.7056 	 9 	 1 
4.80 	 0.0000 	 0.7046 	 9 	 1 
4.90 	 0.0000 	 0.7033 	 9 	 0 
5.00 	 0.0000 	 0.7030 	 9 	 0 
5.10 	 0.0000 	 0.7016 	 10 	 0 
5.20 	 0.0000 	 0.7019 	 10 	 0 
5.30 	 0.0000 	 0.7002 	 10 	 0 
5.40 	 3.3333 	 0.6992 	 10 	 0 
5.50 	 3.3333 	 0.6991 	 10 	 1 
5.60 	 3.3333 	 0.6995 	 10 	 1 
5.70 	 0.0000 	 0.6993 	 10 	 1 
5.80 	 0.0000 	 0.6982 	 10 	 1 
5.90 	 0.0000 	 0.6980 	 10 	 19 
6.00 	 0.0000 	 0.6970 	 10 	 1 
6.10 	 0.0000 	 0.6970 	 10 	 1 
6.20 	 0.0000 	 0.6956 	 10 	 2 
6.30 	 0.0000 	 0.6950 	 10 	 2 
6.40 	 0.0000 	 0.6955 	 10 	 0 
6.50 	 0.0000 	 0.6950 	 10 	 0 
6.60 	 0.0000 	 0.6947 	 10 	 0 
6.70 	 0.0000 	 0.6933 	 10 	 0 
6.80 	 3.3333 	 0.6930 	 10 	 0 
6.90 	 3.3333 	 0.6932 	 10 	 1 
7.00 	 3.3333 	 0.6927 	 10 	 1 
7.10 	 0.0000 	 0.6920 	 10 	 1 
7.20 	 0.0000 	 0.6922 	 10 	 1 
7.30 	 0.0000 	 0.6925 	 10 	 19 
7.40 	 0.0000 	 0.6931 	 10 	 19 
7.50 	 0.0000 	 0.6931 	 10 	 1 
7.60 	 0.0000 	 0.6933 	 10 	 1 
7.70 	 0.0000 	 0.6920 	 10 	 2 
7.80 	 0.0000 	 0.6919 	 10 	 0 
7.90 	 0.0000 	 0.6921 	 10 	 0 
8.00 	 0.0000 	 0.6927 	 10 	 0 
8.10 	 0.0000 	 0.6928 	 10 	 0 
8.20 	 0.0000 	 0.6923 	 10 	 0 
8.30 	 6.6667 	 0.6921 	 10 	 1 
8.40 	 0.0000 	 0.6915 	 10 	 1 
8.50 	 3.3333 	 0.6912 	 10 	 1 
8.60 	 0.0000 	 0.6905 	 10 	 1 
8.70 	 0.0000 	 0.6914 	 11 	 2 
8.80 	 0.0000 	 0.6911 	 11 	 19 
8.90 	 0.0000 	 0.6912 	 11 	 19 
9.00 	 0.0000 	 0.6912 	 11 	 1 
9.10 	 0.0000 	 0.6916 	 11 	 1 
9.20 	 0.0000 	 0.6920 	 11 	 2 
9.30 	 0.0000 	 0.6915 	 11 	 0 
9.40 	 0.0000 	 0.6915 	 11 	 0 
9.50 	 0.0000 	 0.6919 	 11 	 0 
9.60 	 0.0000 	 0.6915 	 11 	 0 
9.70 	 3.3333 	 0.6915 	 11 	 0 
9.80 	 3.3333 	 0.6915 	 11 	 1 
9.90 	 0.0000 	 0.6901 	 11 	 1 
10.00 	 3.3333 	 0.6894 	 11 	 1 
10.10 	 0.0000 	 0.6897 	 11 	 1 
10.20 	 0.0000 	 0.6902 	 11 	 3 
10.30 	 0.0000 	 0.6906 	 11 	 3 
10.40 	 0.0000 	 0.6904 	 11 	 1 
10.50 	 0.0000 	 0.6898 	 11 	 1 
10.60 	 0.0000 	 0.6891 	 11 	 0 
10.70 	 0.0000 	 0.6890 	 11 	 0 
10.80 	 0.0000 	 0.6892 	 11 	 0 
10.90 	 0.0000 	 0.6893 	 11 	 0 
11.00 	 0.0000 	 0.6897 	 11 	 0 
11.10 	 3.3333 	 0.6894 	 11 	 0 
11.20 	 0.0000 	 0.6893 	 11 	 0 
11.30 	 3.3333 	 0.6894 	 11 	 1 
11.40 	 3.3333 	 0.6889 	 11 	 1 
11.50 	 0.0000 	 0.6894 	 11 	 1 
11.60 	 0.0000 	 0.6898 	 11 	 3 
11.70 	 0.0000 	 0.6899 	 11 	 3 
11.80 	 0.0000 	 0.6885 	 11 	 3 
11.90 	 0.0000 	 0.6884 	 11 	 1 
12.00 	 0.0000 	 0.6895 	 11 	 0 
12.10 	 0.0000 	 0.6892 	 11 	 2 
12.20 	 0.0000 	 0.6892 	 11 	 0 
12.30 	 0.0000 	 0.6898 	 12 	 0 
12.40 	 0.0000 	 0.6889 	 12 	 0 
12.50 	 0.0000 	 0.6896 	 12 	 0 
12.60 	 3.3333 	 0.6893 	 12 	 0 
12.70 	 0.0000 	 0.6893 	 12 	 0 
12.80 	 3.3333 	 0.6889 	 12 	 1 
12.90 	 3.3333 	 0.6884 	 12 	 1 
13.00 	 0.0000 	 0.6896 	 12 	 1 
13.10 	 0.0000 	 0.6905 	 12 	 19 
13.20 	 0.0000 	 0.6912 	 12 	 17 
13.30 	 0.0000 	 0.6907 	 12 	 19 
13.40 	 0.0000 	 0.6918 	 12 	 1 
13.50 	 0.0000 	 0.6916 	 12 	 0 
13.60 	 0.0000 	 0.6917 	 12 	 0 
13.70 	 0.0000 	 0.6925 	 12 	 0 
13.80 	 0.0000 	 0.6939 	 12 	 0 
13.90 	 0.0000 	 0.6937 	 12 	 0 
14.00 	 3.3333 	 0.6949 	 12 	 18 
14.10 	 0.0000 	 0.6932 	 12 	 0 
14.20 	 3.3333 	 0.6936 	 12 	 4 
14.30 	 0.0000 	 0.6937 	 12 	 4 
14.40 	 3.3333 	 0.6940 	 12 	 1 
14.50 	 0.0000 	 0.6936 	 12 	 4 
14.60 	 0.0000 	 0.6945 	 12 	 17 
14.70 	 0.0000 	 0.6949 	 12 	 17 
14.80 	 0.0000 	 0.6945 	 12 	 19 
14.90 	 0.0000 	 0.6948 	 12 	 4 
15.00 	 0.0000 	 0.6939 	 12 	 4 
15.10 	 0.0000 	 0.6935 	 12 	 0 
15.20 	 0.0000 	 0.6935 	 12 	 0 
15.30 	 0.0000 	 0.6934 	 12 	 0 
15.40 	 3.3333 	 0.6931 	 12 	 4 
15.50 	 0.0000 	 0.6926 	 12 	 4 
15.60 	 0.0000 	 0.6925 	 12 	 4 
15.70 	 3.3333 	 0.6920 	 12 	 4 
15.80 	 3.3333 	 0.6921 	 12 	 1 
15.90 	 0.0000 	 0.6923 	 12 	 4 
16.00 	 0.0000 	 0.6928 	 13 	 4 
16.10 	 0.0000 	 0.6927 	 13 	 17 
16.20 	 0.0000 	 0.6919 	 13 	 17 
16.30 	 0.0000 	 0.6913 	 13 	 4 
16.40 	 0.0000 	 0.6901 	 13 	 4 
16.50 	 0.0000 	 0.6907 	 13 	 0 
16.60 	 0.0000 	 0.6908 	 13 	 0 
16.70 	 0.0000 	 0.6907 	 13 	 0 
16.80 	 3.3333 	 0.6906 	 13 	 18 
16.90 	 0.0000 	 0.6918 	 13 	 4 
17.00 	 0.0000 	 0.6914 	 13 	 4 
17.10 	 0.0000 	 0.6913 	 13 	 4 
17.20 	 6.6667 	 0.6912 	 13 	 1 
17.30 	 0.0000 	 0.6906 	 13 	 4 
17.40 	 0.0000 	 0.6906 	 13 	 19 
17.50 	 0.0000 	 0.6904 	 13 	 17 
17.60 	 0.0000 	 0.6907 	 13 	 5 
17.70 	 0.0000 	 0.6908 	 13 	 19 
17.80 	 0.0000 	 0.6909 	 13 	 5 
17.90 	 0.0000 	 0.6901 	 13 	 5 
18.00 	 0.0000 	 0.6907 	 13 	 0 
18.10 	 0.0000 	 0.6906 	 13 	 0 
18.20 	 0.0000 	 0.6904 	 13 	 0 
18.30 	 3.3333 	 0.6911 	 13 	 18 
18.40 	 0.0000 	 0.6911 	 13 	 4 
18.50 	 0.0000 	 0.6911 	 13 	 5 
18.60 	 0.0000 	 0.6904 	 13 	 5 
18.70 	 6.6667 	 0.6895 	 13 	 1 
18.80 	 0.0000 	 0.6889 	 13 	 19 
18.90 	 0.0000 	 0.6890 	 13 	 17 
19.00 	 0.0000 	 0.6899 	 13 	 5 
19.10 	 0.0000 	 0.6896 	 13 	 5 
19.20 	 0.0000 	 0.6897 	 13 	 1 
19.30 	 0.0000 	 0.6895 	 13 	 5 
19.40 	 0.0000 	 0.6893 	 13 	 0 
19.50 	 0.0000 	 0.6893 	 13 	 0 
19.60 	 0.0000 	 0.6900 	 14 	 0 
19.70 	 3.3333 	 0.6898 	 14 	 18 
19.80 	 0.0000 	 0.6902 	 14 	 16 
19.90 	 0.0000 	 0.6908 	 14 	 4 
20.00 	 0.0000 	 0.6906 	 14 	 5 
20.10 	 0.0000 	 0.6892 	 14 	 5 
20.20 	 6.6667 	 0.6889 	 14 	 19 
20.30 	 0.0000 	 0.6903 	 14 	 6 
20.40 	 0.0000 	 0.6916 	 14 	 17 
20.50 	 0.0000 	 0.6925 	 14 	 17 
20.60 	 0.0000 	 0.6929 	 14 	 17 
20.70 	 0.0000 	 0.6934 	 14 	 1 
20.80 	 0.0000 	 0.6935 	 14 	 5 
20.90 	 0.0000 	 0.6948 	 14 	 0 
21.00 	 0.0000 	 0.6952 	 14 	 0 
21.10 	 3.3333 	 0.6954 	 14 	 5 
21.20 	 0.0000 	 0.6968 	 14 	 6 
21.30 	 0.0000 	 0.6973 	 14 	 6 
21.40 	 0.0000 	 0.6978 	 14 	 0 
21.50 	 0.0000 	 0.6981 	 14 	 0 
21.60 	 6.6667 	 0.6973 	 14 	 6 
21.70 	 0.0000 	 0.6982 	 14 	 6 
21.80 	 0.0000 	 0.6987 	 14 	 6 
21.90 	 0.0000 	 0.6990 	 14 	 17 
22.00 	 0.0000 	 0.6991 	 14 	 17 
22.10 	 0.0000 	 0.6988 	 14 	 1 
22.20 	 0.0000 	 0.6997 	 14 	 0 
22.30 	 0.0000 	 0.7005 	 14 	 6 
22.40 	 0.0000 	 0.6998 	 14 	 0 
22.50 	 3.3333 	 0.7007 	 14 	 5 
22.60 	 0.0000 	 0.7008 	 14 	 5 
22.70 	 0.0000 	 0.6997 	 14 	 6 
22.80 	 0.0000 	 0.6995 	 14 	 6 
22.90 	 0.0000 	 0.6999 	 14 	 6 
23.00 	 3.3333 	 0.7003 	 14 	 6 
23.10 	 3.3333 	 0.7001 	 14 	 6 
23.20 	 0.0000 	 0.7020 	 14 	 6 
23.30 	 0.0000 	 0.7029 	 15 	 6 
23.40 	 0.0000 	 0.7031 	 15 	 6 
23.50 	 0.0000 	 0.7037 	 15 	 6 
23.60 	 0.0000 	 0.7035 	 15 	 6 
23.70 	 0.0000 	 0.7047 	 15 	 6 
23.80 	 0.0000 	 0.7032 	 15 	 0 
23.90 	 3.3333 	 0.7028 	 15 	 5 
24.00 	 0.0000 	 0.7038 	 15 	 5 
24.10 	 0.0000 	 0.7048 	 15 	 5 
24.20 	 0.0000 	 0.7043 	 15 	 2 
24.30 	 0.0000 	 0.7047 	 15 	 6 
24.40 	 0.0000 	 0.7043 	 15 	 6 
24.50 	 3.3333 	 0.7032 	 15 	 6 
24.60 	 3.3333 	 0.7032 	 15 	 4 
24.70 	 0.0000 	 0.7041 	 15 	 6 
24.80 	 0.0000 	 0.7050 	 15 	 4 
24.90 	 0.0000 	 0.7048 	 15 	 4 
25.00 	 0.0000 	 0.7030 	 15 	 4 
25.10 	 3.3333 	 0.7022 	 15 	 4 
25.20 	 0.0000 	 0.7016 	 15 	 4 
25.30 	 0.0000 	 0.7015 	 15 	 5 
25.40 	 0.0000 	 0.7004 	 15 	 5 
25.50 	 0.0000 	 0.7002 	 15 	 2 
25.60 	 0.0000 	 0.6997 	 15 	 2 
25.70 	 0.0000 	 0.6998 	 15 	 3 
25.80 	 0.0000 	 0.6999 	 15 	 6 
25.90 	 3.3333 	 0.7002 	 15 	 6 
26.00 	 0.0000 	 0.6988 	 15 	 4 
26.10 	 3.3333 	 0.6985 	 15 	 4 
26.20 	 0.0000 	 0.6988 	 15 	 6 
26.30 	 0.0000 	 0.6998 	 15 	 4 
26.40 	 0.0000 	 0.6993 	 15 	 7 
26.50 	 3.3333 	 0.6986 	 15 	 1 
26.60 	 0.0000 	 0.6982 	 15 	 4 
26.70 	 0.0000 	 0.6974 	 15 	 5 
26.80 	 0.0000 	 0.6977 	 15 	 5 
26.90 	 0.0000 	 0.6980 	 16 	 5 
27.00 	 0.0000 	 0.6986 	 16 	 2 
27.10 	 0.0000 	 0.6985 	 16 	 16 
27.20 	 0.0000 	 0.6972 	 16 	 3 
27.30 	 0.0000 	 0.6958 	 16 	 7 
27.40 	 3.3333 	 0.6958 	 16 	 4 
27.50 	 0.0000 	 0.6961 	 16 	 0 
27.60 	 3.3333 	 0.6971 	 16 	 17 
27.70 	 0.0000 	 0.6979 	 16 	 6 
27.80 	 0.0000 	 0.6976 	 16 	 4 
27.90 	 3.3333 	 0.6974 	 16 	 1 
28.00 	 0.0000 	 0.6971 	 16 	 7 
28.10 	 0.0000 	 0.6951 	 16 	 7 
28.20 	 0.0000 	 0.6937 	 16 	 5 
28.30 	 0.0000 	 0.6938 	 16 	 5 
28.40 	 0.0000 	 0.6951 	 16 	 5 
28.50 	 0.0000 	 0.6954 	 16 	 5 
28.60 	 0.0000 	 0.6951 	 16 	 3 
28.70 	 0.0000 	 0.6951 	 16 	 3 
28.80 	 3.3333 	 0.6941 	 16 	 3 
28.90 	 0.0000 	 0.6949 	 16 	 0 
29.00 	 3.3333 	 0.6950 	 16 	 17 
29.10 	 0.0000 	 0.6957 	 16 	 8 
29.20 	 0.0000 	 0.6957 	 16 	 15 
29.30 	 3.3333 	 0.6956 	 16 	 1 
29.40 	 0.0000 	 0.6958 	 16 	 1 
29.50 	 0.0000 	 0.6965 	 16 	 7 
29.60 	 0.0000 	 0.6959 	 16 	 7 
29.70 	 0.0000 	 0.6942 	 16 	 5 
29.80 	 0.0000 	 0.6944 	 16 	 5 
29.90 	 0.0000 	 0.6943 	 16 	 5 
30.00 	 0.0000 	 0.6944 	 16 	 5 
30.10 	 0.0000 	 0.6942 	 16 	 3 
30.20 	 0.0000 	 0.6943 	 16 	 3 
30.30 	 3.3333 	 0.6947 	 16 	 8 
30.40 	 0.0000 	 0.6948 	 16 	 8 
30.50 	 3.3333 	 0.6949 	 17 	 8 
30.60 	 0.0000 	 0.6960 	 17 	 15 
30.70 	 3.3333 	 0.6962 	 17 	 1 
30.80 	 0.0000 	 0.6944 	 17 	 1 
30.90 	 0.0000 	 0.6959 	 17 	 7 
31.00 	 0.0000 	 0.6958 	 17 	 7 
31.10 	 0.0000 	 0.6967 	 17 	 7 
31.20 	 0.0000 	 0.6970 	 17 	 0 
31.30 	 0.0000 	 0.6970 	 17 	 16 
31.40 	 0.0000 	 0.6980 	 17 	 5 
31.50 	 0.0000 	 0.6982 	 17 	 6 
31.60 	 0.0000 	 0.6985 	 17 	 3 
31.70 	 3.3333 	 0.6990 	 17 	 3 
31.80 	 0.0000 	 0.6989 	 17 	 8 
31.90 	 0.0000 	 0.6985 	 17 	 8 
32.00 	 3.3333 	 0.7003 	 17 	 8 
32.10 	 3.3333 	 0.7002 	 17 	 1 
32.20 	 0.0000 	 0.7002 	 17 	 1 
32.30 	 0.0000 	 0.6995 	 17 	 1 
32.40 	 0.0000 	 0.6999 	 17 	 7 
32.50 	 0.0000 	 0.7006 	 17 	 7 
32.60 	 0.0000 	 0.7011 	 17 	 7 
32.70 	 0.0000 	 0.7011 	 17 	 8 
32.80 	 0.0000 	 0.7017 	 17 	 8 
32.90 	 0.0000 	 0.7000 	 17 	 8 
33.00 	 0.0000 	 0.6989 	 17 	 3 
33.10 	 0.0000 	 0.6987 	 17 	 0 
33.20 	 3.3333 	 0.6991 	 17 	 3 
33.30 	 0.0000 	 0.6995 	 17 	 0 
33.40 	 0.0000 	 0.7001 	 17 	 17 
33.50 	 6.6667 	 0.7012 	 17 	 1 
33.60 	 0.0000 	 0.7009 	 17 	 1 
33.70 	 0.0000 	 0.7001 	 17 	 1 
33.80 	 0.0000 	 0.6995 	 17 	 7 
33.90 	 0.0000 	 0.6997 	 17 	 2 
34.00 	 0.0000 	 0.6993 	 17 	 2 
34.10 	 0.0000 	 0.6988 	 18 	 9 
34.20 	 0.0000 	 0.6987 	 18 	 9 
34.30 	 0.0000 	 0.6984 	 18 	 6 
34.40 	 0.0000 	 0.6969 	 18 	 6 
34.50 	 0.0000 	 0.6969 	 18 	 0 
34.60 	 3.3333 	 0.6946 	 18 	 3 
34.70 	 0.0000 	 0.6948 	 18 	 0 
34.80 	 0.0000 	 0.6958 	 18 	 7 
34.90 	 3.3333 	 0.6965 	 18 	 7 
35.00 	 3.3333 	 0.6965 	 18 	 1 
35.10 	 0.0000 	 0.6953 	 18 	 1 
35.20 	 0.0000 	 0.6954 	 18 	 1 
35.30 	 0.0000 	 0.6951 	 18 	 9 
35.40 	 0.0000 	 0.6944 	 18 	 9 
35.50 	 0.0000 	 0.6945 	 18 	 9 
35.60 	 0.0000 	 0.6941 	 18 	 9 
35.70 	 0.0000 	 0.6945 	 18 	 9 
35.80 	 0.0000 	 0.6941 	 18 	 6 
35.90 	 0.0000 	 0.6942 	 18 	 0 
36.00 	 0.0000 	 0.6958 	 18 	 0 
36.10 	 3.3333 	 0.6946 	 18 	 3 
36.20 	 0.0000 	 0.6934 	 18 	 7 
36.30 	 0.0000 	 0.6934 	 18 	 7 
36.40 	 3.3333 	 0.6934 	 18 	 7 
36.50 	 3.3333 	 0.6941 	 18 	 1 
36.60 	 0.0000 	 0.6940 	 18 	 1 
36.70 	 0.0000 	 0.6949 	 18 	 15 
36.80 	 0.0000 	 0.6939 	 18 	 9 
36.90 	 0.0000 	 0.6940 	 18 	 2 
37.00 	 0.0000 	 0.6938 	 18 	 0 
37.10 	 0.0000 	 0.6944 	 18 	 6 
37.20 	 0.0000 	 0.6951 	 18 	 6 
37.30 	 0.0000 	 0.6954 	 18 	 0 
37.40 	 0.0000 	 0.6942 	 18 	 0 
37.50 	 3.3333 	 0.6934 	 18 	 3 
37.60 	 0.0000 	 0.6941 	 19 	 0 
37.70 	 0.0000 	 0.6944 	 19 	 7 
37.80 	 3.3333 	 0.6944 	 19 	 7 
37.90 	 3.3333 	 0.6942 	 19 	 1 
38.00 	 0.0000 	 0.6936 	 19 	 1 
38.10 	 0.0000 	 0.6936 	 19 	 1 
38.20 	 0.0000 	 0.6930 	 19 	 2 
38.30 	 0.0000 	 0.6919 	 19 	 2 
38.40 	 0.0000 	 0.6916 	 19 	 2 
38.50 	 0.0000 	 0.6924 	 19 	 16 
38.60 	 0.0000 	 0.6927 	 19 	 6 
38.70 	 0.0000 	 0.6927 	 19 	 6 
38.80 	 0.0000 	 0.6933 	 19 	 0 
38.90 	 0.0000 	 0.6914 	 19 	 0 
39.00 	 3.3333 	 0.6908 	 19 	 0 
39.10 	 0.0000 	 0.6905 	 19 	 10 
39.20 	 3.3333 	 0.6912 	 19 	 7 
39.30 	 0.0000 	 0.6917 	 19 	 7 
39.40 	 3.3333 	 0.6912 	 19 	 1 
39.50 	 0.0000 	 0.6915 	 19 	 1 
39.60 	 0.0000 	 0.6918 	 19 	 2 
39.70 	 0.0000 	 0.6921 	 19 	 2 
39.80 	 0.0000 	 0.6919 	 19 	 11 
39.90 	 0.0000 	 0.6907 	 19 	 11 
40.00 	 0.0000 	 0.6909 	 19 	 6 
40.10 	 0.0000 	 0.6920 	 19 	 6 
40.20 	 0.0000 	 0.6917 	 19 	 0 
40.30 	 0.0000 	 0.6924 	 19 	 0 
40.40 	 3.3333 	 0.6925 	 19 	 3 
40.50 	 0.0000 	 0.6922 	 19 	 0 
40.60 	 3.3333 	 0.6913 	 19 	 10 
40.70 	 0.0000 	 0.6902 	 19 	 7 
40.80 	 0.0000 	 0.6893 	 19 	 7 
40.90 	 3.3333 	 0.6897 	 19 	 1 
41.00 	 0.0000 	 0.6902 	 19 	 11 
41.10 	 0.0000 	 0.6906 	 19 	 2 
41.20 	 0.0000 	 0.6901 	 0 	 2 
41.30 	 0.0000 	 0.6889 	 0 	 11 
41.40 	 0.0000 	 0.6882 	 0 	 6 
41.50 	 0.0000 	 0.6885 	 0 	 6 
41.60 	 0.0000 	 0.6888 	 0 	 0 
41.70 	 0.0000 	 0.6896 	 0 	 0 
41.80 	 0.0000 	 0.6897 	 0 	 0 
41.90 	 3.3333 	 0.6903 	 0 	 0 
42.00 	 3.3333 	 0.6904 	 0 	 10 
42.10 	 0.0000 	 0.6899 	 0 	 1 
42.20 	 0.0000 	 0.6896 	 0 	 7 
42.30 	 0.0000 	 0.6891 	 0 	 7 
42.40 	 3.3333 	 0.6900 	 0 	 1 
42.50 	 0.0000 	 0.6895 	 0 	 2 
42.60 	 0.0000 	 0.6888 	 0 	 2 
42.70 	 0.0000 	 0.6887 	 0 	 2 
42.80 	 0.0000 	 0.6883 	 0 	 11 
42.90 	 0.0000 	 0.6882 	 0 	 6 
43.00 	 0.0000 	 0.6892 	 0 	 0 
43.10 	 0.0000 	 0.6907 	 0 	 0 
43.20 	 0.0000 	 0.6906 	 0 	 0 
43.30 	 3.3333 	 0.6907 	 0 	 0 
43.40 	 0.0000 	 0.6911 	 0 	 9 
43.50 	 3.3333 	 0.6906 	 0 	 1 
43.60 	 0.0000 	 0.6901 	 0 	 12 
43.70 	 0.0000 	 0.6898 	 0 	 7 
43.80 	 0.0000 	 0.6888 	 0 	 5 
43.90 	 3.3333 	 0.6898 	 0 	 13 
44.00 	 0.0000 	 0.6901 	 0 	 2 
44.10 	 0.0000 	 0.6901 	 0 	 2 
44.20 	 0.0000 	 0.6894 	 0 	 8 
44.30 	 0.0000 	 0.6884 	 0 	 6 
44.40 	 0.0000 	 0.6889 	 0 	 0 
44.50 	 0.0000 	 0.6885 	 0 	 0 
44.60 	 0.0000 	 0.6881 	 0 	 0 
44.70 	 0.0000 	 0.6885 	 0 	 12 
44.80 	 3.3333 	 0.6890 	 1 	 12 
44.90 	 3.3333 	 0.6889 	 1 	 10 
45.00 	 0.0000 	 0.6888 	 1 	 12 
45.10 	 0.0000 	 0.6894 	 1 	 12 
45.20 	 0.0000 	 0.6892 	 1 	 5 
45.30 	 0.0000 	 0.6891 	 1 	 5 
45.40 	 3.3333 	 0.6888 	 1 	 13 
45.50 	 0.0000 	 0.6887 	 1 	 2 
45.60 	 0.0000 	 0.6883 	 1 	 2 
45.70 	 0.0000 	 0.6891 	 1 	 6 
45.80 	 0.0000 	 0.6886 	 1 	 6 
45.90 	 0.0000 	 0.6886 	 1 	 0 
46.00 	 0.0000 	 0.6884 	 1 	 0 
46.10 	 0.0000 	 0.6874 	 1 	 12 
46.20 	 3.3333 	 0.6874 	 1 	 12 
46.30 	 3.3333 	 0.6876 	 1 	 9 
46.40 	 0.0000 	 0.6874 	 1 	 12 
46.50 	 0.0000 	 0.6885 	 1 	 12 
46.60 	 0.0000 	 0.6884 	 1 	 13 
46.70 	 0.0000 	 0.6892 	 1 	 5 
46.80 	 3.3333 	 0.6895 	 1 	 5 
46.90 	 0.0000 	 0.6892 	 1 	 2 
47.00 	 0.0000 	 0.6886 	 1 	 2 
47.10 	 0.0000 	 0.6871 	 1 	 2 
47.20 	 0.0000 	 0.6865 	 1 	 6 
47.30 	 0.0000 	 0.6860 	 1 	 6 
47.40 	 0.0000 	 0.6863 	 1 	 0 
47.50 	 0.0000 	 0.6879 	 1 	 0 
47.60 	 0.0000 	 0.6883 	 1 	 0 
47.70 	 6.6667 	 0.6877 	 1 	 1 
47.80 	 0.0000 	 0.6873 	 1 	 10 
47.90 	 0.0000 	 0.6873 	 1 	 12 
48.00 	 0.0000 	 0.6872 	 1 	 12 
48.10 	 0.0000 	 0.6872 	 1 	 5 
48.20 	 0.0000 	 0.6868 	 1 	 5 
48.30 	 3.3333 	 0.6867 	 1 	 13 
48.40 	 0.0000 	 0.6872 	 2 	 2 
48.50 	 0.0000 	 0.6875 	 2 	 2 
48.60 	 0.0000 	 0.6873 	 2 	 8 
48.70 	 0.0000 	 0.6873 	 2 	 6 
48.80 	 0.0000 	 0.6866 	 2 	 6 
48.90 	 0.0000 	 0.6870 	 2 	 0 
49.00 	 0.0000 	 0.6881 	 2 	 0 
49.10 	 3.3333 	 0.6876 	 2 	 7 
49.20 	 3.3333 	 0.6871 	 2 	 1 
49.30 	 0.0000 	 0.6867 	 2 	 10 
49.40 	 0.0000 	 0.6864 	 2 	 12 
49.50 	 0.0000 	 0.6864 	 2 	 15 
49.60 	 0.0000 	 0.6874 	 2 	 5 
49.70 	 0.0000 	 0.6871 	 2 	 5 
49.80 	 3.3333 	 0.6876 	 2 	 2 
49.90 	 0.0000 	 0.6874 	 2 	 2 
50.00 	 0.0000 	 0.6877 	 2 	 2 
50.10 	 0.0000 	 0.6874 	 2 	 11 
50.20 	 0.0000 	 0.6869 	 2 	 6 
50.30 	 0.0000 	 0.6873 	 2 	 0 
50.40 	 0.0000 	 0.6868 	 2 	 0 
50.50 	 0.0000 	 0.6865 	 2 	 0 
50.60 	 6.6667 	 0.6869 	 2 	 1 
50.70 	 0.0000 	 0.6863 	 2 	 7 
50.80 	 0.0000 	 0.6867 	 2 	 10 
50.90 	 0.0000 	 0.6873 	 2 	 15 
51.00 	 0.0000 	 0.6871 	 2 	 5 
51.10 	 0.0000 	 0.6868 	 2 	 5 
51.20 	 0.0000 	 0.6871 	 2 	 5 
51.30 	 3.3333 	 0.6869 	 2 	 2 
51.40 	 0.0000 	 0.6870 	 2 	 2 
51.50 	 0.0000 	 0.6868 	 2 	 8 
51.60 	 0.0000 	 0.6866 	 2 	 11 
51.70 	 0.0000 	 0.6865 	 2 	 6 
51.80 	 0.0000 	 0.6861 	 2 	 0 
51.90 	 0.0000 	 0.6863 	 2 	 0 
52.00 	 3.3333 	 0.6865 	 3 	 12 
52.10 	 3.3333 	 0.6865 	 3 	 1 
52.20 	 0.0000 	 0.6865 	 3 	 7 
52.30 	 0.0000 	 0.6868 	 3 	 10 
52.40 	 0.0000 	 0.6861 	 3 	 5 
52.50 	 0.0000 	 0.6857 	 3 	 5 
52.60 	 0.0000 	 0.6852 	 3 	 5 
52.70 	 0.0000 	 0.6862 	 3 	 2 
52.80 	 3.3333 	 0.6868 	 3 	 2 
52.90 	 0.0000 	 0.6862 	 3 	 8 
53.00 	 0.0000 	 0.6863 	 3 	 11 
53.10 	 0.0000 	 0.6859 	 3 	 0 
53.20 	 0.0000 	 0.6859 	 3 	 6 
53.30 	 0.0000 	 0.6866 	 3 	 0 
53.40 	 3.3333 	 0.6871 	 3 	 4 
53.50 	 3.3333 	 0.6860 	 3 	 1 
53.60 	 0.0000 	 0.6852 	 3 	 1 
53.70 	 0.0000 	 0.6855 	 3 	 7 
53.80 	 0.0000 	 0.6858 	 3 	 1 
53.90 	 0.0000 	 0.6861 	 3 	 5 
54.00 	 0.0000 	 0.6863 	 3 	 5 
54.10 	 0.0000 	 0.6853 	 3 	 5 
54.20 	 0.0000 	 0.6850 	 3 	 2 
54.30 	 3.3333 	 0.6856 	 3 	 11 
54.40 	 0.0000 	 0.6855 	 3 	 8 
54.50 	 0.0000 	 0.6857 	 3 	 11 
54.60 	 0.0000 	 0.6859 	 3 	 14 
54.70 	 0.0000 	 0.6858 	 3 	 6 
54.80 	 0.0000 	 0.6857 	 3 	 0 
54.90 	 3.3333 	 0.6859 	 3 	 12 
55.00 	 3.3333 	 0.6856 	 3 	 1 
55.10 	 0.0000 	 0.6848 	 3 	 1 
55.20 	 0.0000 	 0.6856 	 3 	 7 
55.30 	 0.0000 	 0.6861 	 3 	 5 
55.40 	 0.0000 	 0.6864 	 3 	 5 
55.50 	 0.0000 	 0.6859 	 3 	 5 
55.60 	 0.0000 	 0.6857 	 4 	 5 
55.70 	 0.0000 	 0.6857 	 4 	 2 
55.80 	 3.3333 	 0.6853 	 4 	 8 
55.90 	 0.0000 	 0.6855 	 4 	 11 
56.00 	 0.0000 	 0.6857 	 4 	 11 
56.10 	 0.0000 	 0.6864 	 4 	 14 
56.20 	 0.0000 	 0.6858 	 4 	 6 
56.30 	 3.3333 	 0.6852 	 4 	 4 
56.40 	 3.3333 	 0.6848 	 4 	 1 
56.50 	 0.0000 	 0.6846 	 4 	 1 
56.60 	 0.0000 	 0.6853 	 4 	 1 
56.70 	 0.0000 	 0.6855 	 4 	 5 
56.80 	 0.0000 	 0.6854 	 4 	 5 
56.90 	 0.0000 	 0.6845 	 4 	 5 
57.00 	 0.0000 	 0.6841 	 4 	 5 
57.10 	 0.0000 	 0.6837 	 4 	 2 
57.20 	 3.3333 	 0.6848 	 4 	 11 
57.30 	 0.0000 	 0.6851 	 4 	 8 
57.40 	 0.0000 	 0.6849 	 4 	 11 
57.50 	 0.0000 	 0.6849 	 4 	 14 
57.60 	 0.0000 	 0.6859 	 4 	 14 
57.70 	 3.3333 	 0.6854 	 4 	 4 
57.80 	 0.0000 	 0.6856 	 4 	 4 
57.90 	 3.3333 	 0.6856 	 4 	 1 
58.00 	 0.0000 	 0.6847 	 4 	 1 
58.10 	 0.0000 	 0.6846 	 4 	 1 
58.20 	 0.0000 	 0.6851 	 4 	 5 
58.30 	 0.0000 	 0.6849 	 4 	 5 
58.40 	 0.0000 	 0.6850 	 4 	 5 
58.50 	 0.0000 	 0.6851 	 4 	 5 
58.60 	 0.0000 	 0.6848 	 4 	 11 
58.70 	 3.3333 	 0.6851 	 4 	 11 
58.80 	 0.0000 	 0.6848 	 4 	 11 
58.90 	 0.0000 	 0.6847 	 4 	 11 
59.00 	 0.0000 	 0.6845 	 4 	 14 
59.10 	 3.3333 	 0.6842 	 4 	 4 
59.20 	 0.0000 	 0.6853 	 4 	 4 
59.30 	 3.3333 	 0.6855 	 5 	 1 
59.40 	 0.0000 	 0.6855 	 5 	 1 
59.50 	 0.0000 	 0.6844 	 5 	 1 
59.60 	 0.0000 	 0.6842 	 5 	 5 
59.70 	 0.0000 	 0.6845 	 5 	 5 
59.80 	 0.0000 	 0.6848 	 5 	 5 
59.90 	 0.0000 	 0.6857 	 5 	 5 
60.00 	 0.0000 	 0.6856 	 5 	 5 
60.10 	 0.0000 	 0.6849 	 5 	 0 
60.20 	 3.3333 	 0.6844 	 5 	 9 
60.30 	 0.0000 	 0.6849 	 5 	 11 
60.40 	 0.0000 	 0.6850 	 5 	 14 
60.50 	 0.0000 	 0.6849 	 5 	 14 
60.60 	 3.3333 	 0.6853 	 5 	 4 
60.70 	 0.0000 	 0.6849 	 5 	 4 
60.80 	 3.3333 	 0.6850 	 5 	 1 
60.90 	 0.0000 	 0.6843 	 5 	 1 
61.00 	 0.0000 	 0.6849 	 5 	 7 
61.10 	 0.0000 	 0.6855 	 5 	 5 
61.20 	 0.0000 	 0.6856 	 5 	 5 
61.30 	 0.0000 	 0.6852 	 5 	 5 
61.40 	 0.0000 	 0.6849 	 5 	 5 
61.50 	 0.0000 	 0.6844 	 5 	 0 
61.60 	 0.0000 	 0.6846 	 5 	 0 
61.70 	 3.3333 	 0.6840 	 5 	 9 
61.80 	 0.0000 	 0.6844 	 5 	 11 
61.90 	 0.0000 	 0.6852 	 5 	 14 
62.00 	 3.3333 	 0.6855 	 5 	 4 
62.10 	 0.0000 	 0.6856 	 5 	 4 
62.20 	 0.0000 	 0.6849 	 5 	 4 
62.30 	 3.3333 	 0.6843 	 5 	 1 
62.40 	 0.0000 	 0.6841 	 5 	 1 
62.50 	 0.0000 	 0.6850 	 5 	 7 
62.60 	 0.0000 	 0.6851 	 5 	 5 
62.70 	 0.0000 	 0.6845 	 5 	 5 
62.80 	 0.0000 	 0.6847 	 5 	 5 
62.90 	 0.0000 	 0.6840 	 5 	 3 
63.00 	 0.0000 	 0.6834 	 5 	 0 
63.10 	 0.0000 	 0.6838 	 6 	 0 
63.20 	 3.3333 	 0.6845 	 6 	 9 
63.30 	 0.0000 	 0.6841 	 6 	 14 
63.40 	 3.3333 	 0.6842 	 6 	 4 
63.50 	 0.0000 	 0.6846 	 6 	 4 
63.60 	 0.0000 	 0.6848 	 6 	 4 
63.70 	 3.3333 	 0.6842 	 6 	 1 
63.80 	 0.0000 	 0.6837 	 6 	 1 
63.90 	 0.0000 	 0.6842 	 6 	 7 
64.00 	 0.0000 	 0.6844 	 6 	 10 
64.10 	 0.0000 	 0.6846 	 6 	 5 
64.20 	 0.0000 	 0.6840 	 6 	 5 
64.30 	 0.0000 	 0.6834 	 6 	 5 
64.40 	 0.0000 	 0.6835 	 6 	 3 
64.50 	 0.0000 	 0.6840 	 6 	 0 
64.60 	 0.0000 	 0.6840 	 6 	 0 
64.70 	 3.3333 	 0.6836 	 6 	 9 
64.80 	 0.0000 	 0.6841 	 6 	 14 
64.90 	 3.3333 	 0.6844 	 6 	 4 
65.00 	 0.0000 	 0.6848 	 6 	 4 
65.10 	 0.0000 	 0.6844 	 6 	 4 
65.20 	 3.3333 	 0.6834 	 6 	 1 
65.30 	 0.0000 	 0.6843 	 6 	 7 
65.40 	 0.0000 	 0.6843 	 6 	 7 
65.50 	 0.0000 	 0.6845 	 6 	 13 
65.60 	 0.0000 	 0.6858 	 6 	 5 
65.70 	 0.0000 	 0.6859 	 6 	 5 
65.80 	 0.0000 	 0.6850 	 6 	 3 
65.90 	 0.0000 	 0.6848 	 6 	 0 
66.00 	 0.0000 	 0.6843 	 6 	 0 
66.10 	 0.0000 	 0.6839 	 6 	 0 
66.20 	 3.3333 	 0.6841 	 6 	 0 
66.30 	 3.3333 	 0.6835 	 6 	 4 
66.40 	 0.0000 	 0.6844 	 6 	 4 
66.50 	 0.0000 	 0.6839 	 6 	 4 
66.60 	 3.3333 	 0.6842 	 6 	 1 
66.70 	 0.0000 	 0.6841 	 6 	 1 
66.80 	 0.0000 	 0.6846 	 7 	 7 
66.90 	 0.0000 	 0.6841 	 7 	 10 
67.00 	 0.0000 	 0.6840 	 7 	 13 
67.10 	 0.0000 	 0.6845 	 7 	 5 
67.20 	 0.0000 	 0.6853 	 7 	 5 
67.30 	 0.0000 	 0.6847 	 7 	 3 
67.40 	 0.0000 	 0.6845 	 7 	 0 
67.50 	 0.0000 	 0.6854 	 7 	 0 
67.60 	 0.0000 	 0.6851 	 7 	 0 
67.70 	 6.6667 	 0.6852 	 7 	 4 
67.80 	 0.0000 	 0.6852 	 7 	 4 
67.90 	 0.0000 	 0.6847 	 7 	 4 
68.00 	 0.0000 	 0.6843 	 7 	 4 
68.10 	 3.3333 	 0.6848 	 7 	 1 
68.20 	 0.0000 	 0.6843 	 7 	 10 
68.30 	 0.0000 	 0.6836 	 7 	 10 
68.40 	 0.0000 	 0.6838 	 7 	 10 
68.50 	 0.0000 	 0.6836 	 7 	 13 
68.60 	 0.0000 	 0.6843 	 7 	 5 
68.70 	 0.0000 	 0.6839 	 7 	 3 
68.80 	 0.0000 	 0.6837 	 7 	 0 
68.90 	 0.0000 	 0.6841 	 7 	 0 
69.00 	 0.0000 	 0.6840 	 7 	 0 
69.10 	 0.0000 	 0.6843 	 7 	 0 
69.20 	 6.6667 	 0.6842 	 7 	 4 
69.30 	 0.0000 	 0.6844 	 7 	 4 
69.40 	 0.0000 	 0.6849 	 7 	 4 
69.50 	 0.0000 	 0.6838 	 7 	 4 
69.60 	 3.3333 	 0.6840 	 7 	 10 
69.70 	 0.0000 	 0.6847 	 7 	 7 
69.80 	 0.0000 	 0.6845 	 7 	 10 
69.90 	 0.0000 	 0.6847 	 7 	 13 
70.00 	 0.0000 	 0.6846 	 7 	 13 
70.10 	 0.0000 	 0.6848 	 7 	 3 
70.20 	 0.0000 	 0.6842 	 7 	 3 
70.30 	 0.0000 	 0.6839 	 7 	 0 
70.40 	 0.0000 	 0.6837 	 7 	 0 
70.50 	 0.0000 	 0.6843 	 8 	 0 
70.60 	 6.6667 	 0.6846 	 8 	 4 
70.70 	 0.0000 	 0.6850 	 8 	 4 
70.80 	 0.0000 	 0.6851 	 8 	 4 
70.90 	 0.0000 	 0.6841 	 8 	 4 
71.00 	 3.3333 	 0.6837 	 8 	 1 
71.10 	 0.0000 	 0.6830 	 8 	 5 
71.20 	 0.0000 	 0.6838 	 8 	 8 
71.30 	 0.0000 	 0.6836 	 8 	 10 
71.40 	 0.0000 	 0.6841 	 8 	 13 
71.50 	 0.0000 	 0.6841 	 8 	 13 
71.60 	 0.0000 	 0.6844 	 8 	 3 
71.70 	 0.0000 	 0.6842 	 8 	 0 
71.80 	 0.0000 	 0.6839 	 8 	 0 
71.90 	 0.0000 	 0.6833 	 8 	 0 
72.00 	 3.3333 	 0.6845 	 8 	 6 
72.10 	 3.3333 	 0.6846 	 8 	 4 
72.20 	 0.0000 	 0.6853 	 8 	 4 
72.30 	 0.0000 	 0.6850 	 8 	 4 
72.40 	 0.0000 	 0.6851 	 8 	 4 
72.50 	 3.3333 	 0.6844 	 8 	 10 
72.60 	 0.0000 	 0.6836 	 8 	 5 
72.70 	 0.0000 	 0.6849 	 8 	 8 
72.80 	 0.0000 	 0.6846 	 8 	 13 
72.90 	 0.0000 	 0.6856 	 8 	 13 
73.00 	 0.0000 	 0.6851 	 8 	 3 
73.10 	 0.0000 	 0.6846 	 8 	 3 
73.20 	 0.0000 	 0.6849 	 8 	 0 
73.30 	 0.0000 	 0.6842 	 8 	 0 
73.40 	 0.0000 	 0.6841 	 8 	 0 
73.50 	 3.3333 	 0.6845 	 8 	 6 
73.60 	 3.3333 	 0.6845 	 8 	 4 
73.70 	 0.0000 	 0.6840 	 8 	 4 
73.80 	 0.0000 	 0.6837 	 8 	 4 
73.90 	 0.0000 	 0.6841 	 8 	 2 
74.00 	 3.3333 	 0.6844 	 8 	 5 
74.10 	 0.0000 	 0.6845 	 8 	 5 
74.20 	 0.0000 	 0.6843 	 9 	 10 
74.30 	 0.0000 	 0.6841 	 9 	 13 
74.40 	 0.0000 	 0.6847 	 9 	 3 
74.50 	 0.0000 	 0.6848 	 9 	 3 
74.60 	 0.0000 	 0.6848 	 9 	 3 
74.70 	 0.0000 	 0.6848 	 9 	 0 
74.80 	 0.0000 	 0.6843 	 9 	 0 
74.90 	 3.3333 	 0.6839 	 9 	 6 
75.00 	 0.0000 	 0.6842 	 9 	 12 
75.10 	 3.3333 	 0.6843 	 9 	 4 
75.20 	 0.0000 	 0.6843 	 9 	 4 
75.30 	 0.0000 	 0.6838 	 9 	 4 
75.40 	 3.3333 	 0.6843 	 9 	 10 
75.50 	 0.0000 	 0.6848 	 9 	 5 
75.60 	 0.0000 	 0.6842 	 9 	 5 
75.70 	 0.0000 	 0.6835 	 9 	 13 
75.80 	 0.0000 	 0.6840 	 9 	 0 
75.90 	 0.0000 	 0.6850 	 9 	 3 
76.00 	 0.0000 	 0.6852 	 9 	 3 
76.10 	 0.0000 	 0.6852 	 9 	 0 
76.20 	 0.0000 	 0.6854 	 9 	 0 
76.30 	 3.3333 	 0.6841 	 9 	 6 
76.40 	 0.0000 	 0.6840 	 9 	 6 
76.50 	 0.0000 	 0.6841 	 9 	 12 
76.60 	 3.3333 	 0.6845 	 9 	 4 
76.70 	 0.0000 	 0.6850 	 9 	 4 
76.80 	 0.0000 	 0.6843 	 9 	 2 
76.90 	 3.3333 	 0.6846 	 9 	 10 
77.00 	 0.0000 	 0.6841 	 9 	 5 
77.10 	 0.0000 	 0.6838 	 9 	 5 
77.20 	 0.0000 	 0.6840 	 9 	 13 
77.30 	 0.0000 	 0.6839 	 9 	 3 
77.40 	 0.0000 	 0.6845 	 9 	 3 
77.50 	 0.0000 	 0.6849 	 9 	 3 
77.60 	 0.0000 	 0.6843 	 9 	 0 
77.70 	 0.0000 	 0.6846 	 9 	 0 
77.80 	 3.3333 	 0.6845 	 9 	 6 
77.90 	 0.0000 	 0.6839 	 10 	 12 
78.00 	 0.0000 	 0.6837 	 10 	 12 
78.10 	 3.3333 	 0.6835 	 10 	 4 
78.20 	 0.0000 	 0.6835 	 10 	 2 
78.30 	 3.3333 	 0.6838 	 10 	 2 
78.40 	 0.0000 	 0.6838 	 10 	 8 
78.50 	 0.0000 	 0.6837 	 10 	 5 
78.60 	 0.0000 	 0.6833 	 10 	 5 
78.70 	 0.0000 	 0.6832 	 10 	 3 
78.80 	 0.0000 	 0.6837 	 10 	 3 
78.90 	 0.0000 	 0.6844 	 10 	 3 
79.00 	 0.0000 	 0.6845 	 10 	 0 
79.10 	 0.0000 	 0.6844 	 10 	 0 
79.20 	 3.3333 	 0.6837 	 10 	 6 
79.30 	 0.0000 	 0.6838 	 10 	 9 
79.40 	 0.0000 	 0.6835 	 10 	 12 
79.50 	 0.0000 	 0.6831 	 10 	 12 
79.60 	 3.3333 	 0.6840 	 10 	 4 
79.70 	 0.0000 	 0.6846 	 10 	 2 
79.80 	 3.3333 	 0.6845 	 10 	 10 
79.90 	 0.0000 	 0.6848 	 10 	 5 
80.00 	 0.0000 	 0.6845 	 10 	 5 
80.10 	 0.0000 	 0.6838 	 10 	 11 
80.20 	 0.0000 	 0.6837 	 10 	 3 
80.30 	 0.0000 	 0.6847 	 10 	 3 
80.40 	 0.0000 	 0.6847 	 10 	 3 
80.50 	 0.0000 	 0.6841 	 10 	 0 
80.60 	 3.3333 	 0.6840 	 10 	 9 
80.70 	 0.0000 	 0.6837 	 10 	 6 
80.80 	 0.0000 	 0.6838 	 10 	 9 
80.90 	 0.0000 	 0.6842 	 10 	 12 
81.00 	 0.0000 	 0.6853 	 10 	 12 
81.10 	 3.3333 	 0.6849 	 10 	 2 
81.20 	 0.0000 	 0.6840 	 10 	 2 
81.30 	 3.3333 	 0.6845 	 10 	 8 
81.40 	 0.0000 	 0.6839 	 10 	 5 
81.50 	 0.0000 	 0.6843 	 10 	 5 
81.60 	 0.0000 	 0.6842 	 11 	 3 
81.70 	 0.0000 	 0.6842 	 11 	 3 
81.80 	 0.0000 	 0.6844 	 11 	 3 
81.90 	 0.0000 	 0.6839 	 11 	 3 
82.00 	 0.0000 	 0.6831 	 11 	 0 
82.10 	 3.3333 	 0.6833 	 11 	 9 
82.20 	 0.0000 	 0.6831 	 11 	 9 
82.30 	 0.0000 	 0.6839 	 11 	 12 
82.40 	 0.0000 	 0.6844 	 11 	 12 
82.50 	 0.0000 	 0.6842 	 11 	 2 
82.60 	 3.3333 	 0.6851 	 11 	 2 
82.70 	 3.3333 	 0.6841 	 11 	 2 
82.80 	 0.0000 	 0.6842 	 11 	 8 
82.90 	 0.0000 	 0.6839 	 11 	 5 
83.00 	 0.0000 	 0.6842 	 11 	 5 
83.10 	 0.0000 	 0.6842 	 11 	 3 
83.20 	 0.0000 	 0.6839 	 11 	 3 
83.30 	 0.0000 	 0.6843 	 11 	 3 
83.40 	 0.0000 	 0.6847 	 11 	 0 
83.50 	 3.3333 	 0.6843 	 11 	 9 
83.60 	 0.0000 	 0.6853 	 11 	 7 
83.70 	 0.0000 	 0.6850 	 11 	 9 
83.80 	 0.0000 	 0.6847 	 11 	 12 
83.90 	 0.0000 	 0.6846 	 11 	 0 
84.00 	 0.0000 	 0.6838 	 11 	 2 
84.10 	 3.3333 	 0.6840 	 11 	 2 
84.20 	 3.3333 	 0.6835 	 11 	 2 
84.30 	 0.0000 	 0.6841 	 11 	 5 
84.40 	 0.0000 	 0.6840 	 11 	 5 
84.50 	 0.0000 	 0.6837 	 11 	 5 
84.60 	 0.0000 	 0.6840 	 11 	 3 
84.70 	 0.0000 	 0.6844 	 11 	 3 
84.80 	 0.0000 	 0.6838 	 11 	 3 
84.90 	 3.3333 	 0.6834 	 11 	 1 
85.00 	 0.0000 	 0.6832 	 11 	 4 
85.10 	 0.0000 	 0.6839 	 11 	 7 
85.20 	 0.0000 	 0.6837 	 12 	 12 
85.30 	 0.0000 	 0.6839 	 12 	 12 
85.40 	 0.0000 	 0.6841 	 12 	 2 
85.50 	 0.0000 	 0.6849 	 12 	 2 
85.60 	 3.3333 	 0.6845 	 12 	 2 
85.70 	 3.3333 	 0.6845 	 12 	 8 
85.80 	 0.0000 	 0.6844 	 12 	 5 
85.90 	 0.0000 	 0.6837 	 12 	 5 
86.00 	 0.0000 	 0.6837 	 12 	 11 
86.10 	 0.0000 	 0.6834 	 12 	 3 
86.20 	 0.0000 	 0.6832 	 12 	 3 
86.30 	 3.3333 	 0.6842 	 12 	 1 
86.40 	 0.0000 	 0.6842 	 12 	 9 
86.50 	 0.0000 	 0.6841 	 12 	 4 
86.60 	 0.0000 	 0.6845 	 12 	 9 
86.70 	 0.0000 	 0.6843 	 12 	 12 
86.80 	 0.0000 	 0.6845 	 12 	 2 
86.90 	 0.0000 	 0.6851 	 12 	 2 
87.00 	 0.0000 	 0.6853 	 12 	 2 
87.10 	 6.6667 	 0.6843 	 12 	 2 
87.20 	 0.0000 	 0.6836 	 12 	 8 
87.30 	 0.0000 	 0.6835 	 12 	 5 
87.40 	 0.0000 	 0.6835 	 12 	 11 
87.50 	 0.0000 	 0.6837 	 12 	 11 
87.60 	 0.0000 	 0.6838 	 12 	 3 
87.70 	 0.0000 	 0.6836 	 12 	 3 
87.80 	 3.3333 	 0.6833 	 12 	 1 
87.90 	 0.0000 	 0.6839 	 12 	 9 
88.00 	 0.0000 	 0.6845 	 12 	 4 
88.10 	 0.0000 	 0.6853 	 12 	 12 
88.20 	 0.0000 	 0.6858 	 12 	 0 
88.30 	 0.0000 	 0.6847 	 12 	 2 
88.40 	 0.0000 	 0.6844 	 12 	 2 
88.50 	 0.0000 	 0.6838 	 12 	 2 
88.60 	 6.6667 	 0.6830 	 12 	 2 
88.70 	 0.0000 	 0.6830 	 12 	 5 
88.80 	 0.0000 	 0.6841 	 13 	 5 
88.90 	 0.0000 	 0.6847 	 13 	 11 
89.00 	 0.0000 	 0.6849 	 13 	 11 
89.10 	 0.0000 	 0.6848 	 13 	 3 
89.20 	 3.3333 	 0.6841 	 13 	 1 
89.30 	 0.0000 	 0.6842 	 13 	 1 
89.40 	 0.0000 	 0.6843 	 13 	 4 
89.50 	 0.0000 	 0.6840 	 13 	 4 
89.60 	 0.0000 	 0.6836 	 13 	 12 
89.70 	 0.0000 	 0.6846 	 13 	 2 
89.80 	 0.0000 	 0.6846 	 13 	 2 
89.90 	 0.0000 	 0.6844 	 13 	 2 
90.00 	 0.0000 	 0.6838 	 13 	 2 
90.10 	 6.6667 	 0.6833 	 13 	 8 
90.20 	 0.0000 	 0.6841 	 13 	 5 
90.30 	 0.0000 	 0.6838 	 13 	 11 
90.40 	 0.0000 	 0.6841 	 13 	 11 
90.50 	 0.0000 	 0.6845 	 13 	 11 
90.60 	 3.3333 	 0.6841 	 13 	 1 
90.70 	 0.0000 	 0.6842 	 13 	 1 
90.80 	 0.0000 	 0.6842 	 13 	 7 
90.90 	 0.0000 	 0.6834 	 13 	 4 
91.00 	 0.0000 	 0.6838 	 13 	 4 
91.10 	 0.0000 	 0.6837 	 13 	 0 
91.20 	 0.0000 	 0.6839 	 13 	 2 
91.30 	 0.0000 	 0.6849 	 13 	 2 
91.40 	 0.0000 	 0.6843 	 13 	 2 
91.50 	 6.6667 	 0.6835 	 13 	 2 
91.60 	 0.0000 	 0.6831 	 13 	 8 
91.70 	 0.0000 	 0.6847 	 13 	 5 
91.80 	 0.0000 	 0.6846 	 13 	 11 
91.90 	 0.0000 	 0.6846 	 13 	 11 
92.00 	 0.0000 	 0.6839 	 13 	 0 
92.10 	 3.3333 	 0.6844 	 13 	 1 
92.20 	 0.0000 	 0.6848 	 13 	 1 
92.30 	 0.0000 	 0.6850 	 13 	 7 
92.40 	 0.0000 	 0.6840 	 13 	 4 
92.50 	 0.0000 	 0.6840 	 14 	 4 
92.60 	 0.0000 	 0.6836 	 14 	 2 
92.70 	 0.0000 	 0.6840 	 14 	 2 
92.80 	 0.0000 	 0.6852 	 14 	 2 
92.90 	 0.0000 	 0.6853 	 14 	 2 
93.00 	 6.6667 	 0.6846 	 14 	 2 
93.10 	 0.0000 	 0.6841 	 14 	 5 
93.20 	 0.0000 	 0.6847 	 14 	 8 
93.30 	 0.0000 	 0.6849 	 14 	 11 
93.40 	 0.0000 	 0.6850 	 14 	 1 
93.50 	 3.3333 	 0.6849 	 14 	 1 
93.60 	 0.0000 	 0.6843 	 14 	 1 
93.70 	 0.0000 	 0.6841 	 14 	 1 
93.80 	 0.0000 	 0.6837 	 14 	 4 
93.90 	 0.0000 	 0.6833 	 14 	 4 
94.00 	 0.0000 	 0.6838 	 14 	 2 
94.10 	 0.0000 	 0.6834 	 14 	 2 
94.20 	 0.0000 	 0.6837 	 14 	 2 
94.30 	 0.0000 	 0.6842 	 14 	 2 
94.40 	 0.0000 	 0.6843 	 14 	 0 
94.50 	 6.6667 	 0.6842 	 14 	 3 
94.60 	 0.0000 	 0.6846 	 14 	 8 
94.70 	 0.0000 	 0.6853 	 14 	 11 
94.80 	 0.0000 	 0.6847 	 14 	 11 
94.90 	 3.3333 	 0.6848 	 14 	 1 
95.00 	 0.0000 	 0.6845 	 14 	 1 
95.10 	 0.0000 	 0.6839 	 14 	 1 
95.20 	 0.0000 	 0.6845 	 14 	 7 
95.30 	 0.0000 	 0.6840 	 14 	 4 
95.40 	 0.0000 	 0.6839 	 14 	 4 
95.50 	 0.0000 	 0.6837 	 14 	 2 
95.60 	 0.0000 	 0.6848 	 14 	 2 
95.70 	 0.0000 	 0.6850 	 14 	 2 
95.80 	 0.0000 	 0.6845 	 14 	 2 
95.90 	 3.3333 	 0.6848 	 14 	 2 
96.00 	 3.3333 	 0.6849 	 15 	 3 
96.10 	 0.0000 	 0.6848 	 15 	 8 
96.20 	 0.0000 	 0.6844 	 15 	 11 
96.30 	 0.0000 	 0.6841 	 15 	 1 
96.40 	 3.3333 	 0.6840 	 15 	 1 
96.50 	 0.0000 	 0.6853 	 15 	 1 
96.60 	 0.0000 	 0.6846 	 15 	 1 
96.70 	 0.0000 	 0.6844 	 15 	 7 
96.80 	 0.0000 	 0.6842 	 15 	 4 
96.90 	 0.0000 	 0.6834 	 15 	 4 
97.00 	 0.0000 	 0.6842 	 15 	 2 
97.10 	 0.0000 	 0.6843 	 15 	 2 
97.20 	 0.0000 	 0.6844 	 15 	 2 
97.30 	 0.0000 	 0.6846 	 15 	 0 
97.40 	 3.3333 	 0.6837 	 15 	 8 
97.50 	 3.3333 	 0.6833 	 15 	 3 
97.60 	 0.0000 	 0.6838 	 15 	 11 
97.70 	 0.0000 	 0.6845 	 15 	 11 
97.80 	 3.3333 	 0.6845 	 15 	 1 
97.90 	 0.0000 	 0.6842 	 15 	 1 
98.00 	 0.0000 	 0.6842 	 15 	 1 
98.10 	 0.0000 	 0.6839 	 15 	 1 
98.20 	 0.0000 	 0.6842 	 15 	 4 
98.30 	 0.0000 	 0.6840 	 15 	 4 
98.40 	 0.0000 	 0.6842 	 15 	 10 
98.50 	 0.0000 	 0.6838 	 15 	 2 
98.60 	 0.0000 	 0.6833 	 15 	 2 
98.70 	 0.0000 	 0.6836 	 15 	 0 
98.80 	 0.0000 	 0.6840 	 15 	 0 
98.90 	 3.3333 	 0.6840 	 15 	 3 
99.00 	 3.3333 	 0.6840 	 15 	 3 
99.10 	 0.0000 	 0.6836 	 15 	 11 
99.20 	 0.0000 	 0.6838 	 15 	 1 
99.30 	 3.3333 	 0.6838 	 15 	 1 
99.40 	 0.0000 	 0.6835 	 15 	 1 
99.50 	 0.0000 	 0.6841 	 15 	 1 
99.60 	 0.0000 	 0.6837 	 16 	 7 
99.70 	 0.0000 	 0.6836 	 16 	 4 
99.80 	 0.0000 	 0.6833 	 16 	 4 
99.90 	 0.0000 	 0.6845 	 16 	 10 
100.00 	 0.0000 	 0.6845 	 16 	 2 
100.10 	 0.0000 	 0.6847 	 16 	 2 
100.20 	 0.0000 	 0.6849 	 16 	 0 
100.30 	 3.3333 	 0.6837 	 16 	 8 
100.40 	 0.0000 	 0.6836 	 16 	 3 
100.50 	 3.3333 	 0.6841 	 16 	 3 
100.60 	 0.0000 	 0.6839 	 16 	 1 
100.70 	 3.3333 	 0.6849 	 16 	 1 
100.80 	 0.0000 	 0.6843 	 16 	 1 
100.90 	 0.0000 	 0.6842 	 16 	 1 
101.00 	 0.0000 	 0.6840 	 16 	 1 
101.10 	 0.0000 	 0.6836 	 16 	 7 
101.20 	 0.0000 	 0.6831 	 16 	 4 
101.30 	 0.0000 	 0.6835 	 16 	 10 
101.40 	 0.0000 	 0.6830 	 16 	 10 
101.50 	 0.0000 	 0.6837 	 16 	 2 
101.60 	 0.0000 	 0.6849 	 16 	 0 
101.70 	 0.0000 	 0.6847 	 16 	 0 
101.80 	 3.3333 	 0.6844 	 16 	 6 
101.90 	 0.0000 	 0.6835 	 16 	 3 
102.00 	 3.3333 	 0.6832 	 16 	 3 
102.10 	 3.3333 	 0.6838 	 16 	 1 
102.20 	 0.0000 	 0.6839 	 16 	 1 
102.30 	 0.0000 	 0.6847 	 16 	 1 
102.40 	 0.0000 	 0.6844 	 16 	 1 
102.50 	 0.0000 	 0.6839 	 16 	 1 
102.60 	 0.0000 	 0.6833 	 16 	 4 
102.70 	 0.0000 	 0.6838 	 16 	 7 
102.80 	 0.0000 	 0.6850 	 16 	 10 
102.90 	 0.0000 	 0.6856 	 16 	 10 
103.00 	 0.0000 	 0.6849 	 16 	 0 
103.10 	 0.0000 	 0.6848 	 16 	 0 
103.20 	 0.0000 	 0.6841 	 17 	 0 
103.30 	 3.3333 	 0.6843 	 17 	 3 
103.40 	 0.0000 	 0.6839 	 17 	 3 
103.50 	 3.3333 	 0.6843 	 17 	 3 
103.60 	 3.3333 	 0.6851 	 17 	 1 
103.70 	 0.0000 	 0.6852 	 17 	 1 
103.80 	 0.0000 	 0.6855 	 17 	 1 
103.90 	 0.0000 	 0.6844 	 17 	 1 
104.00 	 0.0000 	 0.6829 	 17 	 7 
104.10 	 0.0000 	 0.6825 	 17 	 4 
104.20 	 0.0000 	 0.6828 	 17 	 10 
104.30 	 0.0000 	 0.6848 	 17 	 10 
104.40 	 0.0000 	 0.6852 	 17 	 0 
104.50 	 0.0000 	 0.6844 	 17 	 0 
104.60 	 0.0000 	 0.6844 	 17 	 0 
104.70 	 3.3333 	 0.6841 	 17 	 6 
104.80 	 0.0000 	 0.6839 	 17 	 3 
104.90 	 0.0000 	 0.6840 	 17 	 3 
105.00 	 6.6667 	 0.6847 	 17 	 1 
105.10 	 0.0000 	 0.6857 	 17 	 1 
105.20 	 0.0000 	 0.6855 	 17 	 1 
105.30 	 0.0000 	 0.6848 	 17 	 1 
105.40 	 0.0000 	 0.6830 	 17 	 1 
105.50 	 0.0000 	 0.6832 	 17 	 7 
105.60 	 0.0000 	 0.6837 	 17 	 7 
105.70 	 0.0000 	 0.6841 	 17 	 10 
105.80 	 0.0000 	 0.6852 	 17 	 0 
105.90 	 0.0000 	 0.6853 	 17 	 0 
106.00 	 0.0000 	 0.6851 	 17 	 0 
106.10 	 0.0000 	 0.6847 	 17 	 0 
106.20 	 3.3333 	 0.6836 	 17 	 6 
106.30 	 0.0000 	 0.6834 	 17 	 3 
106.40 	 3.3333 	 0.6847 	 17 	 3 
106.50 	 3.3333 	 0.6854 	 17 	 1 
106.60 	 0.0000 	 0.6855 	 17 	 1 
106.70 	 0.0000 	 0.6848 	 17 	 1 
106.80 	 0.0000 	 0.6845 	 17 	 1 
106.90 	 0.0000 	 0.6838 	 18 	 7 
107.00 	 0.0000 	 0.6833 	 18 	 5 
107.10 	 0.0000 	 0.6837 	 18 	 10 
107.20 	 0.0000 	 0.6837 	 18 	 10 
107.30 	 0.0000 	 0.6837 	 18 	 0 
107.40 	 0.0000 	 0.6845 	 18 	 0 
107.50 	 0.0000 	 0.6845 	 18 	 0 
107.60 	 0.0000 	 0.6841 	 18 	 0 
107.70 	 3.3333 	 0.6842 	 18 	 3 
107.80 	 0.0000 	 0.6834 	 18 	 3 
107.90 	 3.3333 	 0.6840 	 18 	 3 
108.00 	 3.3333 	 0.6843 	 18 	 1 
108.10 	 0.0000 	 0.6846 	 18 	 1 
108.20 	 0.0000 	 0.6844 	 18 	 1 
108.30 	 0.0000 	 0.6843 	 18 	 1 
108.40 	 0.0000 	 0.6832 	 18 	 2 
108.50 	 0.0000 	 0.6837 	 18 	 5 
108.60 	 0.0000 	 0.6837 	 18 	 10 
108.70 	 0.0000 	 0.6840 	 18 	 0 
108.80 	 0.0000 	 0.6845 	 18 	 0 
108.90 	 0.0000 	 0.6847 	 18 	 0 
109.00 	 0.0000 	 0.6851 	 18 	 0 
109.10 	 3.3333 	 0.6848 	 18 	 6 
109.20 	 0.0000 	 0.6849 	 18 	 3 
109.30 	 3.3333 	 0.6847 	 18 	 3 
109.40 	 0.0000 	 0.6851 	 18 	 9 
109.50 	 3.3333 	 0.6846 	 18 	 1 
109.60 	 0.0000 	 0.6841 	 18 	 1 
109.70 	 0.0000 	 0.6842 	 18 	 1 
109.80 	 0.0000 	 0.6834 	 18 	 7 
109.90 	 0.0000 	 0.6834 	 18 	 2 
110.00 	 0.0000 	 0.6835 	 18 	 7 
110.10 	 0.0000 	 0.6840 	 18 	 0 
110.20 	 0.0000 	 0.6847 	 18 	 0 
110.30 	 0.0000 	 0.6853 	 18 	 0 
110.40 	 0.0000 	 0.6848 	 18 	 0 
110.50 	 0.0000 	 0.6846 	 19 	 0 
110.60 	 3.3333 	 0.6840 	 19 	 6 
110.70 	 3.3333 	 0.6834 	 19 	 3 
110.80 	 0.0000 	 0.6836 	 19 	 9 
110.90 	 0.0000 	 0.6842 	 19 	 9 
111.00 	 3.3333 	 0.6842 	 19 	 1 
111.10 	 0.0000 	 0.6843 	 19 	 1 
111.20 	 0.0000 	 0.6841 	 19 	 1 
111.30 	 0.0000 	 0.6832 	 19 	 7 
111.40 	 0.0000 	 0.6833 	 19 	 2 
111.50 	 0.0000 	 0.6834 	 19 	 10 
111.60 	 0.0000 	 0.6849 	 19 	 0 
111.70 	 0.0000 	 0.6851 	 19 	 0 
111.80 	 0.0000 	 0.6850 	 19 	 0 
111.90 	 0.0000 	 0.6840 	 19 	 0 
112.00 	 0.0000 	 0.6834 	 19 	 0 
112.10 	 3.3333 	 0.6828 	 19 	 3 
112.20 	 3.3333 	 0.6847 	 19 	 3 
112.30 	 0.0000 	 0.6853 	 19 	 9 
112.40 	 0.0000 	 0.6847 	 19 	 9 
112.50 	 3.3333 	 0.6840 	 19 	 1 
112.60 	 0.0000 	 0.6833 	 19 	 1 
112.70 	 0.0000 	 0.6836 	 19 	 7 
112.80 	 0.0000 	 0.6842 	 19 	 2 
112.90 	 0.0000 	 0.6844 	 19 	 2 
113.00 	 0.0000 	 0.6840 	 19 	 0 
113.10 	 0.0000 	 0.6846 	 19 	 0 
113.20 	 0.0000 	 0.6843 	 19 	 0 
113.30 	 0.0000 	 0.6835 	 19 	 0 
113.40 	 0.0000 	 0.6835 	 19 	 0 
113.50 	 3.3333 	 0.6837 	 19 	 6 
113.60 	 3.3333 	 0.6843 	 19 	 3 
113.70 	 0.0000 	 0.6844 	 19 	 9 
113.80 	 0.0000 	 0.6849 	 19 	 9 
113.90 	 0.0000 	 0.6846 	 19 	 1 
114.00 	 3.3333 	 0.6841 	 19 	 1 
114.10 	 0.0000 	 0.6840 	 19 	 7 
114.20 	 0.0000 	 0.6840 	 0 	 5 
114.30 	 0.0000 	 0.6837 	 0 	 2 
114.40 	 0.0000 	 0.6835 	 0 	 2 
114.50 	 0.0000 	 0.6834 	 0 	 0 
114.60 	 0.0000 	 0.6849 	 0 	 0 
114.70 	 0.0000 	 0.6845 	 0 	 0 
114.80 	 0.0000 	 0.6847 	 0 	 0 
114.90 	 0.0000 	 0.6846 	 0 	 0 
115.00 	 6.6667 	 0.6841 	 0 	 6 
115.10 	 0.0000 	 0.6843 	 0 	 3 
115.20 	 0.0000 	 0.6842 	 0 	 9 
115.30 	 0.0000 	 0.6848 	 0 	 9 
115.40 	 0.0000 	 0.6847 	 0 	 13 
115.50 	 3.3333 	 0.6846 	 0 	 1 
115.60 	 0.0000 	 0.6843 	 0 	 7 
115.70 	 0.0000 	 0.6839 	 0 	 5 
115.80 	 0.0000 	 0.6839 	 0 	 2 
115.90 	 0.0000 	 0.6839 	 0 	 0 
116.00 	 0.0000 	 0.6842 	 0 	 0 
116.10 	 0.0000 	 0.6845 	 0 	 0 
116.20 	 0.0000 	 0.6845 	 0 	 0 
116.30 	 0.0000 	 0.6838 	 0 	 0 
116.40 	 3.3333 	 0.6833 	 0 	 6 
116.50 	 3.3333 	 0.6831 	 0 	 3 
116.60 	 0.0000 	 0.6839 	 0 	 9 
116.70 	 0.0000 	 0.6836 	 0 	 9 
116.80 	 0.0000 	 0.6845 	 0 	 1 
116.90 	 0.0000 	 0.6837 	 0 	 13 
117.00 	 3.3333 	 0.6830 	 0 	 7 
117.10 	 0.0000 	 0.6840 	 0 	 5 
117.20 	 0.0000 	 0.6847 	 0 	 2 
117.30 	 0.0000 	 0.6846 	 0 	 2 
117.40 	 0.0000 	 0.6840 	 0 	 0 
117.50 	 0.0000 	 0.6840 	 0 	 0 
117.60 	 0.0000 	 0.6838 	 0 	 0 
117.70 	 0.0000 	 0.6838 	 0 	 0 
117.80 	 0.0000 	 0.6841 	 0 	 0 
117.90 	 6.6667 	 0.6838 	 1 	 1 
118.00 	 0.0000 	 0.6834 	 1 	 6 
118.10 	 0.0000 	 0.6839 	 1 	 9 
118.20 	 0.0000 	 0.6845 	 1 	 1 
118.30 	 0.0000 	 0.6848 	 1 	 13 
118.40 	 0.0000 	 0.6853 	 1 	 13 
118.50 	 3.3333 	 0.6845 	 1 	 5 
118.60 	 0.0000 	 0.6841 	 1 	 5 
118.70 	 0.0000 	 0.6841 	 1 	 2 
118.80 	 0.0000 	 0.6837 	 1 	 2 
118.90 	 0.0000 	 0.6839 	 1 	 0 
119.00 	 0.0000 	 0.6844 	 1 	 0 
119.10 	 0.0000 	 0.6842 	 1 	 0 
119.20 	 0.0000 	 0.6840 	 1 	 0 
119.30 	 3.3333 	 0.6842 	 1 	 6 
119.40 	 3.3333 	 0.6836 	 1 	 1 
119.50 	 0.0000 	 0.6836 	 1 	 9 
119.60 	 0.0000 	 0.6841 	 1 	 9 
119.70 	 0.0000 	 0.6844 	 1 	 13 
119.80 	 0.0000 	 0.6843 	 1 	 13 
119.90 	 3.3333 	 0.6834 	 1 	 13 
120.00 	 0.0000 	 0.6837 	 1 	 5 
120.10 	 0.0000 	 0.6838 	 1 	 5 
120.20 	 0.0000 	 0.6837 	 1 	 2 
120.30 	 0.0000 	 0.6840 	 1 	 2 
120.40 	 0.0000 	 0.6842 	 1 	 0 
120.50 	 0.0000 	 0.6841 	 1 	 0 
120.60 	 0.0000 	 0.6848 	 1 	 0 
120.70 	 0.0000 	 0.6835 	 1 	 0 
120.80 	 6.6667 	 0.6836 	 1 	 1 
120.90 	 0.0000 	 0.6833 	 1 	 1 
121.00 	 0.0000 	 0.6835 	 1 	 9 
121.10 	 0.0000 	 0.6845 	 1 	 1 
121.20 	 0.0000 	 0.6841 	 1 	 13 
121.30 	 0.0000 	 0.6849 	 1 	 13 
121.40 	 3.3333 	 0.6848 	 1 	 5 
121.50 	 0.0000 	 0.6842 	 1 	 5 
121.60 	 0.0000 	 0.6839 	 2 	 2 
121.70 	 0.0000 	 0.6831 	 2 	 2 
121.80 	 0.0000 	 0.6835 	 2 	 8 
121.90 	 0.0000 	 0.6840 	 2 	 0 
122.00 	 0.0000 	 0.6845 	 2 	 0 
122.10 	 0.0000 	 0.6846 	 2 	 0 
122.20 	 3.3333 	 0.6837 	 2 	 6 
122.30 	 3.3333 	 0.6837 	 2 	 1 
122.40 	 0.0000 	 0.6839 	 2 	 1 
122.50 	 0.0000 	 0.6836 	 2 	 1 
122.60 	 0.0000 	 0.6836 	 2 	 19 
122.70 	 0.0000 	 0.6842 	 2 	 13 
122.80 	 0.0000 	 0.6839 	 2 	 13 
122.90 	 3.3333 	 0.6847 	 2 	 5 
123.00 	 0.0000 	 0.6846 	 2 	 5 
123.10 	 0.0000 	 0.6846 	 2 	 2 
123.20 	 0.0000 	 0.6844 	 2 	 2 
123.30 	 0.0000 	 0.6836 	 2 	 8 
123.40 	 0.0000 	 0.6845 	 2 	 0 
123.50 	 0.0000 	 0.6840 	 2 	 0 
123.60 	 3.3333 	 0.6844 	 2 	 6 
123.70 	 0.0000 	 0.6843 	 2 	 6 
123.80 	 3.3333 	 0.6836 	 2 	 1 
123.90 	 0.0000 	 0.6832 	 2 	 1 
124.00 	 0.0000 	 0.6828 	 2 	 19 
124.10 	 0.0000 	 0.6838 	 2 	 19 
124.20 	 0.0000 	 0.6846 	 2 	 13 
124.30 	 0.0000 	 0.6852 	 2 	 5 
124.40 	 3.3333 	 0.6849 	 2 	 5 
124.50 	 0.0000 	 0.6837 	 2 	 5 
124.60 	 0.0000 	 0.6834 	 2 	 2 
124.70 	 0.0000 	 0.6840 	 2 	 8 
124.80 	 0.0000 	 0.6844 	 2 	 8 
124.90 	 0.0000 	 0.6843 	 2 	 0 
125.00 	 0.0000 	 0.6843 	 2 	 0 
125.10 	 3.3333 	 0.6842 	 2 	 6 
125.20 	 0.0000 	 0.6844 	 2 	 4 
125.30 	 3.3333 	 0.6842 	 3 	 1 
125.40 	 0.0000 	 0.6838 	 3 	 1 
125.50 	 0.0000 	 0.6840 	 3 	 19 
125.60 	 0.0000 	 0.6836 	 3 	 13 
125.70 	 0.0000 	 0.6839 	 3 	 5 
125.80 	 0.0000 	 0.6842 	 3 	 5 
125.90 	 3.3333 	 0.6847 	 3 	 5 
126.00 	 0.0000 	 0.6835 	 3 	 2 
126.10 	 0.0000 	 0.6837 	 3 	 8 
126.20 	 0.0000 	 0.6841 	 3 	 8 
126.30 	 0.0000 	 0.6837 	 3 	 0 
126.40 	 0.0000 	 0.6841 	 3 	 0 
126.50 	 3.3333 	 0.6840 	 3 	 6 
126.60 	 0.0000 	 0.6839 	 3 	 6 
126.70 	 3.3333 	 0.6840 	 3 	 1 
126.80 	 0.0000 	 0.6844 	 3 	 1 
126.90 	 0.0000 	 0.6853 	 3 	 1 
127.00 	 0.0000 	 0.6851 	 3 	 19 
127.10 	 0.0000 	 0.6847 	 3 	 13 
127.20 	 0.0000 	 0.6849 	 3 	 5 
127.30 	 0.0000 	 0.6841 	 3 	 5 
127.40 	 3.3333 	 0.6828 	 3 	 5 
127.50 	 0.0000 	 0.6843 	 3 	 2 
127.60 	 0.0000 	 0.6844 	 3 	 8 
127.70 	 0.0000 	 0.6846 	 3 	 8 
127.80 	 0.0000 	 0.6849 	 3 	 12 
127.90 	 0.0000 	 0.6849 	 3 	 0 
128.00 	 3.3333 	 0.6844 	 3 	 6 
128.10 	 0.0000 	 0.6840 	 3 	 4 
128.20 	 3.3333 	 0.6838 	 3 	 1 
128.30 	 0.0000 	 0.6842 	 3 	 1 
128.40 	 0.0000 	 0.6848 	 3 	 1 
128.50 	 0.0000 	 0.6844 	 3 	 19 
128.60 	 0.0000 	 0.6845 	 3 	 5 
128.70 	 0.0000 	 0.6840 	 3 	 5 
128.80 	 0.0000 	 0.6835 	 3 	 0 
128.90 	 3.3333 	 0.6834 	 3 	 2 
129.00 	 0.0000 	 0.6838 	 4 	 8 
129.10 	 0.0000 	 0.6848 	 4 	 8 
129.20 	 0.0000 	 0.6848 	 4 	 0 
129.30 	 0.0000 	 0.6842 	 4 	 12 
129.40 	 3.3333 	 0.6841 	 4 	 6 
129.50 	 0.0000 	 0.6839 	 4 	 4 
129.60 	 3.3333 	 0.6835 	 4 	 1 
129.70 	 0.0000 	 0.6843 	 4 	 1 
129.80 	 0.0000 	 0.6839 	 4 	 1 
129.90 	 0.0000 	 0.6838 	 4 	 19 
130.00 	 0.0000 	 0.6842 	 4 	 5 
130.10 	 0.0000 	 0.6841 	 4 	 5 
130.20 	 0.0000 	 0.6839 	 4 	 5 
130.30 	 0.0000 	 0.6840 	 4 	 0 
130.40 	 3.3333 	 0.6844 	 4 	 3 
130.50 	 0.0000 	 0.6844 	 4 	 8 
130.60 	 0.0000 	 0.6850 	 4 	 0 
130.70 	 0.0000 	 0.6847 	 4 	 12 
130.80 	 3.3333 	 0.6842 	 4 	 12 
130.90 	 0.0000 	 0.6848 	 4 	 4 
131.00 	 0.0000 	 0.6838 	 4 	 4 
131.10 	 3.3333 	 0.6841 	 4 	 1 
131.20 	 0.0000 	 0.6845 	 4 	 1 
131.30 	 0.0000 	 0.6852 	 4 	 1 
131.40 	 0.0000 	 0.6847 	 4 	 19 
131.50 	 0.0000 	 0.6846 	 4 	 5 
131.60 	 0.0000 	 0.6848 	 4 	 5 
131.70 	 0.0000 	 0.6842 	 4 	 5 
131.80 	 0.0000 	 0.6841 	 4 	 0 
131.90 	 3.3333 	 0.6833 	 4 	 5 
132.00 	 0.0000 	 0.6838 	 4 	 8 
132.10 	 0.0000 	 0.6849 	 4 	 12 
132.20 	 0.0000 	 0.6845 	 4 	 12 
132.30 	 3.3333 	 0.6852 	 4 	 12 
132.40 	 0.0000 	 0.6841 	 4 	 4 
132.50 	 0.0000 	 0.6834 	 4 	 4 
132.60 	 3.3333 	 0.6830 	 4 	 1 
132.70 	 0.0000 	 0.6822 	 5 	 1 
132.80 	 0.0000 	 0.6830 	 5 	 7 
132.90 	 0.0000 	 0.6835 	 5 	 5 
133.00 	 0.0000 	 0.6853 	 5 	 5 
133.10 	 0.0000 	 0.6853 	 5 	 5 
133.20 	 0.0000 	 0.6850 	 5 	 0 
133.30 	 0.0000 	 0.6842 	 5 	 0 
133.40 	 3.3333 	 0.6832 	 5 	 8 
133.50 	 0.0000 	 0.6838 	 5 	 0 
133.60 	 0.0000 	 0.6832 	 5 	 12 
133.70 	 3.3333 	 0.6837 	 5 	 12 
133.80 	 0.0000 	 0.6840 	 5 	 4 
133.90 	 0.0000 	 0.6837 	 5 	 4 
134.00 	 3.3333 	 0.6851 	 5 	 1 
134.10 	 0.0000 	 0.6852 	 5 	 1 
134.20 	 0.0000 	 0.6847 	 5 	 7 
134.30 	 0.0000 	 0.6850 	 5 	 1 
134.40 	 0.0000 	 0.6848 	 5 	 5 
134.50 	 0.0000 	 0.6851 	 5 	 5 
134.60 	 0.0000 	 0.6845 	 5 	 5 
134.70 	 0.0000 	 0.6844 	 5 	 0 
134.80 	 0.0000 	 0.6834 	 5 	 0 
134.90 	 3.3333 	 0.6838 	 5 	 14 
135.00 	 0.0000 	 0.6853 	 5 	 18 
135.10 	 3.3333 	 0.6847 	 5 	 12 
135.20 	 0.0000 	 0.6846 	 5 	 12 
135.30 	 0.0000 	 0.6837 	 5 	 4 
135.40 	 0.0000 	 0.6833 	 5 	 4 
135.50 	 3.3333 	 0.6835 	 5 	 1 
135.60 	 0.0000 	 0.6841 	 5 	 1 
135.70 	 0.0000 	 0.6843 	 5 	 7 
135.80 	 0.0000 	 0.6845 	 5 	 1 
135.90 	 0.0000 	 0.6836 	 5 	 5 
136.00 	 0.0000 	 0.6836 	 5 	 5 
136.10 	 0.0000 	 0.6839 	 5 	 5 
136.20 	 0.0000 	 0.6841 	 5 	 0 
136.30 	 0.0000 	 0.6847 	 6 	 0 
136.40 	 3.3333 	 0.6850 	 6 	 0 
136.50 	 0.0000 	 0.6846 	 6 	 18 
136.60 	 3.3333 	 0.6849 	 6 	 12 
136.70 	 0.0000 	 0.6846 	 6 	 4 
136.80 	 0.0000 	 0.6832 	 6 	 4 
136.90 	 0.0000 	 0.6831 	 6 	 4 
137.00 	 3.3333 	 0.6839 	 6 	 1 
137.10 	 0.0000 	 0.6843 	 6 	 7 
137.20 	 0.0000 	 0.6844 	 6 	 7 
137.30 	 0.0000 	 0.6839 	 6 	 1 
137.40 	 0.0000 	 0.6836 	 6 	 5 
137.50 	 0.0000 	 0.6833 	 6 	 5 
137.60 	 0.0000 	 0.6841 	 6 	 0 
137.70 	 0.0000 	 0.6843 	 6 	 0 
137.80 	 0.0000 	 0.6852 	 6 	 0 
137.90 	 3.3333 	 0.6842 	 6 	 18 
138.00 	 3.3333 	 0.6846 	 6 	 18 
138.10 	 0.0000 	 0.6843 	 6 	 4 
138.20 	 0.0000 	 0.6838 	 6 	 4 
138.30 	 0.0000 	 0.6834 	 6 	 4 
138.40 	 3.3333 	 0.6828 	 6 	 1 
138.50 	 0.0000 	 0.6833 	 6 	 7 
138.60 	 0.0000 	 0.6840 	 6 	 7 
138.70 	 0.0000 	 0.6843 	 6 	 1 
138.80 	 0.0000 	 0.6844 	 6 	 11 
138.90 	 0.0000 	 0.6839 	 6 	 5 
139.00 	 0.0000 	 0.6837 	 6 	 5 
139.10 	 0.0000 	 0.6837 	 6 	 0 
139.20 	 0.0000 	 0.6835 	 6 	 0 
139.30 	 0.0000 	 0.6837 	 6 	 0 
139.40 	 6.6667 	 0.6838 	 6 	 18 
139.50 	 0.0000 	 0.6834 	 6 	 18 
139.60 	 0.0000 	 0.6839 	 6 	 4 
139.70 	 0.0000 	 0.6841 	 6 	 4 
139.80 	 0.0000 	 0.6842 	 6 	 4 
139.90 	 3.3333 	 0.6845 	 6 	 1 
140.00 	 0.0000 	 0.6843 	 7 	 7 
140.10 	 0.0000 	 0.6851 	 7 	 7 
140.20 	 0.0000 	 0.6843 	 7 	 11 
140.30 	 0.0000 	 0.6836 	 7 	 11 
140.40 	 0.0000 	 0.6843 	 7 	 5 
140.50 	 0.0000 	 0.6840 	 7 	 3 
140.60 	 0.0000 	 0.6842 	 7 	 0 
140.70 	 0.0000 	 0.6843 	 7 	 0 
140.80 	 0.0000 	 0.6845 	 7 	 0 
140.90 	 6.6667 	 0.6843 	 7 	 18 
141.00 	 0.0000 	 0.6847 	 7 	 4 
141.10 	 0.0000 	 0.6844 	 7 	 4 
141.20 	 0.0000 	 0.6836 	 7 	 4 
141.30 	 0.0000 	 0.6838 	 7 	 4 
141.40 	 3.3333 	 0.6842 	 7 	 4 
141.50 	 0.0000 	 0.6849 	 7 	 7 
141.60 	 0.0000 	 0.6853 	 7 	 1 
141.70 	 0.0000 	 0.6847 	 7 	 11 
141.80 	 0.0000 	 0.6844 	 7 	 11 
141.90 	 0.0000 	 0.6835 	 7 	 3 
142.00 	 0.0000 	 0.6837 	 7 	 0 
142.10 	 0.0000 	 0.6837 	 7 	 0 
142.20 	 0.0000 	 0.6840 	 7 	 0 
142.30 	 3.3333 	 0.6843 	 7 	 18 
142.40 	 3.3333 	 0.6852 	 7 	 4 
142.50 	 0.0000 	 0.6840 	 7 	 4 
142.60 	 0.0000 	 0.6834 	 7 	 4 
142.70 	 0.0000 	 0.6836 	 7 	 4 
142.80 	 3.3333 	 0.6838 	 7 	 2 
142.90 	 0.0000 	 0.6837 	 7 	 7 
143.00 	 0.0000 	 0.6838 	 7 	 1 
143.10 	 0.0000 	 0.6842 	 7 	 11 
143.20 	 0.0000 	 0.6842 	 7 	 11 
143.30 	 0.0000 	 0.6841 	 7 	 11 
143.40 	 0.0000 	 0.6836 	 7 	 3 
143.50 	 0.0000 	 0.6837 	 7 	 0 
143.60 	 0.0000 	 0.6837 	 8 	 0 
143.70 	 3.3333 	 0.6841 	 8 	 6 
143.80 	 0.0000 	 0.6847 	 8 	 18 
143.90 	 3.3333 	 0.6839 	 8 	 4 
144.00 	 0.0000 	 0.6834 	 8 	 4 
144.10 	 0.0000 	 0.6834 	 8 	 4 
144.20 	 0.0000 	 0.6836 	 8 	 4 
144.30 	 3.3333 	 0.6833 	 8 	 2 
144.40 	 0.0000 	 0.6838 	 8 	 7 
144.50 	 0.0000 	 0.6840 	 8 	 1 
144.60 	 0.0000 	 0.6843 	 8 	 11 
144.70 	 0.0000 	 0.6846 	 8 	 11 
144.80 	 0.0000 	 0.6838 	 8 	 3 
144.90 	 0.0000 	 0.6836 	 8 	 3 
145.00 	 0.0000 	 0.6846 	 8 	 0 
145.10 	 0.0000 	 0.6842 	 8 	 0 
145.20 	 3.3333 	 0.6844 	 8 	 6 
145.30 	 0.0000 	 0.6850 	 8 	 18 
145.40 	 3.3333 	 0.6847 	 8 	 4 
145.50 	 0.0000 	 0.6847 	 8 	 4 
145.60 	 0.0000 	 0.6842 	 8 	 4 
145.70 	 0.0000 	 0.6832 	 8 	 2 
145.80 	 3.3333 	 0.6840 	 8 	 7 
145.90 	 0.0000 	 0.6834 	 8 	 1 
146.00 	 0.0000 	 0.6843 	 8 	 17 
146.10 	 0.0000 	 0.6853 	 8 	 11 
146.20 	 0.0000 	 0.6856 	 8 	 3 
146.30 	 0.0000 	 0.6849 	 8 	 3 
146.40 	 0.0000 	 0.6840 	 8 	 0 
146.50 	 0.0000 	 0.6826 	 8 	 0 
146.60 	 3.3333 	 0.6835 	 8 	 6 
146.70 	 0.0000 	 0.6839 	 8 	 6 
146.80 	 0.0000 	 0.6844 	 8 	 18 
146.90 	 3.3333 	 0.6840 	 8 	 4 
147.00 	 0.0000 	 0.6841 	 8 	 4 
147.10 	 0.0000 	 0.6840 	 8 	 2 
147.20 	 3.3333 	 0.6844 	 8 	 2 
147.30 	 0.0000 	 0.6839 	 9 	 13 
147.40 	 0.0000 	 0.6839 	 9 	 17 
147.50 	 0.0000 	 0.6840 	 9 	 17 
147.60 	 0.0000 	 0.6840 	 9 	 11 
147.70 	 0.0000 	 0.6836 	 9 	 3 
147.80 	 0.0000 	 0.6839 	 9 	 3 
147.90 	 0.0000 	 0.6844 	 9 	 0 
148.00 	 0.0000 	 0.6832 	 9 	 0 
148.10 	 3.3333 	 0.6834 	 9 	 6 
148.20 	 0.0000 	 0.6835 	 9 	 6 
148.30 	 0.0000 	 0.6827 	 9 	 10 
148.40 	 3.3333 	 0.6836 	 9 	 4 
148.50 	 0.0000 	 0.6847 	 9 	 4 
148.60 	 0.0000 	 0.6840 	 9 	 2 
148.70 	 3.3333 	 0.6837 	 9 	 13 
148.80 	 0.0000 	 0.6834 	 9 	 1 
148.90 	 0.0000 	 0.6832 	 9 	 17 
149.00 	 0.0000 	 0.6842 	 9 	 17 
149.10 	 0.0000 	 0.6838 	 9 	 3 
149.20 	 0.0000 	 0.6837 	 9 	 3 
149.30 	 0.0000 	 0.6837 	 9 	 0 
149.40 	 0.0000 	 0.6842 	 9 	 0 
149.50 	 3.3333 	 0.6850 	 9 	 6 
149.60 	 0.0000 	 0.6843 	 9 	 6 
149.70 	 0.0000 	 0.6840 	 9 	 0 
149.80 	 0.0000 	 0.6835 	 9 	 4 
149.90 	 3.3333 	 0.6840 	 9 	 4 
150.00 	 0.0000 	 0.6845 	 9 	 2 
150.10 	 0.0000 	 0.6842 	 9 	 2 
150.20 	 3.3333 	 0.6844 	 9 	 5 
150.30 	 0.0000 	 0.6836 	 9 	 17 
150.40 	 0.0000 	 0.6833 	 9 	 17 
150.50 	 0.0000 	 0.6837 	 9 	 3 
150.60 	 0.0000 	 0.6844 	 9 	 3 
150.70 	 0.0000 	 0.6844 	 9 	 3 
150.80 	 0.0000 	 0.6851 	 9 	 0 
150.90 	 3.3333 	 0.6853 	 10 	 3 
151.00 	 0.0000 	 0.6849 	 10 	 6 
151.10 	 0.0000 	 0.6843 	 10 	 0 
151.20 	 0.0000 	 0.6844 	 10 	 10 
151.30 	 0.0000 	 0.6833 	 10 	 4 
151.40 	 3.3333 	 0.6830 	 10 	 4 
151.50 	 0.0000 	 0.6831 	 10 	 2 
151.60 	 3.3333 	 0.6832 	 10 	 2 
151.70 	 0.0000 	 0.6835 	 10 	 5 
151.80 	 0.0000 	 0.6844 	 10 	 17 
151.90 	 0.0000 	 0.6836 	 10 	 17 
152.00 	 0.0000 	 0.6836 	 10 	 3 
152.10 	 0.0000 	 0.6842 	 10 	 3 
152.20 	 0.0000 	 0.6832 	 10 	 3 
152.30 	 0.0000 	 0.6831 	 10 	 0 
152.40 	 3.3333 	 0.6832 	 10 	 6 
152.50 	 0.0000 	 0.6847 	 10 	 6 
152.60 	 0.0000 	 0.6844 	 10 	 10 
152.70 	 0.0000 	 0.6848 	 10 	 10 
152.80 	 3.3333 	 0.6847 	 10 	 4 
152.90 	 0.0000 	 0.6838 	 10 	 2 
153.00 	 0.0000 	 0.6833 	 10 	 2 
153.10 	 3.3333 	 0.6836 	 10 	 5 
153.20 	 0.0000 	 0.6838 	 10 	 5 
153.30 	 0.0000 	 0.6839 	 10 	 17 
153.40 	 0.0000 	 0.6847 	 10 	 3 
153.50 	 0.0000 	 0.6852 	 10 	 3 
153.60 	 0.0000 	 0.6851 	 10 	 3 
153.70 	 0.0000 	 0.6840 	 10 	 3 
153.80 	 3.3333 	 0.6837 	 10 	 3 
153.90 	 0.0000 	 0.6833 	 10 	 6 
154.00 	 0.0000 	 0.6838 	 10 	 0 
154.10 	 0.0000 	 0.6840 	 10 	 10 
154.20 	 0.0000 	 0.6842 	 10 	 10 
154.30 	 3.3333 	 0.6844 	 10 	 2 
154.40 	 0.0000 	 0.6839 	 10 	 2 
154.50 	 3.3333 	 0.6839 	 11 	 2 
154.60 	 0.0000 	 0.6837 	 11 	 5 
154.70 	 0.0000 	 0.6841 	 11 	 1 
154.80 	 0.0000 	 0.6841 	 11 	 3 
154.90 	 0.0000 	 0.6845 	 11 	 3 
155.00 	 0.0000 	 0.6852 	 11 	 3 
155.10 	 0.0000 	 0.6842 	 11 	 3 
155.20 	 3.3333 	 0.6834 	 11 	 1 
155.30 	 0.0000 	 0.6838 	 11 	 6 
155.40 	 0.0000 	 0.6839 	 11 	 0 
155.50 	 0.0000 	 0.6837 	 11 	 10 
155.60 	 0.0000 	 0.6848 	 11 	 10 
155.70 	 0.0000 	 0.6849 	 11 	 10 
155.80 	 3.3333 	 0.6839 	 11 	 2 
155.90 	 0.0000 	 0.6836 	 11 	 2 
156.00 	 3.3333 	 0.6838 	 11 	 2 
156.10 	 0.0000 	 0.6836 	 11 	 5 
156.20 	 0.0000 	 0.6840 	 11 	 1 
156.30 	 0.0000 	 0.6848 	 11 	 3 
156.40 	 0.0000 	 0.6847 	 11 	 3 
156.50 	 0.0000 	 0.6845 	 11 	 3 
156.60 	 0.0000 	 0.6846 	 11 	 3 
156.70 	 3.3333 	 0.6843 	 11 	 1 
156.80 	 0.0000 	 0.6841 	 11 	 6 
156.90 	 0.0000 	 0.6844 	 11 	 0 
157.00 	 0.0000 	 0.6838 	 11 	 10 
157.10 	 0.0000 	 0.6843 	 11 	 10 
157.20 	 0.0000 	 0.6844 	 11 	 2 
157.30 	 3.3333 	 0.6836 	 11 	 2 
157.40 	 0.0000 	 0.6839 	 11 	 2 
157.50 	 3.3333 	 0.6842 	 11 	 5 
157.60 	 0.0000 	 0.6848 	 11 	 5 
157.70 	 0.0000 	 0.6844 	 11 	 1 
157.80 	 0.0000 	 0.6844 	 11 	 3 
157.90 	 0.0000 	 0.6840 	 11 	 3 
158.00 	 0.0000 	 0.6841 	 11 	 3 
158.10 	 3.3333 	 0.6844 	 12 	 1 
158.20 	 0.0000 	 0.6842 	 12 	 12 
158.30 	 0.0000 	 0.6841 	 12 	 12 
158.40 	 0.0000 	 0.6846 	 12 	 16 
158.50 	 0.0000 	 0.6841 	 12 	 10 
158.60 	 0.0000 	 0.6838 	 12 	 2 
158.70 	 0.0000 	 0.6833 	 12 	 2 
158.80 	 3.3333 	 0.6831 	 12 	 2 
158.90 	 3.3333 	 0.6834 	 12 	 2 
159.00 	 0.0000 	 0.6846 	 12 	 5 
159.10 	 0.0000 	 0.6848 	 12 	 5 
159.20 	 0.0000 	 0.6842 	 12 	 1 
159.30 	 0.0000 	 0.6840 	 12 	 3 
159.40 	 0.0000 	 0.6837 	 12 	 3 
159.50 	 3.3333 	 0.6832 	 12 	 1 
159.60 	 0.0000 	 0.6826 	 12 	 1 
159.70 	 0.0000 	 0.6834 	 12 	 4 
159.80 	 0.0000 	 0.6845 	 12 	 16 
159.90 	 0.0000 	 0.6856 	 12 	 16 
160.00 	 0.0000 	 0.6860 	 12 	 10 
160.10 	 0.0000 	 0.6847 	 12 	 2 
160.20 	 0.0000 	 0.6838 	 12 	 2 
160.30 	 3.3333 	 0.6830 	 12 	 2 
160.40 	 3.3333 	 0.6832 	 12 	 1 
160.50 	 0.0000 	 0.6837 	 12 	 5 
160.60 	 0.0000 	 0.6844 	 12 	 5 
160.70 	 0.0000 	 0.6846 	 12 	 9 
160.80 	 0.0000 	 0.6848 	 12 	 3 
160.90 	 0.0000 	 0.6846 	 12 	 3 
161.00 	 3.3333 	 0.6842 	 12 	 1 
161.10 	 0.0000 	 0.6840 	 12 	 1 
161.20 	 0.0000 	 0.6835 	 12 	 12 
161.30 	 0.0000 	 0.6836 	 12 	 16 
161.40 	 0.0000 	 0.6838 	 12 	 16 
161.50 	 0.0000 	 0.6841 	 12 	 2 
161.60 	 0.0000 	 0.6843 	 12 	 2 
161.70 	 0.0000 	 0.6841 	 12 	 2 
161.80 	 3.3333 	 0.6838 	 13 	 2 
161.90 	 3.3333 	 0.6837 	 13 	 5 
162.00 	 0.0000 	 0.6841 	 13 	 5 
162.10 	 0.0000 	 0.6838 	 13 	 1 
162.20 	 0.0000 	 0.6839 	 13 	 9 
162.30 	 0.0000 	 0.6839 	 13 	 3 
162.40 	 3.3333 	 0.6841 	 13 	 1 
162.50 	 0.0000 	 0.6838 	 13 	 1 
162.60 	 0.0000 	 0.6840 	 13 	 12 
162.70 	 0.0000 	 0.6842 	 13 	 18 
162.80 	 0.0000 	 0.6840 	 13 	 16 
162.90 	 0.0000 	 0.6852 	 13 	 2 
163.00 	 0.0000 	 0.6848 	 13 	 2 
163.10 	 0.0000 	 0.6839 	 13 	 2 
163.20 	 0.0000 	 0.6833 	 13 	 2 
163.30 	 6.6667 	 0.6837 	 13 	 2 
163.40 	 0.0000 	 0.6834 	 13 	 5 
163.50 	 0.0000 	 0.6844 	 13 	 1 
163.60 	 0.0000 	 0.6851 	 13 	 9 
163.70 	 0.0000 	 0.6846 	 13 	 9 
163.80 	 3.3333 	 0.6840 	 13 	 1 
163.90 	 0.0000 	 0.6839 	 13 	 1 
164.00 	 0.0000 	 0.6840 	 13 	 1 
164.10 	 0.0000 	 0.6840 	 13 	 4 
164.20 	 0.0000 	 0.6850 	 13 	 0 
164.30 	 0.0000 	 0.6849 	 13 	 16 
164.40 	 0.0000 	 0.6851 	 13 	 2 
164.50 	 0.0000 	 0.6843 	 13 	 2 
164.60 	 0.0000 	 0.6840 	 13 	 2 
164.70 	 0.0000 	 0.6835 	 13 	 0 
164.80 	 6.6667 	 0.6835 	 13 	 5 
164.90 	 0.0000 	 0.6837 	 13 	 5 
165.00 	 0.0000 	 0.6848 	 13 	 9 
165.10 	 0.0000 	 0.6849 	 13 	 9 
165.20 	 0.0000 	 0.6843 	 13 	 9 
165.30 	 3.3333 	 0.6838 	 13 	 1 
165.40 	 0.0000 	 0.6830 	 14 	 1 
165.50 	 0.0000 	 0.6834 	 14 	 18 
165.60 	 0.0000 	 0.6845 	 14 	 4 
165.70 	 0.0000 	 0.6849 	 14 	 0 
165.80 	 0.0000 	 0.6847 	 14 	 2 
165.90 	 0.0000 	 0.6844 	 14 	 2 
166.00 	 0.0000 	 0.6840 	 14 	 2 
166.10 	 0.0000 	 0.6830 	 14 	 2 
166.20 	 3.3333 	 0.6842 	 14 	 2 
166.30 	 3.3333 	 0.6841 	 14 	 5 
166.40 	 0.0000 	 0.6843 	 14 	 1 
166.50 	 0.0000 	 0.6847 	 14 	 9 
166.60 	 0.0000 	 0.6847 	 14 	 9 
166.70 	 3.3333 	 0.6836 	 14 	 1 
166.80 	 0.0000 	 0.6843 	 14 	 1 
166.90 	 0.0000 	 0.6844 	 14 	 1 
167.00 	 0.0000 	 0.6844 	 14 	 4 
167.10 	 0.0000 	 0.6849 	 14 	 4 
167.20 	 0.0000 	 0.6845 	 14 	 0 
167.30 	 0.0000 	 0.6838 	 14 	 2 
167.40 	 0.0000 	 0.6838 	 14 	 2 
167.50 	 0.0000 	 0.6833 	 14 	 2 
167.60 	 0.0000 	 0.6831 	 14 	 0 
167.70 	 3.3333 	 0.6834 	 14 	 2 
167.80 	 3.3333 	 0.6848 	 14 	 11 
167.90 	 0.0000 	 0.6857 	 14 	 1 
168.00 	 0.0000 	 0.6849 	 14 	 9 
168.10 	 0.0000 	 0.6841 	 14 	 9 
168.20 	 3.3333 	 0.6833 	 14 	 1 
168.30 	 0.0000 	 0.6832 	 14 	 1 
168.40 	 0.0000 	 0.6835 	 14 	 1 
168.50 	 0.0000 	 0.6835 	 14 	 4 
168.60 	 0.0000 	 0.6848 	 14 	 4 
168.70 	 0.0000 	 0.6845 	 14 	 0 
168.80 	 0.0000 	 0.6839 	 14 	 2 
168.90 	 0.0000 	 0.6841 	 14 	 2 
169.00 	 0.0000 	 0.6832 	 14 	 0 
169.10 	 0.0000 	 0.6835 	 15 	 0 
169.20 	 3.3333 	 0.6836 	 15 	 5 
169.30 	 3.3333 	 0.6829 	 15 	 1 
169.40 	 0.0000 	 0.6830 	 15 	 15 
169.50 	 0.0000 	 0.6846 	 15 	 9 
169.60 	 3.3333 	 0.6837 	 15 	 1 
169.70 	 0.0000 	 0.6839 	 15 	 1 
169.80 	 0.0000 	 0.6838 	 15 	 1 
169.90 	 0.0000 	 0.6836 	 15 	 18 
170.00 	 0.0000 	 0.6839 	 15 	 4 
170.10 	 0.0000 	 0.6830 	 15 	 4 
170.20 	 0.0000 	 0.6843 	 15 	 16 
170.30 	 0.0000 	 0.6841 	 15 	 2 
170.40 	 0.0000 	 0.6841 	 15 	 2 
170.50 	 0.0000 	 0.6837 	 15 	 0 
170.60 	 3.3333 	 0.6837 	 15 	 11 
170.70 	 0.0000 	 0.6837 	 15 	 11 
170.80 	 3.3333 	 0.6846 	 15 	 15 
170.90 	 0.0000 	 0.6847 	 15 	 15 
171.00 	 3.3333 	 0.6847 	 15 	 1 
171.10 	 0.0000 	 0.6837 	 15 	 1 
171.20 	 0.0000 	 0.6836 	 15 	 1 
171.30 	 0.0000 	 0.6839 	 15 	 1 
171.40 	 0.0000 	 0.6843 	 15 	 4 
171.50 	 0.0000 	 0.6843 	 15 	 4 
171.60 	 0.0000 	 0.6842 	 15 	 0 
171.70 	 0.0000 	 0.6840 	 15 	 2 
171.80 	 0.0000 	 0.6840 	 15 	 2 
171.90 	 0.0000 	 0.6844 	 15 	 0 
172.00 	 0.0000 	 0.6836 	 15 	 0 
172.10 	 3.3333 	 0.6839 	 15 	 3 
172.20 	 0.0000 	 0.6836 	 15 	 0 
172.30 	 3.3333 	 0.6841 	 15 	 15 
172.40 	 0.0000 	 0.6849 	 15 	 9 
172.50 	 3.3333 	 0.6846 	 15 	 1 
172.60 	 0.0000 	 0.6840 	 15 	 1 
172.70 	 0.0000 	 0.6835 	 16 	 1 
172.80 	 0.0000 	 0.6844 	 16 	 1 
172.90 	 0.0000 	 0.6844 	 16 	 4 
173.00 	 0.0000 	 0.6836 	 16 	 4 
173.10 	 0.0000 	 0.6838 	 16 	 8 
173.20 	 0.0000 	 0.6843 	 16 	 2 
173.30 	 0.0000 	 0.6850 	 16 	 0 
173.40 	 0.0000 	 0.6844 	 16 	 0 
173.50 	 0.0000 	 0.6845 	 16 	 0 
173.60 	 3.3333 	 0.6848 	 16 	 3 
173.70 	 3.3333 	 0.6845 	 16 	 15 
173.80 	 0.0000 	 0.6847 	 16 	 15 
173.90 	 3.3333 	 0.6842 	 16 	 1 
174.00 	 0.0000 	 0.6840 	 16 	 1 
174.10 	 0.0000 	 0.6836 	 16 	 1 
174.20 	 0.0000 	 0.6834 	 16 	 1 
174.30 	 0.0000 	 0.6835 	 16 	 4 
174.40 	 0.0000 	 0.6841 	 16 	 4 
174.50 	 0.0000 	 0.6838 	 16 	 0 
174.60 	 0.0000 	 0.6840 	 16 	 8 
174.70 	 0.0000 	 0.6840 	 16 	 2 
174.80 	 0.0000 	 0.6848 	 16 	 0 
174.90 	 0.0000 	 0.6844 	 16 	 0 
175.00 	 3.3333 	 0.6843 	 16 	 11 
175.10 	 0.0000 	 0.6849 	 16 	 3 
175.20 	 3.3333 	 0.6844 	 16 	 15 
175.30 	 3.3333 	 0.6840 	 16 	 1 
175.40 	 0.0000 	 0.6835 	 16 	 1 
175.50 	 0.0000 	 0.6838 	 16 	 1 
175.60 	 0.0000 	 0.6834 	 16 	 1 
175.70 	 0.0000 	 0.6833 	 16 	 1 
175.80 	 0.0000 	 0.6836 	 16 	 4 
175.90 	 0.0000 	 0.6839 	 16 	 0 
176.00 	 0.0000 	 0.6841 	 16 	 8 
176.10 	 0.0000 	 0.6845 	 16 	 8 
176.20 	 0.0000 	 0.6840 	 16 	 0 
176.30 	 0.0000 	 0.6841 	 16 	 0 
176.40 	 0.0000 	 0.6834 	 17 	 0 
176.50 	 3.3333 	 0.6841 	 17 	 3 
176.60 	 0.0000 	 0.6843 	 17 	 0 
176.70 	 3.3333 	 0.6849 	 17 	 15 
176.80 	 3.3333 	 0.6842 	 17 	 1 
176.90 	 0.0000 	 0.6849 	 17 	 1 
177.00 	 0.0000 	 0.6844 	 17 	 1 
177.10 	 0.0000 	 0.6839 	 17 	 1 
177.20 	 0.0000 	 0.6836 	 17 	 10 
177.30 	 0.0000 	 0.6839 	 17 	 4 
177.40 	 0.0000 	 0.6846 	 17 	 0 
177.50 	 0.0000 	 0.6845 	 17 	 8 
177.60 	 0.0000 	 0.6843 	 17 	 8 
177.70 	 0.0000 	 0.6838 	 17 	 0 
177.80 	 0.0000 	 0.6838 	 17 	 0 
177.90 	 3.3333 	 0.6846 	 17 	 6 
178.00 	 0.0000 	 0.6843 	 17 	 3 
178.10 	 0.0000 	 0.6848 	 17 	 0 
178.20 	 6.6667 	 0.6847 	 17 	 1 
178.30 	 0.0000 	 0.6842 	 17 	 1 
178.40 	 0.0000 	 0.6843 	 17 	 1 
178.50 	 0.0000 	 0.6842 	 17 	 1 
178.60 	 0.0000 	 0.6838 	 17 	 1 
178.70 	 0.0000 	 0.6833 	 17 	 4 
178.80 	 0.0000 	 0.6839 	 17 	 0 
178.90 	 0.0000 	 0.6842 	 17 	 8 
179.00 	 0.0000 	 0.6840 	 17 	 8 
179.10 	 0.0000 	 0.6830 	 17 	 0 
179.20 	 0.0000 	 0.6830 	 17 	 0 
179.30 	 0.0000 	 0.6824 	 17 	 0 
179.40 	 3.3333 	 0.6832 	 17 	 3 
179.50 	 0.0000 	 0.6836 	 17 	 3 
179.60 	 3.3333 	 0.6835 	 17 	 1 
179.70 	 3.3333 	 0.6830 	 17 	 1 
179.80 	 0.0000 	 0.6829 	 17 	 1 
179.90 	 0.0000 	 0.6833 	 17 	 1 
180.00 	 0.0000 	 0.6837 	 17 	 1 
180.10 	 0.0000 	 0.6832 	 18 	 1 
180.20 	 0.0000 	 0.6838 	 18 	 10 
180.30 	 0.0000 	 0.6845 	 18 	 0 
180.40 	 0.0000 	 0.6839 	 18 	 8 
180.50 	 0.0000 	 0.6836 	 18 	 0 
180.60 	 0.0000 	 0.6837 	 18 	 0 
180.70 	 0.0000 	 0.6838 	 18 	 0 
180.80 	 0.0000 	 0.6836 	 18 	 0 
180.90 	 3.3333 	 0.6844 	 18 	 3 
181.00 	 0.0000 	 0.6839 	 18 	 3 
181.10 	 3.3333 	 0.6840 	 18 	 1 
181.20 	 3.3333 	 0.6840 	 18 	 1 
181.30 	 0.0000 	 0.6838 	 18 	 1 
181.40 	 0.0000 	 0.6840 	 18 	 1 
181.50 	 0.0000 	 0.6837 	 18 	 1 
181.60 	 0.0000 	 0.6842 	 18 	 10 
181.70 	 0.0000 	 0.6843 	 18 	 10 
181.80 	 0.0000 	 0.6843 	 18 	 14 
181.90 	 0.0000 	 0.6843 	 18 	 8 
182.00 	 0.0000 	 0.6843 	 18 	 0 
182.10 	 0.0000 	 0.6843 	 18 	 0 
182.20 	 0.0000 	 0.6839 	 18 	 0 
182.30 	 3.3333 	 0.6841 	 18 	 17 
182.40 	 0.0000 	 0.6849 	 18 	 3 
182.50 	 3.3333 	 0.6845 	 18 	 3 
182.60 	 0.0000 	 0.6845 	 18 	 1 
182.70 	 3.3333 	 0.6840 	 18 	 1 
182.80 	 0.0000 	 0.6835 	 18 	 1 
182.90 	 0.0000 	 0.6841 	 18 	 1 
183.00 	 0.0000 	 0.6837 	 18 	 7 
183.10 	 0.0000 	 0.6846 	 18 	 10 
183.20 	 0.0000 	 0.6845 	 18 	 14 
183.30 	 0.0000 	 0.6841 	 18 	 14 
183.40 	 0.0000 	 0.6834 	 18 	 0 
183.50 	 0.0000 	 0.6836 	 18 	 0 
183.60 	 0.0000 	 0.6833 	 18 	 0 
183.70 	 0.0000 	 0.6839 	 19 	 0 
183.80 	 3.3333 	 0.6849 	 19 	 3 
183.90 	 3.3333 	 0.6846 	 19 	 3 
184.00 	 0.0000 	 0.6842 	 19 	 3 
184.10 	 0.0000 	 0.6843 	 19 	 7 
184.20 	 3.3333 	 0.6834 	 19 	 1 
184.30 	 0.0000 	 0.6833 	 19 	 1 
184.40 	 0.0000 	 0.6843 	 19 	 1 
184.50 	 0.0000 	 0.6842 	 19 	 2 
184.60 	 0.0000 	 0.6844 	 19 	 16 
184.70 	 0.0000 	 0.6836 	 19 	 14 
184.80 	 0.0000 	 0.6836 	 19 	 0 
184.90 	 0.0000 	 0.6828 	 19 	 0 
185.00 	 0.0000 	 0.6825 	 19 	 0 
185.10 	 0.0000 	 0.6836 	 19 	 0 
185.20 	 0.0000 	 0.6832 	 19 	 0 
185.30 	 3.3333 	 0.6840 	 19 	 3 
185.40 	 3.3333 	 0.6851 	 19 	 3 
185.50 	 0.0000 	 0.6847 	 19 	 1 
185.60 	 0.0000 	 0.6844 	 19 	 7 
185.70 	 3.3333 	 0.6839 	 19 	 1 
185.80 	 0.0000 	 0.6841 	 19 	 1 
185.90 	 0.0000 	 0.6842 	 19 	 7 
186.00 	 0.0000 	 0.6844 	 19 	 2 
186.10 	 0.0000 	 0.6848 	 19 	 16 
186.20 	 0.0000 	 0.6845 	 19 	 14 
186.30 	 0.0000 	 0.6836 	 19 	 0 
186.40 	 0.0000 	 0.6831 	 19 	 0 
186.50 	 0.0000 	 0.6831 	 19 	 0 
186.60 	 0.0000 	 0.6841 	 19 	 0 
186.70 	 3.3333 	 0.6844 	 19 	 9 
186.80 	 3.3333 	 0.6847 	 19 	 3 
186.90 	 0.0000 	 0.6847 	 19 	 1 
187.00 	 0.0000 	 0.6844 	 19 	 7 
187.10 	 0.0000 	 0.6837 	 19 	 7 
187.20 	 3.3333 	 0.6833 	 19 	 1 
187.30 	 0.0000 	 0.6838 	 19 	 7 
187.40 	 0.0000 	 0.6836 	 0 	 5 
187.50 	 0.0000 	 0.6850 	 0 	 2 
187.60 	 0.0000 	 0.6847 	 0 	 2 
187.70 	 0.0000 	 0.6847 	 0 	 0 
187.80 	 0.0000 	 0.6846 	 0 	 0 
187.90 	 0.0000 	 0.6846 	 0 	 0 
188.00 	 0.0000 	 0.6834 	 0 	 0 
188.10 	 0.0000 	 0.6832 	 0 	 0 
188.20 	 6.6667 	 0.6830 	 0 	 3 
188.30 	 0.0000 	 0.6837 	 0 	 3 
188.40 	 0.0000 	 0.6853 	 0 	 7 
188.50 	 0.0000 	 0.6848 	 0 	 7 
188.60 	 3.3333 	 0.6846 	 0 	 1 
188.70 	 0.0000 	 0.6840 	 0 	 1 
188.80 	 0.0000 	 0.6847 	 0 	 5 
188.90 	 0.0000 	 0.6847 	 0 	 2 
189.00 	 0.0000 	 0.6857 	 0 	 2 
189.10 	 0.0000 	 0.6851 	 0 	 0 
189.20 	 0.0000 	 0.6846 	 0 	 0 
189.30 	 0.0000 	 0.6844 	 0 	 0 
189.40 	 0.0000 	 0.6833 	 0 	 0 
189.50 	 0.0000 	 0.6835 	 0 	 0 
189.60 	 3.3333 	 0.6841 	 0 	 9 
189.70 	 3.3333 	 0.6845 	 0 	 3 
189.80 	 0.0000 	 0.6842 	 0 	 1 
189.90 	 0.0000 	 0.6852 	 0 	 7 
190.00 	 0.0000 	 0.6850 	 0 	 7 
190.10 	 3.3333 	 0.6837 	 0 	 1 
190.20 	 0.0000 	 0.6833 	 0 	 7 
190.30 	 0.0000 	 0.6835 	 0 	 5 
190.40 	 0.0000 	 0.6846 	 0 	 2 
190.50 	 0.0000 	 0.6847 	 0 	 2 
190.60 	 0.0000 	 0.6851 	 0 	 0 
190.70 	 0.0000 	 0.6845 	 0 	 0 
190.80 	 0.0000 	 0.6841 	 0 	 0 
190.90 	 0.0000 	 0.6834 	 0 	 0 
191.00 	 0.0000 	 0.6831 	 0 	 0 
191.10 	 6.6667 	 0.6837 	 1 	 3 
191.20 	 0.0000 	 0.6836 	 1 	 9 
191.30 	 0.0000 	 0.6843 	 1 	 13 
191.40 	 0.0000 	 0.6835 	 1 	 7 
191.50 	 0.0000 	 0.6832 	 1 	 7 
191.60 	 3.3333 	 0.6834 	 1 	 7 
191.70 	 0.0000 	 0.6848 	 1 	 5 
191.80 	 0.0000 	 0.6851 	 1 	 5 
191.90 	 0.0000 	 0.6854 	 1 	 2 
192.00 	 0.0000 	 0.6853 	 1 	 2 
192.10 	 0.0000 	 0.6840 	 1 	 0 
192.20 	 0.0000 	 0.6837 	 1 	 0 
192.30 	 0.0000 	 0.6830 	 1 	 0 
192.40 	 0.0000 	 0.6828 	 1 	 0 
192.50 	 0.0000 	 0.6828 	 1 	 0 
192.60 	 6.6667 	 0.6845 	 1 	 3 
192.70 	 0.0000 	 0.6855 	 1 	 9 
192.80 	 0.0000 	 0.6853 	 1 	 13 
192.90 	 0.0000 	 0.6849 	 1 	 7 
193.00 	 0.0000 	 0.6850 	 1 	 7 
193.10 	 3.3333 	 0.6847 	 1 	 5 
193.20 	 0.0000 	 0.6842 	 1 	 5 
193.30 	 0.0000 	 0.6843 	 1 	 2 
193.40 	 0.0000 	 0.6844 	 1 	 2 
193.50 	 0.0000 	 0.6849 	 1 	 2 
193.60 	 0.0000 	 0.6852 	 1 	 0 
193.70 	 0.0000 	 0.6848 	 1 	 0 
193.80 	 0.0000 	 0.6841 	 1 	 0 
193.90 	 0.0000 	 0.6837 	 1 	 0 
194.00 	 6.6667 	 0.6827 	 1 	 1 
194.10 	 0.0000 	 0.6840 	 1 	 9 
194.20 	 0.0000 	 0.6839 	 1 	 13 
194.30 	 0.0000 	 0.6844 	 1 	 13 
194.40 	 0.0000 	 0.6838 	 1 	 7 
194.50 	 0.0000 	 0.6835 	 1 	 7 
194.60 	 3.3333 	 0.6835 	 1 	 5 
194.70 	 0.0000 	 0.6837 	 1 	 5 
194.80 	 0.0000 	 0.6842 	 2 	 2 
194.90 	 0.0000 	 0.6849 	 2 	 2 
195.00 	 0.0000 	 0.6846 	 2 	 0 
195.10 	 0.0000 	 0.6844 	 2 	 0 
195.20 	 0.0000 	 0.6844 	 2 	 0 
195.30 	 0.0000 	 0.6834 	 2 	 0 
195.40 	 3.3333 	 0.6836 	 2 	 6 
195.50 	 3.3333 	 0.6831 	 2 	 1 
195.60 	 0.0000 	 0.6837 	 2 	 1 
195.70 	 0.0000 	 0.6842 	 2 	 13 
195.80 	 0.0000 	 0.6840 	 2 	 13 
195.90 	 0.0000 	 0.6833 	 2 	 7 
196.00 	 0.0000 	 0.6836 	 2 	 5 
196.10 	 3.3333 	 0.6833 	 2 	 5 
196.20 	 0.0000 	 0.6830 	 2 	 8 
196.30 	 0.0000 	 0.6842 	 2 	 2 
196.40 	 0.0000 	 0.6841 	 2 	 2 
196.50 	 0.0000 	 0.6844 	 2 	 6 
196.60 	 0.0000 	 0.6844 	 2 	 0 
196.70 	 0.0000 	 0.6845 	 2 	 0 
196.80 	 0.0000 	 0.6837 	 2 	 0 
196.90 	 3.3333 	 0.6825 	 2 	 6 
197.00 	 3.3333 	 0.6828 	 2 	 1 
197.10 	 0.0000 	 0.6831 	 2 	 1 
197.20 	 0.0000 	 0.6844 	 2 	 13 
197.30 	 0.0000 	 0.6844 	 2 	 13 
197.40 	 0.0000 	 0.6841 	 2 	 5 
197.50 	 0.0000 	 0.6844 	 2 	 5 
197.60 	 3.3333 	 0.6832 	 2 	 5 
197.70 	 0.0000 	 0.6837 	 2 	 2 
197.80 	 0.0000 	 0.6845 	 2 	 2 
197.90 	 0.0000 	 0.6839 	 2 	 6 
198.00 	 0.0000 	 0.6847 	 2 	 6 
198.10 	 0.0000 	 0.6839 	 2 	 0 
198.20 	 0.0000 	 0.6842 	 2 	 0 
198.30 	 3.3333 	 0.6844 	 2 	 6 
198.40 	 3.3333 	 0.6836 	 2 	 1 
198.50 	 0.0000 	 0.6846 	 3 	 1 
198.60 	 0.0000 	 0.6845 	 3 	 13 
198.70 	 0.0000 	 0.6850 	 3 	 13 
198.80 	 0.0000 	 0.6851 	 3 	 7 
198.90 	 0.0000 	 0.6848 	 3 	 5 
199.00 	 0.0000 	 0.6844 	 3 	 5 
199.10 	 3.3333 	 0.6842 	 3 	 5 
199.20 	 0.0000 	 0.6842 	 3 	 2 
199.30 	 0.0000 	 0.6842 	 3 	 0 
199.40 	 0.0000 	 0.6836 	 3 	 6 
199.50 	 0.0000 	 0.6839 	 3 	 6 
199.60 	 0.0000 	 0.6839 	 3 	 0 
199.70 	 3.3333 	 0.6840 	 3 	 6 
199.80 	 0.0000 	 0.6841 	 3 	 4 
199.90 	 3.3333 	 0.6844 	 3 	 1 
200.00 	 0.0000 	 0.6838 	 3 	 1 
