# Optimal flow and avg speed dependent on time 
 # Aggressives: 72 
 # Velocity factor: 0.3 
0.10 	 0.0000 	 0.8388 	 9 	 4 
0.20 	 3.0414 	 0.8392 	 9 	 1 
0.30 	 0.0000 	 0.8377 	 9 	 1 
0.40 	 0.0000 	 0.8372 	 9 	 1 
0.50 	 0.0000 	 0.8376 	 9 	 5 
0.60 	 0.0000 	 0.8383 	 9 	 8 
0.70 	 0.0000 	 0.8379 	 9 	 8 
0.80 	 0.0000 	 0.8367 	 9 	 8 
0.90 	 0.0000 	 0.8360 	 9 	 8 
1.00 	 3.0414 	 0.8364 	 9 	 11 
1.10 	 0.0000 	 0.8365 	 9 	 3 
1.20 	 3.0414 	 0.8360 	 9 	 6 
1.30 	 0.0000 	 0.8347 	 9 	 4 
1.40 	 3.0414 	 0.8333 	 9 	 1 
1.50 	 0.0000 	 0.8321 	 9 	 10 
1.60 	 0.0000 	 0.8332 	 9 	 10 
1.70 	 0.0000 	 0.8319 	 9 	 10 
1.80 	 0.0000 	 0.8281 	 9 	 8 
1.90 	 0.0000 	 0.8283 	 9 	 8 
2.00 	 0.0000 	 0.8260 	 9 	 8 
2.10 	 0.0000 	 0.8272 	 9 	 0 
2.20 	 3.0414 	 0.8277 	 9 	 6 
2.30 	 3.0414 	 0.8285 	 9 	 8 
2.40 	 3.0414 	 0.8291 	 9 	 1 
2.50 	 0.0000 	 0.8278 	 9 	 1 
2.60 	 0.0000 	 0.8294 	 9 	 1 
2.70 	 0.0000 	 0.8317 	 9 	 1 
2.80 	 0.0000 	 0.8324 	 9 	 10 
2.90 	 0.0000 	 0.8321 	 9 	 10 
3.00 	 0.0000 	 0.8315 	 9 	 19 
3.10 	 0.0000 	 0.8312 	 9 	 8 
3.20 	 0.0000 	 0.8295 	 9 	 8 
3.30 	 0.0000 	 0.8282 	 9 	 8 
3.40 	 0.0000 	 0.8270 	 9 	 0 
3.50 	 0.0000 	 0.8289 	 9 	 0 
3.60 	 6.0827 	 0.8317 	 9 	 6 
3.70 	 3.0414 	 0.8329 	 9 	 1 
3.80 	 0.0000 	 0.8336 	 9 	 1 
3.90 	 0.0000 	 0.8334 	 9 	 1 
4.00 	 0.0000 	 0.8333 	 9 	 4 
4.10 	 0.0000 	 0.8341 	 9 	 8 
4.20 	 0.0000 	 0.8327 	 9 	 8 
4.30 	 0.0000 	 0.8343 	 9 	 8 
4.40 	 0.0000 	 0.8335 	 9 	 2 
4.50 	 0.0000 	 0.8345 	 9 	 2 
4.60 	 0.0000 	 0.8355 	 9 	 11 
4.70 	 0.0000 	 0.8337 	 9 	 0 
4.80 	 0.0000 	 0.8318 	 9 	 0 
4.90 	 3.0414 	 0.8311 	 9 	 3 
5.00 	 6.0827 	 0.8255 	 9 	 1 
5.10 	 0.0000 	 0.8230 	 9 	 1 
5.20 	 0.0000 	 0.8194 	 9 	 7 
5.30 	 0.0000 	 0.8184 	 9 	 7 
5.40 	 0.0000 	 0.8154 	 9 	 8 
5.50 	 0.0000 	 0.8165 	 9 	 8 
5.60 	 0.0000 	 0.8159 	 9 	 8 
5.70 	 0.0000 	 0.8174 	 9 	 8 
5.80 	 0.0000 	 0.8201 	 9 	 8 
5.90 	 0.0000 	 0.8226 	 9 	 8 
6.00 	 0.0000 	 0.8259 	 9 	 8 
6.10 	 3.0414 	 0.8280 	 9 	 8 
6.20 	 0.0000 	 0.8275 	 9 	 8 
6.30 	 3.0414 	 0.8261 	 9 	 8 
6.40 	 3.0414 	 0.8232 	 9 	 8 
6.50 	 0.0000 	 0.8240 	 9 	 8 
6.60 	 0.0000 	 0.8215 	 9 	 19 
6.70 	 0.0000 	 0.8184 	 9 	 13 
6.80 	 0.0000 	 0.8177 	 9 	 8 
6.90 	 0.0000 	 0.8152 	 9 	 8 
7.00 	 0.0000 	 0.8137 	 9 	 8 
7.10 	 0.0000 	 0.8111 	 9 	 8 
7.20 	 0.0000 	 0.8117 	 9 	 8 
7.30 	 0.0000 	 0.8112 	 9 	 8 
7.40 	 3.0414 	 0.8106 	 9 	 8 
7.50 	 3.0414 	 0.8111 	 9 	 8 
7.60 	 0.0000 	 0.8107 	 9 	 8 
7.70 	 3.0414 	 0.8086 	 9 	 8 
7.80 	 0.0000 	 0.8075 	 9 	 8 
7.90 	 0.0000 	 0.8056 	 9 	 8 
8.00 	 0.0000 	 0.8057 	 9 	 8 
8.10 	 0.0000 	 0.8060 	 9 	 8 
8.20 	 0.0000 	 0.8052 	 9 	 8 
8.30 	 0.0000 	 0.8047 	 9 	 8 
8.40 	 3.0414 	 0.8060 	 9 	 8 
8.50 	 0.0000 	 0.8074 	 9 	 8 
8.60 	 0.0000 	 0.8091 	 9 	 8 
8.70 	 0.0000 	 0.8060 	 9 	 3 
8.80 	 3.0414 	 0.8064 	 9 	 6 
8.90 	 0.0000 	 0.8064 	 9 	 0 
9.00 	 0.0000 	 0.8064 	 9 	 8 
9.10 	 3.0414 	 0.8048 	 9 	 8 
9.20 	 0.0000 	 0.8045 	 9 	 8 
9.30 	 0.0000 	 0.8061 	 9 	 8 
9.40 	 0.0000 	 0.8086 	 9 	 8 
9.50 	 0.0000 	 0.8092 	 9 	 8 
9.60 	 0.0000 	 0.8125 	 9 	 8 
9.70 	 0.0000 	 0.8134 	 9 	 8 
9.80 	 0.0000 	 0.8152 	 9 	 0 
9.90 	 6.0827 	 0.8178 	 9 	 8 
10.00 	 0.0000 	 0.8194 	 9 	 8 
10.10 	 0.0000 	 0.8201 	 9 	 8 
10.20 	 0.0000 	 0.8218 	 9 	 8 
10.30 	 3.0414 	 0.8221 	 9 	 8 
10.40 	 0.0000 	 0.8232 	 9 	 8 
10.50 	 0.0000 	 0.8239 	 9 	 8 
10.60 	 3.0414 	 0.8238 	 9 	 8 
10.70 	 0.0000 	 0.8250 	 9 	 8 
10.80 	 0.0000 	 0.8256 	 9 	 8 
10.90 	 0.0000 	 0.8220 	 9 	 8 
11.00 	 3.0414 	 0.8223 	 9 	 8 
11.10 	 0.0000 	 0.8213 	 9 	 8 
11.20 	 0.0000 	 0.8203 	 9 	 8 
11.30 	 0.0000 	 0.8189 	 9 	 8 
11.40 	 3.0414 	 0.8193 	 9 	 8 
11.50 	 0.0000 	 0.8165 	 9 	 8 
11.60 	 0.0000 	 0.8161 	 9 	 8 
11.70 	 0.0000 	 0.8131 	 9 	 8 
11.80 	 3.0414 	 0.8119 	 9 	 8 
11.90 	 0.0000 	 0.8118 	 9 	 8 
12.00 	 3.0414 	 0.8094 	 9 	 8 
12.10 	 0.0000 	 0.8090 	 9 	 8 
12.20 	 0.0000 	 0.8107 	 9 	 8 
12.30 	 0.0000 	 0.8116 	 9 	 8 
12.40 	 0.0000 	 0.8131 	 9 	 8 
12.50 	 0.0000 	 0.8161 	 9 	 8 
12.60 	 3.0414 	 0.8185 	 9 	 8 
12.70 	 0.0000 	 0.8211 	 9 	 8 
12.80 	 3.0414 	 0.8232 	 9 	 8 
12.90 	 0.0000 	 0.8244 	 9 	 8 
13.00 	 3.0414 	 0.8278 	 9 	 8 
13.10 	 0.0000 	 0.8285 	 9 	 8 
13.20 	 0.0000 	 0.8291 	 9 	 8 
13.30 	 3.0414 	 0.8323 	 9 	 8 
13.40 	 0.0000 	 0.8331 	 9 	 8 
13.50 	 0.0000 	 0.8345 	 9 	 8 
13.60 	 0.0000 	 0.8355 	 9 	 8 
13.70 	 0.0000 	 0.8345 	 9 	 8 
13.80 	 0.0000 	 0.8355 	 9 	 8 
13.90 	 0.0000 	 0.8356 	 9 	 8 
14.00 	 3.0414 	 0.8346 	 9 	 8 
14.10 	 3.0414 	 0.8351 	 9 	 8 
14.20 	 0.0000 	 0.8342 	 9 	 8 
14.30 	 0.0000 	 0.8316 	 9 	 8 
14.40 	 0.0000 	 0.8312 	 9 	 8 
14.50 	 0.0000 	 0.8296 	 9 	 8 
14.60 	 0.0000 	 0.8303 	 9 	 8 
14.70 	 3.0414 	 0.8286 	 9 	 8 
14.80 	 0.0000 	 0.8235 	 9 	 8 
14.90 	 0.0000 	 0.8213 	 9 	 8 
15.00 	 0.0000 	 0.8174 	 9 	 8 
15.10 	 3.0414 	 0.8163 	 9 	 8 
15.20 	 0.0000 	 0.8125 	 9 	 8 
15.30 	 3.0414 	 0.8094 	 9 	 8 
15.40 	 0.0000 	 0.8079 	 9 	 8 
15.50 	 3.0414 	 0.8041 	 9 	 8 
15.60 	 0.0000 	 0.8020 	 9 	 8 
15.70 	 0.0000 	 0.8005 	 9 	 8 
15.80 	 0.0000 	 0.7999 	 9 	 8 
15.90 	 0.0000 	 0.7966 	 9 	 8 
16.00 	 0.0000 	 0.7968 	 9 	 8 
16.10 	 0.0000 	 0.7943 	 9 	 8 
16.20 	 0.0000 	 0.7944 	 9 	 8 
16.30 	 3.0414 	 0.7946 	 9 	 8 
16.40 	 0.0000 	 0.7941 	 9 	 8 
16.50 	 0.0000 	 0.7951 	 9 	 8 
16.60 	 3.0414 	 0.7929 	 9 	 8 
16.70 	 3.0414 	 0.7914 	 9 	 8 
16.80 	 0.0000 	 0.7889 	 9 	 8 
16.90 	 0.0000 	 0.7860 	 9 	 8 
17.00 	 0.0000 	 0.7857 	 9 	 8 
17.10 	 0.0000 	 0.7861 	 9 	 8 
17.20 	 0.0000 	 0.7852 	 9 	 8 
17.30 	 0.0000 	 0.7843 	 9 	 8 
17.40 	 0.0000 	 0.7815 	 9 	 8 
17.50 	 0.0000 	 0.7800 	 9 	 7 
17.60 	 6.0827 	 0.7785 	 9 	 7 
17.70 	 0.0000 	 0.7775 	 9 	 8 
17.80 	 0.0000 	 0.7767 	 9 	 8 
17.90 	 0.0000 	 0.7761 	 9 	 8 
18.00 	 3.0414 	 0.7742 	 9 	 8 
18.10 	 0.0000 	 0.7720 	 9 	 8 
18.20 	 0.0000 	 0.7699 	 9 	 8 
18.30 	 0.0000 	 0.7676 	 9 	 8 
18.40 	 0.0000 	 0.7676 	 9 	 8 
18.50 	 0.0000 	 0.7660 	 9 	 7 
18.60 	 0.0000 	 0.7649 	 9 	 7 
18.70 	 0.0000 	 0.7614 	 9 	 7 
18.80 	 0.0000 	 0.7622 	 9 	 8 
18.90 	 0.0000 	 0.7611 	 9 	 8 
19.00 	 6.0827 	 0.7587 	 9 	 7 
19.10 	 0.0000 	 0.7570 	 9 	 7 
19.20 	 0.0000 	 0.7560 	 9 	 8 
19.30 	 0.0000 	 0.7566 	 9 	 8 
19.40 	 0.0000 	 0.7573 	 9 	 8 
19.50 	 3.0414 	 0.7554 	 9 	 7 
19.60 	 0.0000 	 0.7556 	 9 	 7 
19.70 	 0.0000 	 0.7554 	 9 	 7 
19.80 	 0.0000 	 0.7552 	 9 	 7 
19.90 	 0.0000 	 0.7536 	 9 	 7 
20.00 	 0.0000 	 0.7535 	 9 	 7 
20.10 	 0.0000 	 0.7530 	 9 	 7 
20.20 	 6.0827 	 0.7508 	 9 	 8 
20.30 	 0.0000 	 0.7498 	 9 	 8 
20.40 	 0.0000 	 0.7497 	 9 	 7 
20.50 	 0.0000 	 0.7494 	 9 	 7 
20.60 	 0.0000 	 0.7487 	 9 	 7 
20.70 	 0.0000 	 0.7502 	 9 	 7 
20.80 	 0.0000 	 0.7503 	 9 	 7 
20.90 	 3.0414 	 0.7510 	 9 	 7 
21.00 	 0.0000 	 0.7517 	 9 	 7 
21.10 	 0.0000 	 0.7513 	 9 	 7 
21.20 	 0.0000 	 0.7521 	 9 	 7 
21.30 	 0.0000 	 0.7518 	 9 	 8 
21.40 	 0.0000 	 0.7520 	 9 	 7 
21.50 	 3.0414 	 0.7524 	 9 	 7 
21.60 	 0.0000 	 0.7527 	 9 	 7 
21.70 	 3.0414 	 0.7469 	 9 	 7 
21.80 	 0.0000 	 0.7449 	 9 	 7 
21.90 	 0.0000 	 0.7450 	 9 	 7 
22.00 	 0.0000 	 0.7417 	 9 	 7 
22.10 	 0.0000 	 0.7396 	 9 	 7 
22.20 	 0.0000 	 0.7383 	 9 	 7 
22.30 	 0.0000 	 0.7367 	 9 	 7 
22.40 	 6.0827 	 0.7381 	 9 	 8 
22.50 	 0.0000 	 0.7364 	 9 	 8 
22.60 	 0.0000 	 0.7361 	 9 	 7 
22.70 	 0.0000 	 0.7356 	 9 	 7 
22.80 	 3.0414 	 0.7325 	 9 	 7 
22.90 	 0.0000 	 0.7315 	 9 	 8 
23.00 	 0.0000 	 0.7297 	 9 	 8 
23.10 	 0.0000 	 0.7272 	 9 	 8 
23.20 	 0.0000 	 0.7269 	 9 	 7 
23.30 	 0.0000 	 0.7262 	 9 	 7 
23.40 	 0.0000 	 0.7264 	 9 	 7 
23.50 	 0.0000 	 0.7236 	 9 	 7 
23.60 	 0.0000 	 0.7232 	 9 	 8 
23.70 	 6.0827 	 0.7235 	 9 	 8 
23.80 	 3.0414 	 0.7246 	 9 	 8 
23.90 	 0.0000 	 0.7265 	 9 	 8 
24.00 	 0.0000 	 0.7261 	 9 	 8 
24.10 	 0.0000 	 0.7276 	 9 	 8 
24.20 	 0.0000 	 0.7278 	 9 	 8 
24.30 	 0.0000 	 0.7297 	 9 	 8 
24.40 	 0.0000 	 0.7323 	 9 	 8 
24.50 	 0.0000 	 0.7326 	 9 	 7 
24.60 	 0.0000 	 0.7329 	 9 	 8 
24.70 	 3.0414 	 0.7341 	 9 	 8 
24.80 	 0.0000 	 0.7337 	 9 	 8 
24.90 	 0.0000 	 0.7350 	 9 	 8 
25.00 	 3.0414 	 0.7359 	 9 	 8 
25.10 	 3.0414 	 0.7367 	 9 	 8 
25.20 	 0.0000 	 0.7364 	 9 	 8 
25.30 	 0.0000 	 0.7358 	 9 	 8 
25.40 	 0.0000 	 0.7365 	 9 	 8 
25.50 	 0.0000 	 0.7301 	 9 	 8 
25.60 	 0.0000 	 0.7307 	 9 	 8 
25.70 	 0.0000 	 0.7286 	 9 	 8 
25.80 	 0.0000 	 0.7267 	 9 	 8 
25.90 	 0.0000 	 0.7233 	 9 	 6 
26.00 	 0.0000 	 0.7220 	 9 	 6 
26.10 	 3.0414 	 0.7196 	 9 	 6 
26.20 	 3.0414 	 0.7180 	 9 	 7 
26.30 	 0.0000 	 0.7189 	 9 	 7 
26.40 	 0.0000 	 0.7170 	 9 	 7 
26.50 	 3.0414 	 0.7161 	 9 	 7 
26.60 	 0.0000 	 0.7162 	 9 	 7 
26.70 	 0.0000 	 0.7156 	 9 	 7 
26.80 	 0.0000 	 0.7162 	 9 	 8 
26.90 	 0.0000 	 0.7159 	 9 	 8 
27.00 	 0.0000 	 0.7171 	 9 	 8 
27.10 	 0.0000 	 0.7178 	 9 	 8 
27.20 	 0.0000 	 0.7173 	 9 	 8 
27.30 	 0.0000 	 0.7190 	 9 	 7 
27.40 	 0.0000 	 0.7198 	 9 	 7 
27.50 	 0.0000 	 0.7203 	 9 	 7 
27.60 	 6.0827 	 0.7182 	 9 	 7 
27.70 	 3.0414 	 0.7158 	 9 	 8 
27.80 	 0.0000 	 0.7162 	 9 	 8 
27.90 	 0.0000 	 0.7154 	 9 	 8 
28.00 	 0.0000 	 0.7169 	 9 	 8 
28.10 	 0.0000 	 0.7150 	 9 	 8 
28.20 	 0.0000 	 0.7138 	 9 	 8 
28.30 	 0.0000 	 0.7145 	 9 	 8 
28.40 	 0.0000 	 0.7145 	 9 	 8 
28.50 	 0.0000 	 0.7140 	 9 	 8 
28.60 	 0.0000 	 0.7135 	 9 	 8 
28.70 	 0.0000 	 0.7130 	 9 	 8 
28.80 	 6.0827 	 0.7132 	 9 	 8 
28.90 	 3.0414 	 0.7148 	 9 	 8 
29.00 	 0.0000 	 0.7144 	 9 	 8 
29.10 	 0.0000 	 0.7128 	 9 	 8 
29.20 	 0.0000 	 0.7142 	 9 	 8 
29.30 	 0.0000 	 0.7131 	 9 	 8 
29.40 	 0.0000 	 0.7122 	 9 	 8 
29.50 	 0.0000 	 0.7120 	 9 	 8 
29.60 	 0.0000 	 0.7097 	 9 	 8 
29.70 	 0.0000 	 0.7094 	 9 	 8 
29.80 	 0.0000 	 0.7106 	 9 	 8 
29.90 	 0.0000 	 0.7089 	 9 	 8 
30.00 	 0.0000 	 0.7089 	 9 	 7 
30.10 	 6.0827 	 0.7092 	 9 	 7 
30.20 	 3.0414 	 0.7085 	 9 	 8 
30.30 	 0.0000 	 0.7081 	 9 	 8 
30.40 	 0.0000 	 0.7078 	 9 	 8 
30.50 	 0.0000 	 0.7095 	 9 	 8 
30.60 	 0.0000 	 0.7096 	 9 	 8 
30.70 	 0.0000 	 0.7100 	 9 	 8 
30.80 	 0.0000 	 0.7107 	 9 	 8 
30.90 	 0.0000 	 0.7107 	 9 	 8 
31.00 	 0.0000 	 0.7105 	 9 	 8 
31.10 	 0.0000 	 0.7112 	 9 	 8 
31.20 	 0.0000 	 0.7107 	 9 	 8 
31.30 	 0.0000 	 0.7124 	 9 	 8 
31.40 	 6.0827 	 0.7149 	 9 	 8 
31.50 	 3.0414 	 0.7168 	 9 	 7 
31.60 	 0.0000 	 0.7190 	 9 	 7 
31.70 	 0.0000 	 0.7197 	 9 	 8 
31.80 	 0.0000 	 0.7215 	 9 	 8 
31.90 	 0.0000 	 0.7232 	 9 	 8 
32.00 	 0.0000 	 0.7235 	 9 	 8 
32.10 	 0.0000 	 0.7244 	 9 	 8 
32.20 	 0.0000 	 0.7244 	 9 	 8 
32.30 	 0.0000 	 0.7249 	 9 	 8 
32.40 	 0.0000 	 0.7255 	 9 	 8 
32.50 	 0.0000 	 0.7276 	 9 	 7 
32.60 	 3.0414 	 0.7283 	 9 	 8 
32.70 	 0.0000 	 0.7278 	 9 	 8 
32.80 	 0.0000 	 0.7284 	 9 	 8 
32.90 	 3.0414 	 0.7276 	 9 	 8 
33.00 	 3.0414 	 0.7276 	 9 	 8 
33.10 	 0.0000 	 0.7290 	 9 	 8 
33.20 	 0.0000 	 0.7315 	 9 	 8 
33.30 	 0.0000 	 0.7318 	 9 	 8 
33.40 	 0.0000 	 0.7300 	 9 	 8 
33.50 	 0.0000 	 0.7317 	 9 	 8 
33.60 	 0.0000 	 0.7325 	 9 	 8 
33.70 	 0.0000 	 0.7328 	 9 	 8 
33.80 	 3.0414 	 0.7341 	 9 	 8 
33.90 	 0.0000 	 0.7351 	 9 	 8 
34.00 	 0.0000 	 0.7345 	 9 	 8 
34.10 	 3.0414 	 0.7359 	 9 	 8 
34.20 	 3.0414 	 0.7355 	 9 	 7 
34.30 	 0.0000 	 0.7356 	 9 	 7 
34.40 	 0.0000 	 0.7383 	 9 	 7 
34.50 	 0.0000 	 0.7383 	 9 	 8 
34.60 	 0.0000 	 0.7397 	 9 	 8 
34.70 	 3.0414 	 0.7388 	 9 	 7 
34.80 	 0.0000 	 0.7393 	 9 	 8 
34.90 	 0.0000 	 0.7377 	 9 	 8 
35.00 	 0.0000 	 0.7369 	 9 	 7 
35.10 	 0.0000 	 0.7388 	 9 	 7 
35.20 	 0.0000 	 0.7402 	 9 	 7 
35.30 	 0.0000 	 0.7414 	 9 	 8 
35.40 	 3.0414 	 0.7403 	 9 	 8 
35.50 	 3.0414 	 0.7406 	 9 	 7 
35.60 	 0.0000 	 0.7428 	 9 	 7 
35.70 	 0.0000 	 0.7435 	 9 	 7 
35.80 	 3.0414 	 0.7444 	 9 	 7 
35.90 	 0.0000 	 0.7460 	 9 	 7 
36.00 	 0.0000 	 0.7472 	 9 	 7 
36.10 	 0.0000 	 0.7466 	 9 	 6 
36.20 	 0.0000 	 0.7461 	 9 	 8 
36.30 	 0.0000 	 0.7477 	 9 	 8 
36.40 	 0.0000 	 0.7481 	 9 	 7 
36.50 	 0.0000 	 0.7493 	 9 	 7 
36.60 	 0.0000 	 0.7485 	 9 	 7 
36.70 	 3.0414 	 0.7481 	 9 	 7 
36.80 	 0.0000 	 0.7491 	 9 	 7 
36.90 	 3.0414 	 0.7491 	 9 	 7 
37.00 	 0.0000 	 0.7499 	 9 	 7 
37.10 	 3.0414 	 0.7513 	 9 	 7 
37.20 	 0.0000 	 0.7530 	 9 	 7 
37.30 	 0.0000 	 0.7555 	 9 	 7 
37.40 	 0.0000 	 0.7564 	 9 	 7 
37.50 	 0.0000 	 0.7580 	 9 	 7 
37.60 	 0.0000 	 0.7604 	 9 	 7 
37.70 	 0.0000 	 0.7611 	 9 	 7 
37.80 	 0.0000 	 0.7606 	 9 	 6 
37.90 	 0.0000 	 0.7621 	 9 	 6 
38.00 	 0.0000 	 0.7644 	 9 	 8 
38.10 	 3.0414 	 0.7647 	 9 	 7 
38.20 	 3.0414 	 0.7638 	 9 	 7 
38.30 	 3.0414 	 0.7603 	 9 	 7 
38.40 	 0.0000 	 0.7609 	 9 	 7 
38.50 	 0.0000 	 0.7449 	 9 	 7 
38.60 	 0.0000 	 0.7443 	 9 	 7 
38.70 	 0.0000 	 0.7376 	 9 	 7 
38.80 	 0.0000 	 0.7361 	 9 	 6 
38.90 	 0.0000 	 0.7333 	 9 	 8 
39.00 	 0.0000 	 0.7317 	 9 	 8 
39.10 	 0.0000 	 0.7209 	 9 	 8 
39.20 	 0.0000 	 0.7218 	 9 	 7 
39.30 	 0.0000 	 0.7216 	 9 	 7 
39.40 	 3.0414 	 0.7210 	 9 	 7 
39.50 	 6.0827 	 0.7197 	 9 	 7 
39.60 	 0.0000 	 0.7172 	 9 	 8 
39.70 	 0.0000 	 0.7182 	 9 	 8 
39.80 	 0.0000 	 0.7190 	 9 	 8 
39.90 	 0.0000 	 0.7164 	 9 	 8 
40.00 	 0.0000 	 0.7165 	 9 	 8 
40.10 	 0.0000 	 0.7150 	 9 	 8 
40.20 	 0.0000 	 0.7157 	 9 	 8 
40.30 	 0.0000 	 0.7137 	 9 	 8 
40.40 	 0.0000 	 0.7156 	 9 	 8 
40.50 	 0.0000 	 0.7170 	 9 	 8 
40.60 	 3.0414 	 0.7163 	 9 	 8 
40.70 	 3.0414 	 0.7140 	 9 	 8 
40.80 	 3.0414 	 0.7131 	 9 	 8 
40.90 	 0.0000 	 0.7104 	 9 	 8 
41.00 	 0.0000 	 0.7114 	 9 	 6 
41.10 	 0.0000 	 0.7110 	 9 	 6 
41.20 	 0.0000 	 0.7082 	 9 	 6 
41.30 	 0.0000 	 0.7081 	 9 	 6 
41.40 	 0.0000 	 0.7060 	 9 	 6 
41.50 	 0.0000 	 0.7063 	 9 	 6 
41.60 	 0.0000 	 0.7050 	 9 	 8 
41.70 	 0.0000 	 0.7031 	 9 	 8 
41.80 	 0.0000 	 0.7025 	 9 	 8 
41.90 	 3.0414 	 0.7029 	 9 	 8 
42.00 	 3.0414 	 0.7052 	 9 	 8 
42.10 	 0.0000 	 0.7054 	 9 	 8 
42.20 	 3.0414 	 0.7071 	 9 	 8 
42.30 	 0.0000 	 0.7069 	 9 	 8 
42.40 	 0.0000 	 0.7070 	 9 	 8 
42.50 	 0.0000 	 0.7056 	 9 	 8 
42.60 	 0.0000 	 0.7051 	 9 	 8 
42.70 	 0.0000 	 0.7043 	 9 	 8 
42.80 	 0.0000 	 0.7048 	 9 	 8 
42.90 	 0.0000 	 0.7039 	 9 	 8 
43.00 	 0.0000 	 0.7036 	 9 	 7 
43.10 	 0.0000 	 0.7047 	 9 	 8 
43.20 	 6.0827 	 0.7036 	 9 	 8 
43.30 	 0.0000 	 0.7032 	 9 	 8 
43.40 	 0.0000 	 0.7017 	 9 	 7 
43.50 	 3.0414 	 0.7025 	 9 	 7 
43.60 	 0.0000 	 0.7046 	 9 	 8 
43.70 	 0.0000 	 0.7052 	 9 	 8 
43.80 	 0.0000 	 0.7045 	 9 	 8 
43.90 	 0.0000 	 0.7049 	 9 	 6 
44.00 	 0.0000 	 0.7074 	 9 	 6 
44.10 	 0.0000 	 0.7070 	 9 	 7 
44.20 	 0.0000 	 0.7073 	 9 	 7 
44.30 	 3.0414 	 0.7019 	 9 	 7 
44.40 	 0.0000 	 0.7025 	 9 	 7 
44.50 	 3.0414 	 0.7029 	 9 	 7 
44.60 	 0.0000 	 0.7027 	 9 	 7 
44.70 	 0.0000 	 0.7044 	 9 	 8 
44.80 	 3.0414 	 0.7033 	 9 	 7 
44.90 	 0.0000 	 0.7038 	 9 	 7 
45.00 	 0.0000 	 0.7028 	 9 	 7 
45.10 	 0.0000 	 0.7019 	 9 	 6 
45.20 	 0.0000 	 0.7005 	 9 	 6 
45.30 	 0.0000 	 0.6995 	 9 	 7 
45.40 	 3.0414 	 0.7012 	 9 	 8 
45.50 	 3.0414 	 0.7016 	 9 	 7 
45.60 	 0.0000 	 0.7000 	 9 	 7 
45.70 	 0.0000 	 0.7003 	 9 	 7 
45.80 	 0.0000 	 0.6997 	 9 	 7 
45.90 	 0.0000 	 0.7003 	 9 	 8 
46.00 	 0.0000 	 0.7016 	 9 	 8 
46.10 	 3.0414 	 0.7002 	 9 	 8 
46.20 	 0.0000 	 0.6996 	 9 	 7 
46.30 	 0.0000 	 0.6988 	 9 	 7 
46.40 	 0.0000 	 0.6968 	 9 	 7 
46.50 	 0.0000 	 0.6997 	 9 	 7 
46.60 	 3.0414 	 0.6986 	 9 	 8 
46.70 	 0.0000 	 0.6987 	 9 	 8 
46.80 	 3.0414 	 0.6985 	 9 	 8 
46.90 	 0.0000 	 0.6992 	 9 	 7 
47.00 	 0.0000 	 0.6981 	 9 	 8 
47.10 	 0.0000 	 0.6980 	 9 	 8 
47.20 	 0.0000 	 0.6986 	 9 	 8 
47.30 	 0.0000 	 0.6989 	 9 	 8 
47.40 	 0.0000 	 0.6997 	 9 	 8 
47.50 	 0.0000 	 0.6989 	 9 	 8 
47.60 	 3.0414 	 0.6993 	 9 	 8 
47.70 	 0.0000 	 0.6999 	 9 	 8 
47.80 	 0.0000 	 0.6995 	 9 	 8 
47.90 	 0.0000 	 0.6985 	 9 	 7 
48.00 	 0.0000 	 0.6990 	 9 	 7 
48.10 	 0.0000 	 0.6982 	 9 	 7 
48.20 	 3.0414 	 0.6977 	 9 	 7 
48.30 	 3.0414 	 0.6999 	 9 	 8 
48.40 	 0.0000 	 0.7004 	 9 	 6 
48.50 	 0.0000 	 0.6983 	 9 	 8 
48.60 	 0.0000 	 0.6978 	 9 	 8 
48.70 	 0.0000 	 0.6978 	 9 	 8 
48.80 	 0.0000 	 0.6980 	 9 	 8 
48.90 	 3.0414 	 0.6966 	 9 	 8 
49.00 	 0.0000 	 0.6932 	 9 	 7 
49.10 	 0.0000 	 0.6889 	 9 	 7 
49.20 	 0.0000 	 0.6889 	 9 	 7 
49.30 	 0.0000 	 0.6894 	 9 	 7 
49.40 	 3.0414 	 0.6869 	 9 	 7 
49.50 	 0.0000 	 0.6856 	 9 	 7 
49.60 	 3.0414 	 0.6860 	 9 	 7 
49.70 	 0.0000 	 0.6861 	 9 	 8 
49.80 	 0.0000 	 0.6865 	 9 	 7 
49.90 	 0.0000 	 0.6860 	 9 	 7 
50.00 	 0.0000 	 0.6872 	 9 	 6 
50.10 	 0.0000 	 0.6874 	 9 	 6 
50.20 	 0.0000 	 0.6874 	 9 	 6 
50.30 	 0.0000 	 0.6885 	 9 	 6 
50.40 	 0.0000 	 0.6898 	 9 	 7 
50.50 	 3.0414 	 0.6894 	 9 	 7 
50.60 	 0.0000 	 0.6891 	 9 	 7 
50.70 	 0.0000 	 0.6900 	 9 	 7 
50.80 	 3.0414 	 0.6897 	 9 	 7 
50.90 	 3.0414 	 0.6897 	 9 	 7 
51.00 	 0.0000 	 0.6904 	 9 	 7 
51.10 	 0.0000 	 0.6903 	 9 	 8 
51.20 	 0.0000 	 0.6895 	 9 	 8 
51.30 	 0.0000 	 0.6913 	 9 	 7 
51.40 	 0.0000 	 0.6903 	 9 	 7 
51.50 	 3.0414 	 0.6923 	 9 	 7 
51.60 	 0.0000 	 0.6919 	 9 	 6 
51.70 	 0.0000 	 0.6911 	 9 	 7 
51.80 	 0.0000 	 0.6898 	 9 	 7 
51.90 	 0.0000 	 0.6893 	 9 	 7 
52.00 	 0.0000 	 0.6880 	 9 	 8 
52.10 	 0.0000 	 0.6881 	 9 	 8 
52.20 	 6.0827 	 0.6898 	 9 	 8 
52.30 	 0.0000 	 0.6898 	 9 	 8 
52.40 	 0.0000 	 0.6896 	 9 	 7 
52.50 	 0.0000 	 0.6903 	 9 	 7 
52.60 	 0.0000 	 0.6916 	 9 	 8 
52.70 	 0.0000 	 0.6913 	 9 	 8 
52.80 	 3.0414 	 0.6916 	 9 	 5 
52.90 	 0.0000 	 0.6929 	 9 	 7 
53.00 	 0.0000 	 0.6937 	 9 	 8 
53.10 	 0.0000 	 0.6950 	 9 	 8 
53.20 	 0.0000 	 0.6953 	 9 	 8 
53.30 	 0.0000 	 0.6953 	 9 	 7 
53.40 	 0.0000 	 0.6958 	 9 	 7 
53.50 	 6.0827 	 0.6969 	 9 	 7 
53.60 	 0.0000 	 0.6981 	 9 	 8 
53.70 	 0.0000 	 0.7001 	 9 	 6 
53.80 	 0.0000 	 0.7013 	 9 	 7 
53.90 	 0.0000 	 0.7021 	 9 	 8 
54.00 	 0.0000 	 0.7006 	 9 	 8 
54.10 	 3.0414 	 0.7018 	 9 	 5 
54.20 	 0.0000 	 0.7012 	 9 	 5 
54.30 	 0.0000 	 0.7012 	 9 	 5 
54.40 	 0.0000 	 0.7016 	 9 	 5 
54.50 	 0.0000 	 0.7020 	 9 	 8 
54.60 	 0.0000 	 0.7012 	 9 	 5 
54.70 	 3.0414 	 0.7032 	 9 	 4 
54.80 	 3.0414 	 0.7029 	 9 	 5 
54.90 	 0.0000 	 0.7026 	 9 	 5 
55.00 	 0.0000 	 0.7027 	 9 	 5 
55.10 	 0.0000 	 0.7018 	 9 	 5 
55.20 	 0.0000 	 0.6999 	 9 	 5 
55.30 	 3.0414 	 0.7000 	 9 	 5 
55.40 	 0.0000 	 0.6998 	 9 	 5 
55.50 	 0.0000 	 0.6994 	 9 	 4 
55.60 	 0.0000 	 0.7005 	 9 	 4 
55.70 	 0.0000 	 0.7008 	 9 	 4 
55.80 	 0.0000 	 0.7001 	 9 	 5 
55.90 	 0.0000 	 0.6979 	 9 	 5 
56.00 	 3.0414 	 0.6991 	 9 	 5 
56.10 	 3.0414 	 0.6995 	 9 	 4 
56.20 	 0.0000 	 0.7005 	 9 	 4 
56.30 	 0.0000 	 0.7015 	 9 	 5 
56.40 	 0.0000 	 0.7027 	 9 	 4 
56.50 	 0.0000 	 0.7038 	 9 	 4 
56.60 	 3.0414 	 0.7051 	 9 	 4 
56.70 	 0.0000 	 0.7054 	 9 	 7 
56.80 	 0.0000 	 0.7045 	 9 	 5 
56.90 	 0.0000 	 0.7036 	 9 	 5 
57.00 	 0.0000 	 0.7014 	 9 	 5 
57.10 	 0.0000 	 0.7014 	 9 	 5 
57.20 	 3.0414 	 0.7002 	 9 	 7 
57.30 	 0.0000 	 0.7015 	 9 	 7 
57.40 	 3.0414 	 0.7013 	 9 	 5 
57.50 	 0.0000 	 0.7021 	 9 	 5 
57.60 	 0.0000 	 0.7032 	 9 	 4 
57.70 	 0.0000 	 0.7027 	 9 	 4 
57.80 	 0.0000 	 0.7025 	 9 	 4 
57.90 	 3.0414 	 0.7028 	 9 	 4 
58.00 	 0.0000 	 0.7047 	 9 	 4 
58.10 	 0.0000 	 0.7058 	 9 	 5 
58.20 	 0.0000 	 0.7069 	 9 	 5 
58.30 	 0.0000 	 0.7087 	 9 	 7 
58.40 	 0.0000 	 0.7094 	 9 	 4 
58.50 	 3.0414 	 0.7101 	 9 	 4 
58.60 	 0.0000 	 0.7112 	 9 	 4 
58.70 	 0.0000 	 0.7112 	 9 	 5 
58.80 	 3.0414 	 0.7119 	 9 	 5 
58.90 	 0.0000 	 0.7127 	 9 	 5 
59.00 	 3.0414 	 0.7128 	 9 	 5 
59.10 	 0.0000 	 0.7124 	 9 	 5 
59.20 	 0.0000 	 0.7133 	 9 	 5 
59.30 	 0.0000 	 0.7142 	 9 	 5 
59.40 	 0.0000 	 0.7156 	 9 	 5 
59.50 	 0.0000 	 0.7157 	 9 	 5 
59.60 	 0.0000 	 0.7150 	 9 	 5 
59.70 	 0.0000 	 0.7162 	 9 	 5 
59.80 	 3.0414 	 0.7179 	 9 	 5 
59.90 	 0.0000 	 0.7183 	 9 	 5 
60.00 	 0.0000 	 0.7194 	 9 	 5 
60.10 	 0.0000 	 0.7169 	 9 	 5 
60.20 	 6.0827 	 0.7085 	 9 	 5 
60.30 	 0.0000 	 0.7054 	 9 	 5 
60.40 	 0.0000 	 0.7020 	 9 	 5 
60.50 	 0.0000 	 0.6987 	 9 	 5 
60.60 	 0.0000 	 0.6939 	 9 	 5 
60.70 	 0.0000 	 0.6917 	 9 	 5 
60.80 	 3.0414 	 0.6898 	 9 	 5 
60.90 	 0.0000 	 0.6893 	 9 	 5 
61.00 	 0.0000 	 0.6890 	 9 	 5 
61.10 	 0.0000 	 0.6888 	 9 	 5 
61.20 	 3.0414 	 0.6880 	 9 	 5 
61.30 	 0.0000 	 0.6891 	 9 	 5 
61.40 	 0.0000 	 0.6874 	 9 	 5 
61.50 	 3.0414 	 0.6871 	 9 	 5 
61.60 	 0.0000 	 0.6825 	 9 	 5 
61.70 	 0.0000 	 0.6844 	 9 	 5 
61.80 	 0.0000 	 0.6863 	 9 	 5 
61.90 	 0.0000 	 0.6886 	 9 	 5 
62.00 	 0.0000 	 0.6898 	 9 	 5 
62.10 	 0.0000 	 0.6883 	 9 	 7 
62.20 	 0.0000 	 0.6878 	 9 	 5 
62.30 	 3.0414 	 0.6803 	 9 	 5 
62.40 	 0.0000 	 0.6790 	 9 	 5 
62.50 	 3.0414 	 0.6765 	 9 	 7 
62.60 	 0.0000 	 0.6739 	 9 	 6 
62.70 	 0.0000 	 0.6705 	 9 	 6 
62.80 	 0.0000 	 0.6680 	 9 	 6 
62.90 	 0.0000 	 0.6643 	 9 	 6 
63.00 	 3.0414 	 0.6635 	 9 	 6 
63.10 	 0.0000 	 0.6638 	 9 	 6 
63.20 	 0.0000 	 0.6628 	 9 	 3 
63.30 	 0.0000 	 0.6622 	 9 	 3 
63.40 	 0.0000 	 0.6598 	 9 	 3 
63.50 	 0.0000 	 0.6591 	 9 	 3 
63.60 	 3.0414 	 0.6541 	 9 	 3 
63.70 	 0.0000 	 0.6519 	 9 	 7 
63.80 	 0.0000 	 0.6516 	 9 	 7 
63.90 	 3.0414 	 0.6516 	 9 	 7 
64.00 	 0.0000 	 0.6526 	 9 	 7 
64.10 	 0.0000 	 0.6530 	 9 	 7 
64.20 	 0.0000 	 0.6526 	 9 	 4 
64.30 	 0.0000 	 0.6515 	 9 	 7 
64.40 	 0.0000 	 0.6496 	 9 	 7 
64.50 	 3.0414 	 0.6496 	 9 	 8 
64.60 	 0.0000 	 0.6489 	 9 	 6 
64.70 	 0.0000 	 0.6501 	 9 	 6 
64.80 	 3.0414 	 0.6484 	 9 	 8 
64.90 	 0.0000 	 0.6496 	 9 	 8 
65.00 	 0.0000 	 0.6484 	 9 	 8 
65.10 	 0.0000 	 0.6482 	 9 	 3 
65.20 	 3.0414 	 0.6496 	 9 	 7 
65.30 	 0.0000 	 0.6505 	 9 	 7 
65.40 	 0.0000 	 0.6497 	 9 	 7 
65.50 	 0.0000 	 0.6493 	 9 	 8 
65.60 	 0.0000 	 0.6519 	 9 	 8 
65.70 	 0.0000 	 0.6529 	 9 	 7 
65.80 	 0.0000 	 0.6541 	 9 	 7 
65.90 	 0.0000 	 0.6534 	 9 	 7 
66.00 	 3.0414 	 0.6545 	 9 	 8 
66.10 	 0.0000 	 0.6549 	 9 	 8 
66.20 	 0.0000 	 0.6560 	 9 	 8 
66.30 	 0.0000 	 0.6582 	 9 	 8 
66.40 	 3.0414 	 0.6579 	 9 	 6 
66.50 	 3.0414 	 0.6581 	 9 	 6 
66.60 	 0.0000 	 0.6597 	 9 	 8 
66.70 	 0.0000 	 0.6610 	 9 	 3 
66.80 	 0.0000 	 0.6628 	 9 	 6 
66.90 	 0.0000 	 0.6619 	 9 	 8 
67.00 	 0.0000 	 0.6638 	 9 	 7 
67.10 	 0.0000 	 0.6641 	 9 	 7 
67.20 	 0.0000 	 0.6657 	 9 	 8 
67.30 	 3.0414 	 0.6669 	 9 	 8 
67.40 	 0.0000 	 0.6688 	 9 	 8 
67.50 	 0.0000 	 0.6691 	 9 	 8 
67.60 	 3.0414 	 0.6696 	 9 	 7 
67.70 	 0.0000 	 0.6721 	 9 	 7 
67.80 	 0.0000 	 0.6708 	 9 	 8 
67.90 	 0.0000 	 0.6713 	 9 	 8 
68.00 	 0.0000 	 0.6735 	 9 	 8 
68.10 	 0.0000 	 0.6748 	 9 	 8 
68.20 	 3.0414 	 0.6751 	 9 	 6 
68.30 	 0.0000 	 0.6752 	 9 	 8 
68.40 	 0.0000 	 0.6765 	 9 	 8 
68.50 	 0.0000 	 0.6774 	 9 	 7 
68.60 	 3.0414 	 0.6770 	 9 	 5 
68.70 	 0.0000 	 0.6770 	 9 	 8 
68.80 	 0.0000 	 0.6780 	 9 	 8 
68.90 	 3.0414 	 0.6772 	 9 	 8 
69.00 	 0.0000 	 0.6782 	 9 	 8 
69.10 	 0.0000 	 0.6785 	 9 	 8 
69.20 	 0.0000 	 0.6796 	 9 	 6 
69.30 	 0.0000 	 0.6794 	 9 	 7 
69.40 	 0.0000 	 0.6791 	 9 	 7 
69.50 	 0.0000 	 0.6814 	 9 	 7 
69.60 	 0.0000 	 0.6802 	 9 	 7 
69.70 	 0.0000 	 0.6789 	 9 	 8 
69.80 	 3.0414 	 0.6790 	 9 	 8 
69.90 	 0.0000 	 0.6780 	 9 	 4 
70.00 	 0.0000 	 0.6779 	 9 	 5 
70.10 	 3.0414 	 0.6780 	 9 	 5 
70.20 	 3.0414 	 0.6784 	 9 	 7 
70.30 	 0.0000 	 0.6782 	 9 	 7 
70.40 	 0.0000 	 0.6783 	 9 	 6 
70.50 	 0.0000 	 0.6779 	 9 	 6 
70.60 	 0.0000 	 0.6785 	 9 	 7 
70.70 	 0.0000 	 0.6787 	 9 	 7 
70.80 	 0.0000 	 0.6779 	 9 	 7 
70.90 	 0.0000 	 0.6775 	 9 	 7 
71.00 	 0.0000 	 0.6790 	 9 	 7 
71.10 	 0.0000 	 0.6802 	 9 	 8 
71.20 	 0.0000 	 0.6802 	 9 	 6 
71.30 	 0.0000 	 0.6833 	 9 	 6 
71.40 	 0.0000 	 0.6847 	 9 	 7 
71.50 	 6.0827 	 0.6831 	 9 	 4 
71.60 	 3.0414 	 0.6861 	 9 	 4 
71.70 	 0.0000 	 0.6879 	 9 	 4 
71.80 	 0.0000 	 0.6908 	 9 	 5 
71.90 	 0.0000 	 0.6912 	 9 	 6 
72.00 	 0.0000 	 0.6903 	 9 	 6 
72.10 	 0.0000 	 0.6921 	 9 	 6 
72.20 	 0.0000 	 0.6932 	 9 	 6 
72.30 	 0.0000 	 0.6941 	 9 	 6 
72.40 	 0.0000 	 0.6943 	 9 	 7 
72.50 	 0.0000 	 0.6939 	 9 	 7 
72.60 	 0.0000 	 0.6944 	 9 	 7 
72.70 	 0.0000 	 0.6941 	 9 	 8 
72.80 	 3.0414 	 0.6923 	 9 	 8 
72.90 	 3.0414 	 0.6910 	 9 	 5 
73.00 	 3.0414 	 0.6904 	 9 	 8 
73.10 	 0.0000 	 0.6830 	 9 	 8 
73.20 	 0.0000 	 0.6821 	 9 	 8 
73.30 	 0.0000 	 0.6799 	 9 	 8 
73.40 	 0.0000 	 0.6775 	 9 	 8 
73.50 	 0.0000 	 0.6767 	 9 	 8 
73.60 	 0.0000 	 0.6748 	 9 	 6 
73.70 	 0.0000 	 0.6723 	 9 	 6 
73.80 	 0.0000 	 0.6699 	 9 	 6 
73.90 	 0.0000 	 0.6682 	 9 	 7 
74.00 	 0.0000 	 0.6665 	 9 	 7 
74.10 	 3.0414 	 0.6638 	 9 	 7 
74.20 	 3.0414 	 0.6646 	 9 	 7 
74.30 	 0.0000 	 0.6630 	 9 	 7 
74.40 	 0.0000 	 0.6628 	 9 	 8 
74.50 	 3.0414 	 0.6623 	 9 	 8 
74.60 	 0.0000 	 0.6650 	 9 	 8 
74.70 	 0.0000 	 0.6632 	 9 	 8 
74.80 	 0.0000 	 0.6636 	 9 	 8 
74.90 	 0.0000 	 0.6636 	 9 	 8 
75.00 	 0.0000 	 0.6654 	 9 	 8 
75.10 	 0.0000 	 0.6644 	 9 	 8 
75.20 	 0.0000 	 0.6682 	 9 	 8 
75.30 	 0.0000 	 0.6695 	 9 	 8 
75.40 	 6.0827 	 0.6698 	 9 	 8 
75.50 	 0.0000 	 0.6721 	 9 	 8 
75.60 	 0.0000 	 0.6716 	 9 	 8 
75.70 	 0.0000 	 0.6723 	 9 	 8 
75.80 	 0.0000 	 0.6735 	 9 	 8 
75.90 	 0.0000 	 0.6724 	 9 	 8 
76.00 	 0.0000 	 0.6734 	 9 	 8 
76.10 	 0.0000 	 0.6738 	 9 	 5 
76.20 	 0.0000 	 0.6740 	 9 	 5 
76.30 	 0.0000 	 0.6718 	 9 	 8 
76.40 	 0.0000 	 0.6716 	 9 	 8 
76.50 	 0.0000 	 0.6725 	 9 	 8 
76.60 	 0.0000 	 0.6734 	 9 	 8 
76.70 	 0.0000 	 0.6754 	 9 	 8 
76.80 	 0.0000 	 0.6747 	 9 	 8 
76.90 	 0.0000 	 0.6747 	 9 	 7 
77.00 	 3.0414 	 0.6756 	 9 	 7 
77.10 	 0.0000 	 0.6737 	 9 	 7 
77.20 	 3.0414 	 0.6737 	 9 	 7 
77.30 	 0.0000 	 0.6739 	 9 	 7 
77.40 	 3.0414 	 0.6727 	 9 	 7 
77.50 	 0.0000 	 0.6740 	 9 	 7 
77.60 	 0.0000 	 0.6742 	 9 	 8 
77.70 	 0.0000 	 0.6737 	 9 	 8 
77.80 	 0.0000 	 0.6738 	 9 	 6 
77.90 	 0.0000 	 0.6736 	 9 	 6 
78.00 	 0.0000 	 0.6738 	 9 	 6 
78.10 	 3.0414 	 0.6744 	 9 	 6 
78.20 	 0.0000 	 0.6749 	 9 	 6 
78.30 	 0.0000 	 0.6754 	 9 	 7 
78.40 	 3.0414 	 0.6747 	 9 	 7 
78.50 	 3.0414 	 0.6753 	 9 	 7 
78.60 	 0.0000 	 0.6759 	 9 	 6 
78.70 	 0.0000 	 0.6753 	 9 	 6 
78.80 	 0.0000 	 0.6760 	 9 	 7 
78.90 	 0.0000 	 0.6760 	 9 	 7 
79.00 	 0.0000 	 0.6750 	 9 	 7 
79.10 	 0.0000 	 0.6732 	 9 	 5 
79.20 	 0.0000 	 0.6726 	 9 	 6 
79.30 	 0.0000 	 0.6716 	 9 	 6 
79.40 	 0.0000 	 0.6675 	 9 	 7 
79.50 	 0.0000 	 0.6661 	 9 	 7 
79.60 	 0.0000 	 0.6637 	 9 	 7 
79.70 	 3.0414 	 0.6645 	 9 	 5 
79.80 	 3.0414 	 0.6640 	 9 	 5 
79.90 	 0.0000 	 0.6614 	 9 	 6 
80.00 	 0.0000 	 0.6623 	 9 	 7 
80.10 	 3.0414 	 0.6614 	 9 	 7 
80.20 	 0.0000 	 0.6618 	 9 	 5 
80.30 	 0.0000 	 0.6614 	 9 	 5 
80.40 	 0.0000 	 0.6614 	 9 	 4 
80.50 	 0.0000 	 0.6604 	 9 	 4 
80.60 	 0.0000 	 0.6613 	 9 	 5 
80.70 	 0.0000 	 0.6615 	 9 	 5 
80.80 	 0.0000 	 0.6614 	 9 	 5 
80.90 	 0.0000 	 0.6623 	 9 	 5 
81.00 	 0.0000 	 0.6623 	 9 	 5 
81.10 	 3.0414 	 0.6606 	 9 	 5 
81.20 	 3.0414 	 0.6594 	 9 	 5 
81.30 	 0.0000 	 0.6558 	 9 	 7 
81.40 	 3.0414 	 0.6530 	 9 	 7 
81.50 	 0.0000 	 0.6511 	 9 	 5 
81.60 	 0.0000 	 0.6480 	 9 	 3 
81.70 	 0.0000 	 0.6444 	 9 	 4 
81.80 	 0.0000 	 0.6419 	 9 	 4 
81.90 	 0.0000 	 0.6417 	 9 	 5 
82.00 	 0.0000 	 0.6406 	 9 	 5 
82.10 	 0.0000 	 0.6392 	 9 	 5 
82.20 	 0.0000 	 0.6386 	 9 	 5 
82.30 	 0.0000 	 0.6374 	 9 	 5 
82.40 	 0.0000 	 0.6375 	 9 	 5 
82.50 	 0.0000 	 0.6363 	 9 	 5 
82.60 	 3.0414 	 0.6326 	 9 	 7 
82.70 	 0.0000 	 0.6323 	 9 	 7 
82.80 	 3.0414 	 0.6316 	 9 	 7 
82.90 	 0.0000 	 0.6321 	 9 	 2 
83.00 	 0.0000 	 0.6326 	 9 	 2 
83.10 	 3.0414 	 0.6326 	 9 	 5 
83.20 	 0.0000 	 0.6330 	 9 	 5 
83.30 	 0.0000 	 0.6337 	 9 	 5 
83.40 	 0.0000 	 0.6341 	 9 	 3 
83.50 	 0.0000 	 0.6329 	 9 	 3 
83.60 	 0.0000 	 0.6347 	 9 	 3 
83.70 	 0.0000 	 0.6362 	 9 	 3 
83.80 	 3.0414 	 0.6366 	 9 	 3 
83.90 	 0.0000 	 0.6364 	 9 	 3 
84.00 	 0.0000 	 0.6360 	 9 	 3 
84.10 	 0.0000 	 0.6348 	 9 	 3 
84.20 	 0.0000 	 0.6340 	 9 	 3 
84.30 	 3.0414 	 0.6350 	 9 	 5 
84.40 	 3.0414 	 0.6341 	 9 	 5 
84.50 	 0.0000 	 0.6360 	 9 	 5 
84.60 	 0.0000 	 0.6359 	 9 	 5 
84.70 	 0.0000 	 0.6361 	 9 	 5 
84.80 	 3.0414 	 0.6369 	 9 	 3 
84.90 	 0.0000 	 0.6364 	 9 	 3 
85.00 	 0.0000 	 0.6364 	 9 	 3 
85.10 	 0.0000 	 0.6372 	 9 	 3 
85.20 	 0.0000 	 0.6378 	 9 	 3 
85.30 	 0.0000 	 0.6384 	 9 	 3 
85.40 	 0.0000 	 0.6415 	 9 	 3 
85.50 	 0.0000 	 0.6413 	 9 	 5 
85.60 	 0.0000 	 0.6426 	 9 	 5 
85.70 	 0.0000 	 0.6460 	 9 	 5 
85.80 	 0.0000 	 0.6473 	 9 	 5 
85.90 	 6.0827 	 0.6486 	 9 	 5 
86.00 	 0.0000 	 0.6511 	 9 	 1 
86.10 	 0.0000 	 0.6534 	 9 	 3 
86.20 	 3.0414 	 0.6540 	 9 	 1 
86.30 	 0.0000 	 0.6559 	 9 	 1 
86.40 	 0.0000 	 0.6578 	 9 	 3 
86.50 	 0.0000 	 0.6589 	 9 	 2 
86.60 	 0.0000 	 0.6585 	 9 	 2 
86.70 	 0.0000 	 0.6588 	 9 	 2 
86.80 	 0.0000 	 0.6534 	 9 	 2 
86.90 	 0.0000 	 0.6483 	 9 	 2 
87.00 	 0.0000 	 0.6476 	 9 	 2 
87.10 	 0.0000 	 0.6482 	 9 	 2 
87.20 	 3.0414 	 0.6468 	 9 	 2 
87.30 	 0.0000 	 0.6456 	 9 	 3 
87.40 	 0.0000 	 0.6339 	 9 	 3 
87.50 	 3.0414 	 0.6327 	 9 	 3 
87.60 	 0.0000 	 0.6306 	 9 	 2 
87.70 	 3.0414 	 0.6224 	 9 	 2 
87.80 	 0.0000 	 0.6213 	 9 	 2 
87.90 	 0.0000 	 0.6208 	 9 	 2 
88.00 	 0.0000 	 0.6205 	 9 	 2 
88.10 	 0.0000 	 0.6204 	 9 	 2 
88.20 	 0.0000 	 0.6216 	 9 	 2 
88.30 	 0.0000 	 0.6189 	 9 	 2 
88.40 	 0.0000 	 0.6193 	 9 	 3 
88.50 	 3.0414 	 0.6187 	 9 	 2 
88.60 	 0.0000 	 0.6203 	 9 	 2 
88.70 	 3.0414 	 0.6197 	 9 	 2 
88.80 	 0.0000 	 0.6214 	 9 	 6 
88.90 	 0.0000 	 0.6212 	 9 	 6 
89.00 	 0.0000 	 0.6208 	 9 	 6 
89.10 	 0.0000 	 0.6213 	 9 	 6 
89.20 	 0.0000 	 0.6221 	 9 	 6 
89.30 	 0.0000 	 0.6227 	 9 	 6 
89.40 	 0.0000 	 0.6243 	 9 	 6 
89.50 	 0.0000 	 0.6257 	 9 	 2 
89.60 	 0.0000 	 0.6260 	 9 	 2 
89.70 	 0.0000 	 0.6259 	 9 	 8 
89.80 	 0.0000 	 0.6274 	 9 	 8 
89.90 	 0.0000 	 0.6283 	 9 	 8 
90.00 	 6.0827 	 0.6290 	 9 	 8 
90.10 	 0.0000 	 0.6311 	 9 	 2 
90.20 	 0.0000 	 0.6350 	 9 	 2 
90.30 	 0.0000 	 0.6337 	 9 	 2 
90.40 	 0.0000 	 0.6357 	 9 	 2 
90.50 	 0.0000 	 0.6355 	 9 	 6 
90.60 	 0.0000 	 0.6344 	 9 	 6 
90.70 	 0.0000 	 0.6341 	 9 	 6 
90.80 	 0.0000 	 0.6336 	 9 	 2 
90.90 	 0.0000 	 0.6341 	 9 	 2 
91.00 	 0.0000 	 0.6324 	 9 	 2 
91.10 	 0.0000 	 0.6325 	 9 	 2 
91.20 	 0.0000 	 0.6344 	 9 	 2 
91.30 	 3.0414 	 0.6352 	 9 	 2 
91.40 	 0.0000 	 0.6376 	 9 	 2 
91.50 	 3.0414 	 0.6385 	 9 	 8 
91.60 	 0.0000 	 0.6399 	 9 	 8 
91.70 	 0.0000 	 0.6383 	 9 	 8 
91.80 	 0.0000 	 0.6383 	 9 	 2 
91.90 	 0.0000 	 0.6402 	 9 	 2 
92.00 	 0.0000 	 0.6394 	 9 	 2 
92.10 	 0.0000 	 0.6414 	 9 	 2 
92.20 	 0.0000 	 0.6408 	 9 	 2 
92.30 	 0.0000 	 0.6414 	 9 	 7 
92.40 	 3.0414 	 0.6414 	 9 	 1 
92.50 	 0.0000 	 0.6416 	 9 	 2 
92.60 	 3.0414 	 0.6430 	 9 	 2 
92.70 	 0.0000 	 0.6444 	 9 	 2 
92.80 	 0.0000 	 0.6454 	 9 	 2 
92.90 	 0.0000 	 0.6458 	 9 	 8 
93.00 	 0.0000 	 0.6469 	 9 	 8 
93.10 	 0.0000 	 0.6471 	 9 	 2 
93.20 	 0.0000 	 0.6469 	 9 	 2 
93.30 	 3.0414 	 0.6464 	 9 	 1 
93.40 	 0.0000 	 0.6463 	 9 	 1 
93.50 	 0.0000 	 0.6444 	 9 	 1 
93.60 	 0.0000 	 0.6435 	 9 	 1 
93.70 	 0.0000 	 0.6434 	 9 	 0 
93.80 	 0.0000 	 0.6390 	 9 	 0 
93.90 	 0.0000 	 0.6398 	 9 	 0 
94.00 	 3.0414 	 0.6389 	 9 	 1 
94.10 	 0.0000 	 0.6416 	 9 	 8 
94.20 	 0.0000 	 0.6414 	 9 	 8 
94.30 	 0.0000 	 0.6416 	 9 	 8 
94.40 	 0.0000 	 0.6433 	 9 	 8 
94.50 	 0.0000 	 0.6423 	 9 	 0 
94.60 	 0.0000 	 0.6431 	 9 	 0 
94.70 	 3.0414 	 0.6425 	 9 	 1 
94.80 	 0.0000 	 0.6461 	 9 	 1 
94.90 	 0.0000 	 0.6461 	 9 	 0 
95.00 	 0.0000 	 0.6490 	 9 	 0 
95.10 	 0.0000 	 0.6491 	 9 	 0 
95.20 	 0.0000 	 0.6513 	 9 	 0 
95.30 	 0.0000 	 0.6532 	 9 	 0 
95.40 	 0.0000 	 0.6547 	 9 	 0 
95.50 	 0.0000 	 0.6559 	 9 	 0 
95.60 	 0.0000 	 0.6570 	 9 	 0 
95.70 	 0.0000 	 0.6582 	 9 	 0 
95.80 	 0.0000 	 0.6590 	 9 	 0 
95.90 	 0.0000 	 0.6591 	 9 	 0 
96.00 	 3.0414 	 0.6606 	 9 	 8 
96.10 	 3.0414 	 0.6615 	 9 	 8 
96.20 	 3.0414 	 0.6625 	 9 	 8 
96.30 	 0.0000 	 0.6630 	 9 	 8 
96.40 	 0.0000 	 0.6645 	 9 	 8 
96.50 	 0.0000 	 0.6625 	 9 	 8 
96.60 	 0.0000 	 0.6613 	 9 	 8 
96.70 	 0.0000 	 0.6633 	 9 	 8 
96.80 	 0.0000 	 0.6641 	 9 	 0 
96.90 	 0.0000 	 0.6646 	 9 	 0 
97.00 	 0.0000 	 0.6654 	 9 	 0 
97.10 	 3.0414 	 0.6660 	 9 	 0 
97.20 	 0.0000 	 0.6668 	 9 	 8 
97.30 	 0.0000 	 0.6668 	 9 	 8 
97.40 	 0.0000 	 0.6663 	 9 	 8 
97.50 	 0.0000 	 0.6666 	 9 	 0 
97.60 	 0.0000 	 0.6659 	 9 	 0 
97.70 	 3.0414 	 0.6669 	 9 	 8 
97.80 	 0.0000 	 0.6654 	 9 	 8 
97.90 	 0.0000 	 0.6660 	 9 	 8 
98.00 	 3.0414 	 0.6673 	 9 	 8 
98.10 	 0.0000 	 0.6670 	 9 	 8 
98.20 	 0.0000 	 0.6682 	 9 	 8 
98.30 	 0.0000 	 0.6692 	 9 	 0 
98.40 	 0.0000 	 0.6690 	 9 	 0 
98.50 	 3.0414 	 0.6694 	 9 	 0 
98.60 	 0.0000 	 0.6705 	 9 	 0 
98.70 	 0.0000 	 0.6712 	 9 	 0 
98.80 	 0.0000 	 0.6715 	 9 	 0 
98.90 	 0.0000 	 0.6715 	 9 	 8 
99.00 	 3.0414 	 0.6709 	 9 	 8 
99.10 	 0.0000 	 0.6702 	 9 	 8 
99.20 	 0.0000 	 0.6711 	 9 	 8 
99.30 	 0.0000 	 0.6699 	 9 	 0 
99.40 	 3.0414 	 0.6713 	 9 	 0 
99.50 	 0.0000 	 0.6715 	 9 	 0 
99.60 	 0.0000 	 0.6741 	 9 	 0 
99.70 	 0.0000 	 0.6740 	 9 	 0 
99.80 	 3.0414 	 0.6763 	 9 	 0 
99.90 	 0.0000 	 0.6773 	 9 	 0 
100.00 	 0.0000 	 0.6796 	 9 	 0 
100.10 	 0.0000 	 0.6800 	 9 	 0 
100.20 	 0.0000 	 0.6807 	 9 	 0 
100.30 	 0.0000 	 0.6801 	 9 	 0 
100.40 	 0.0000 	 0.6816 	 9 	 0 
100.50 	 3.0414 	 0.6811 	 9 	 8 
100.60 	 0.0000 	 0.6802 	 9 	 8 
100.70 	 0.0000 	 0.6803 	 9 	 0 
100.80 	 0.0000 	 0.6793 	 9 	 0 
100.90 	 0.0000 	 0.6803 	 9 	 0 
101.00 	 6.0827 	 0.6806 	 9 	 1 
101.10 	 0.0000 	 0.6813 	 9 	 1 
101.20 	 0.0000 	 0.6804 	 9 	 1 
101.30 	 0.0000 	 0.6795 	 9 	 7 
101.40 	 0.0000 	 0.6818 	 9 	 0 
101.50 	 0.0000 	 0.6821 	 9 	 0 
101.60 	 0.0000 	 0.6820 	 9 	 0 
101.70 	 3.0414 	 0.6797 	 9 	 1 
101.80 	 0.0000 	 0.6800 	 9 	 0 
101.90 	 0.0000 	 0.6806 	 9 	 0 
102.00 	 0.0000 	 0.6785 	 9 	 0 
102.10 	 0.0000 	 0.6754 	 9 	 0 
102.20 	 0.0000 	 0.6746 	 9 	 0 
102.30 	 0.0000 	 0.6735 	 9 	 0 
102.40 	 0.0000 	 0.6719 	 9 	 0 
102.50 	 3.0414 	 0.6727 	 9 	 0 
102.60 	 3.0414 	 0.6731 	 9 	 1 
102.70 	 0.0000 	 0.6722 	 9 	 1 
102.80 	 3.0414 	 0.6730 	 9 	 1 
102.90 	 0.0000 	 0.6734 	 9 	 1 
103.00 	 0.0000 	 0.6718 	 9 	 1 
103.10 	 0.0000 	 0.6670 	 9 	 7 
103.20 	 0.0000 	 0.6627 	 9 	 0 
103.30 	 0.0000 	 0.6616 	 9 	 0 
103.40 	 0.0000 	 0.6603 	 9 	 0 
103.50 	 0.0000 	 0.6580 	 9 	 7 
103.60 	 0.0000 	 0.6541 	 9 	 7 
103.70 	 3.0414 	 0.6542 	 9 	 7 
103.80 	 3.0414 	 0.6501 	 9 	 7 
103.90 	 0.0000 	 0.6489 	 9 	 7 
104.00 	 0.0000 	 0.6439 	 9 	 7 
104.10 	 0.0000 	 0.6425 	 9 	 7 
104.20 	 0.0000 	 0.6418 	 9 	 1 
104.30 	 3.0414 	 0.6398 	 9 	 1 
104.40 	 0.0000 	 0.6392 	 9 	 1 
104.50 	 0.0000 	 0.6363 	 9 	 6 
104.60 	 0.0000 	 0.6362 	 9 	 6 
104.70 	 0.0000 	 0.6352 	 9 	 7 
104.80 	 0.0000 	 0.6343 	 9 	 0 
104.90 	 0.0000 	 0.6335 	 9 	 0 
105.00 	 0.0000 	 0.6321 	 9 	 7 
105.10 	 3.0414 	 0.6325 	 9 	 7 
105.20 	 3.0414 	 0.6335 	 9 	 7 
105.30 	 0.0000 	 0.6336 	 9 	 7 
105.40 	 0.0000 	 0.6323 	 9 	 7 
105.50 	 0.0000 	 0.6326 	 9 	 7 
105.60 	 0.0000 	 0.6323 	 9 	 7 
105.70 	 0.0000 	 0.6300 	 9 	 7 
105.80 	 0.0000 	 0.6285 	 9 	 7 
105.90 	 3.0414 	 0.6283 	 9 	 7 
106.00 	 0.0000 	 0.6269 	 9 	 6 
106.10 	 0.0000 	 0.6266 	 9 	 6 
106.20 	 0.0000 	 0.6272 	 9 	 8 
106.30 	 0.0000 	 0.6256 	 9 	 8 
106.40 	 3.0414 	 0.6244 	 9 	 8 
106.50 	 0.0000 	 0.6255 	 9 	 8 
106.60 	 3.0414 	 0.6241 	 9 	 1 
106.70 	 0.0000 	 0.6227 	 9 	 1 
106.80 	 0.0000 	 0.6235 	 9 	 7 
106.90 	 0.0000 	 0.6217 	 9 	 7 
107.00 	 0.0000 	 0.6202 	 9 	 7 
107.10 	 0.0000 	 0.6200 	 9 	 7 
107.20 	 0.0000 	 0.6188 	 9 	 7 
107.30 	 0.0000 	 0.6172 	 9 	 7 
107.40 	 0.0000 	 0.6169 	 9 	 0 
107.50 	 0.0000 	 0.6179 	 9 	 0 
107.60 	 0.0000 	 0.6184 	 9 	 0 
107.70 	 3.0414 	 0.6182 	 9 	 6 
107.80 	 3.0414 	 0.6172 	 9 	 6 
107.90 	 0.0000 	 0.6174 	 9 	 6 
108.00 	 3.0414 	 0.6162 	 9 	 1 
108.10 	 0.0000 	 0.6153 	 9 	 1 
108.20 	 0.0000 	 0.6148 	 9 	 8 
108.30 	 0.0000 	 0.6149 	 9 	 8 
108.40 	 0.0000 	 0.6155 	 9 	 8 
108.50 	 0.0000 	 0.6153 	 9 	 8 
108.60 	 0.0000 	 0.6158 	 9 	 8 
108.70 	 0.0000 	 0.6145 	 9 	 8 
108.80 	 0.0000 	 0.6173 	 9 	 8 
108.90 	 0.0000 	 0.6162 	 9 	 6 
109.00 	 0.0000 	 0.6165 	 9 	 6 
109.10 	 0.0000 	 0.6164 	 9 	 0 
109.20 	 0.0000 	 0.6162 	 9 	 7 
109.30 	 3.0414 	 0.6172 	 9 	 7 
109.40 	 3.0414 	 0.6194 	 9 	 7 
109.50 	 0.0000 	 0.6201 	 9 	 7 
109.60 	 3.0414 	 0.6194 	 9 	 1 
109.70 	 0.0000 	 0.6185 	 9 	 8 
109.80 	 0.0000 	 0.6193 	 9 	 8 
109.90 	 0.0000 	 0.6206 	 9 	 8 
110.00 	 0.0000 	 0.6212 	 9 	 8 
110.10 	 0.0000 	 0.6241 	 9 	 8 
110.20 	 0.0000 	 0.6248 	 9 	 8 
110.30 	 0.0000 	 0.6269 	 9 	 8 
110.40 	 0.0000 	 0.6292 	 9 	 8 
110.50 	 0.0000 	 0.6289 	 9 	 7 
110.60 	 0.0000 	 0.6299 	 9 	 7 
110.70 	 0.0000 	 0.6310 	 9 	 7 
110.80 	 3.0414 	 0.6316 	 9 	 7 
110.90 	 0.0000 	 0.6327 	 9 	 4 
111.00 	 0.0000 	 0.6329 	 9 	 8 
111.10 	 3.0414 	 0.6345 	 9 	 8 
111.20 	 3.0414 	 0.6352 	 9 	 8 
111.30 	 0.0000 	 0.6382 	 9 	 8 
111.40 	 0.0000 	 0.6407 	 9 	 6 
111.50 	 0.0000 	 0.6411 	 9 	 6 
111.60 	 0.0000 	 0.6430 	 9 	 7 
111.70 	 0.0000 	 0.6448 	 9 	 7 
111.80 	 0.0000 	 0.6463 	 9 	 2 
111.90 	 0.0000 	 0.6458 	 9 	 2 
112.00 	 3.0414 	 0.6473 	 9 	 7 
112.10 	 0.0000 	 0.6482 	 9 	 7 
112.20 	 0.0000 	 0.6500 	 9 	 8 
112.30 	 0.0000 	 0.6501 	 9 	 8 
112.40 	 0.0000 	 0.6507 	 9 	 3 
112.50 	 0.0000 	 0.6516 	 9 	 0 
112.60 	 0.0000 	 0.6501 	 9 	 0 
112.70 	 3.0414 	 0.6513 	 9 	 0 
112.80 	 0.0000 	 0.6528 	 9 	 0 
112.90 	 3.0414 	 0.6528 	 9 	 5 
113.00 	 0.0000 	 0.6550 	 9 	 7 
113.10 	 0.0000 	 0.6564 	 9 	 7 
113.20 	 0.0000 	 0.6556 	 9 	 8 
113.30 	 3.0414 	 0.6585 	 9 	 2 
113.40 	 0.0000 	 0.6596 	 9 	 2 
113.50 	 0.0000 	 0.6616 	 9 	 8 
113.60 	 0.0000 	 0.6621 	 9 	 8 
113.70 	 0.0000 	 0.6651 	 9 	 7 
113.80 	 0.0000 	 0.6663 	 9 	 2 
113.90 	 0.0000 	 0.6680 	 9 	 2 
114.00 	 0.0000 	 0.6683 	 9 	 6 
114.10 	 0.0000 	 0.6684 	 9 	 0 
114.20 	 0.0000 	 0.6689 	 9 	 0 
114.30 	 3.0414 	 0.6714 	 9 	 0 
114.40 	 0.0000 	 0.6727 	 9 	 0 
114.50 	 3.0414 	 0.6743 	 9 	 5 
114.60 	 0.0000 	 0.6756 	 9 	 5 
114.70 	 0.0000 	 0.6781 	 9 	 5 
114.80 	 0.0000 	 0.6790 	 9 	 5 
114.90 	 3.0414 	 0.6801 	 9 	 1 
115.00 	 0.0000 	 0.6807 	 9 	 7 
115.10 	 0.0000 	 0.6814 	 9 	 1 
115.20 	 0.0000 	 0.6816 	 9 	 8 
115.30 	 0.0000 	 0.6819 	 9 	 3 
115.40 	 0.0000 	 0.6824 	 9 	 8 
115.50 	 0.0000 	 0.6819 	 9 	 8 
115.60 	 0.0000 	 0.6819 	 9 	 0 
115.70 	 0.0000 	 0.6813 	 9 	 0 
115.80 	 0.0000 	 0.6818 	 9 	 0 
115.90 	 3.0414 	 0.6832 	 9 	 5 
116.00 	 3.0414 	 0.6843 	 9 	 1 
116.10 	 0.0000 	 0.6857 	 9 	 8 
116.20 	 0.0000 	 0.6865 	 9 	 8 
116.30 	 3.0414 	 0.6884 	 9 	 1 
116.40 	 0.0000 	 0.6898 	 9 	 8 
116.50 	 0.0000 	 0.6914 	 9 	 3 
116.60 	 0.0000 	 0.6922 	 9 	 3 
116.70 	 0.0000 	 0.6946 	 9 	 5 
116.80 	 0.0000 	 0.6939 	 9 	 5 
116.90 	 0.0000 	 0.6960 	 9 	 5 
117.00 	 0.0000 	 0.6960 	 9 	 0 
117.10 	 0.0000 	 0.6980 	 9 	 0 
117.20 	 6.0827 	 0.6980 	 9 	 1 
117.30 	 0.0000 	 0.6999 	 9 	 1 
117.40 	 0.0000 	 0.7006 	 9 	 1 
117.50 	 0.0000 	 0.6988 	 9 	 1 
117.60 	 0.0000 	 0.7009 	 9 	 1 
117.70 	 0.0000 	 0.7000 	 9 	 2 
117.80 	 0.0000 	 0.7010 	 9 	 5 
117.90 	 0.0000 	 0.6995 	 9 	 5 
118.00 	 0.0000 	 0.6986 	 9 	 8 
118.10 	 0.0000 	 0.6998 	 9 	 0 
118.20 	 3.0414 	 0.6978 	 9 	 0 
118.30 	 0.0000 	 0.6997 	 9 	 0 
118.40 	 0.0000 	 0.6994 	 9 	 0 
118.50 	 6.0827 	 0.6976 	 9 	 1 
118.60 	 0.0000 	 0.6980 	 9 	 1 
118.70 	 0.0000 	 0.6980 	 9 	 1 
118.80 	 0.0000 	 0.6971 	 9 	 1 
118.90 	 0.0000 	 0.6974 	 9 	 1 
119.00 	 0.0000 	 0.6974 	 9 	 5 
119.10 	 0.0000 	 0.6974 	 9 	 5 
119.20 	 0.0000 	 0.6980 	 9 	 0 
119.30 	 3.0414 	 0.6971 	 9 	 3 
119.40 	 0.0000 	 0.6970 	 9 	 4 
119.50 	 0.0000 	 0.6988 	 9 	 4 
119.60 	 3.0414 	 0.6970 	 9 	 1 
119.70 	 0.0000 	 0.6950 	 9 	 1 
119.80 	 3.0414 	 0.6957 	 9 	 1 
119.90 	 0.0000 	 0.6977 	 9 	 1 
120.00 	 0.0000 	 0.6974 	 9 	 1 
120.10 	 0.0000 	 0.6981 	 9 	 1 
120.20 	 0.0000 	 0.6993 	 9 	 0 
120.30 	 0.0000 	 0.6993 	 9 	 0 
120.40 	 0.0000 	 0.7009 	 9 	 0 
120.50 	 0.0000 	 0.7005 	 9 	 8 
120.60 	 0.0000 	 0.7005 	 9 	 0 
120.70 	 0.0000 	 0.7018 	 9 	 3 
120.80 	 3.0414 	 0.7027 	 9 	 3 
120.90 	 0.0000 	 0.7042 	 9 	 3 
121.00 	 0.0000 	 0.7051 	 9 	 3 
121.10 	 3.0414 	 0.7066 	 9 	 1 
121.20 	 0.0000 	 0.7058 	 9 	 1 
121.30 	 0.0000 	 0.7067 	 9 	 1 
121.40 	 3.0414 	 0.7075 	 9 	 1 
121.50 	 0.0000 	 0.7063 	 9 	 1 
121.60 	 0.0000 	 0.7081 	 9 	 1 
121.70 	 0.0000 	 0.7096 	 9 	 1 
121.80 	 0.0000 	 0.7103 	 9 	 3 
121.90 	 0.0000 	 0.7110 	 9 	 3 
122.00 	 0.0000 	 0.7087 	 9 	 2 
122.10 	 0.0000 	 0.7064 	 9 	 2 
122.20 	 0.0000 	 0.7042 	 9 	 7 
122.30 	 3.0414 	 0.7014 	 9 	 1 
122.40 	 0.0000 	 0.7005 	 9 	 0 
122.50 	 0.0000 	 0.6987 	 9 	 2 
122.60 	 0.0000 	 0.6982 	 9 	 2 
122.70 	 0.0000 	 0.6951 	 9 	 2 
122.80 	 3.0414 	 0.6894 	 9 	 1 
122.90 	 0.0000 	 0.6887 	 9 	 1 
123.00 	 0.0000 	 0.6870 	 9 	 0 
123.10 	 0.0000 	 0.6856 	 9 	 0 
123.20 	 3.0414 	 0.6838 	 9 	 1 
123.30 	 3.0414 	 0.6831 	 9 	 1 
123.40 	 0.0000 	 0.6832 	 9 	 2 
123.50 	 0.0000 	 0.6838 	 9 	 2 
123.60 	 0.0000 	 0.6802 	 9 	 2 
123.70 	 0.0000 	 0.6807 	 9 	 2 
123.80 	 0.0000 	 0.6810 	 9 	 2 
123.90 	 0.0000 	 0.6789 	 9 	 2 
124.00 	 0.0000 	 0.6797 	 9 	 0 
124.10 	 0.0000 	 0.6784 	 9 	 0 
124.20 	 6.0827 	 0.6761 	 9 	 1 
124.30 	 0.0000 	 0.6750 	 9 	 1 
124.40 	 0.0000 	 0.6764 	 9 	 2 
124.50 	 0.0000 	 0.6745 	 9 	 2 
124.60 	 0.0000 	 0.6733 	 9 	 2 
124.70 	 0.0000 	 0.6717 	 9 	 2 
124.80 	 0.0000 	 0.6711 	 9 	 2 
124.90 	 3.0414 	 0.6720 	 9 	 2 
125.00 	 0.0000 	 0.6711 	 9 	 2 
125.10 	 0.0000 	 0.6712 	 9 	 2 
125.20 	 0.0000 	 0.6692 	 9 	 2 
125.30 	 3.0414 	 0.6708 	 9 	 8 
125.40 	 0.0000 	 0.6713 	 9 	 8 
125.50 	 0.0000 	 0.6716 	 9 	 1 
125.60 	 3.0414 	 0.6712 	 9 	 1 
125.70 	 0.0000 	 0.6732 	 9 	 1 
125.80 	 0.0000 	 0.6744 	 9 	 1 
125.90 	 0.0000 	 0.6757 	 9 	 1 
126.00 	 0.0000 	 0.6782 	 9 	 1 
126.10 	 0.0000 	 0.6780 	 9 	 1 
126.20 	 0.0000 	 0.6788 	 9 	 1 
126.30 	 0.0000 	 0.6794 	 9 	 2 
126.40 	 0.0000 	 0.6807 	 9 	 0 
126.50 	 0.0000 	 0.6811 	 9 	 8 
126.60 	 0.0000 	 0.6823 	 9 	 8 
126.70 	 3.0414 	 0.6848 	 9 	 8 
126.80 	 0.0000 	 0.6864 	 9 	 0 
126.90 	 0.0000 	 0.6896 	 9 	 0 
127.00 	 3.0414 	 0.6911 	 9 	 1 
127.10 	 3.0414 	 0.6920 	 9 	 1 
127.20 	 0.0000 	 0.6956 	 9 	 1 
127.30 	 0.0000 	 0.6965 	 9 	 1 
127.40 	 0.0000 	 0.6997 	 9 	 1 
127.50 	 0.0000 	 0.7016 	 9 	 2 
127.60 	 0.0000 	 0.7042 	 9 	 2 
127.70 	 0.0000 	 0.7060 	 9 	 2 
127.80 	 3.0414 	 0.7080 	 9 	 1 
127.90 	 0.0000 	 0.7102 	 9 	 1 
128.00 	 0.0000 	 0.7120 	 9 	 1 
128.10 	 0.0000 	 0.7146 	 9 	 1 
128.20 	 3.0414 	 0.7161 	 9 	 1 
128.30 	 0.0000 	 0.7176 	 9 	 1 
128.40 	 0.0000 	 0.7193 	 9 	 1 
128.50 	 0.0000 	 0.7200 	 9 	 1 
128.60 	 0.0000 	 0.7212 	 9 	 1 
128.70 	 0.0000 	 0.7220 	 9 	 2 
128.80 	 0.0000 	 0.7243 	 9 	 2 
128.90 	 3.0414 	 0.7243 	 9 	 2 
129.00 	 0.0000 	 0.7241 	 9 	 2 
129.10 	 0.0000 	 0.7242 	 9 	 8 
129.20 	 0.0000 	 0.7262 	 9 	 8 
129.30 	 3.0414 	 0.7257 	 9 	 1 
129.40 	 0.0000 	 0.7244 	 9 	 1 
129.50 	 3.0414 	 0.7250 	 9 	 1 
129.60 	 0.0000 	 0.7236 	 9 	 1 
129.70 	 0.0000 	 0.7246 	 9 	 1 
129.80 	 0.0000 	 0.7251 	 9 	 1 
129.90 	 0.0000 	 0.7244 	 9 	 1 
130.00 	 0.0000 	 0.7230 	 9 	 1 
130.10 	 0.0000 	 0.7245 	 9 	 2 
130.20 	 0.0000 	 0.7245 	 9 	 2 
130.30 	 0.0000 	 0.7241 	 9 	 2 
130.40 	 0.0000 	 0.7243 	 9 	 2 
130.50 	 0.0000 	 0.7249 	 9 	 2 
130.60 	 0.0000 	 0.7245 	 9 	 2 
130.70 	 0.0000 	 0.7254 	 9 	 8 
130.80 	 3.0414 	 0.7247 	 9 	 8 
130.90 	 6.0827 	 0.7243 	 9 	 1 
131.00 	 0.0000 	 0.7235 	 9 	 1 
131.10 	 0.0000 	 0.7224 	 9 	 1 
131.20 	 0.0000 	 0.7239 	 9 	 1 
131.30 	 0.0000 	 0.7262 	 9 	 1 
131.40 	 0.0000 	 0.7272 	 9 	 1 
131.50 	 0.0000 	 0.7261 	 9 	 7 
131.60 	 0.0000 	 0.7242 	 9 	 7 
131.70 	 0.0000 	 0.7239 	 9 	 7 
131.80 	 0.0000 	 0.7221 	 9 	 7 
131.90 	 3.0414 	 0.7231 	 9 	 1 
132.00 	 0.0000 	 0.7232 	 9 	 1 
132.10 	 0.0000 	 0.7238 	 9 	 2 
132.20 	 0.0000 	 0.7227 	 9 	 7 
132.30 	 3.0414 	 0.7215 	 9 	 7 
132.40 	 0.0000 	 0.7222 	 9 	 1 
132.50 	 0.0000 	 0.7216 	 9 	 7 
132.60 	 3.0414 	 0.7208 	 9 	 7 
132.70 	 0.0000 	 0.7184 	 9 	 2 
132.80 	 0.0000 	 0.7167 	 9 	 2 
132.90 	 0.0000 	 0.7171 	 9 	 7 
133.00 	 0.0000 	 0.7154 	 9 	 7 
133.10 	 0.0000 	 0.7181 	 9 	 7 
133.20 	 0.0000 	 0.7180 	 9 	 7 
133.30 	 0.0000 	 0.7172 	 9 	 7 
133.40 	 0.0000 	 0.7183 	 9 	 7 
133.50 	 0.0000 	 0.7186 	 9 	 7 
133.60 	 3.0414 	 0.7213 	 9 	 1 
133.70 	 0.0000 	 0.7207 	 9 	 2 
133.80 	 3.0414 	 0.7224 	 9 	 2 
133.90 	 0.0000 	 0.7213 	 9 	 2 
134.00 	 0.0000 	 0.7183 	 9 	 8 
134.10 	 0.0000 	 0.7162 	 9 	 7 
134.20 	 0.0000 	 0.7138 	 9 	 7 
134.30 	 0.0000 	 0.7113 	 9 	 7 
134.40 	 3.0414 	 0.7063 	 9 	 2 
134.50 	 0.0000 	 0.6992 	 9 	 7 
134.60 	 0.0000 	 0.6984 	 9 	 7 
134.70 	 0.0000 	 0.6949 	 9 	 8 
134.80 	 0.0000 	 0.6941 	 9 	 8 
134.90 	 0.0000 	 0.6780 	 9 	 8 
135.00 	 0.0000 	 0.6735 	 9 	 8 
135.10 	 0.0000 	 0.6695 	 9 	 8 
135.20 	 3.0414 	 0.6632 	 9 	 8 
135.30 	 0.0000 	 0.6577 	 9 	 8 
135.40 	 3.0414 	 0.6532 	 9 	 8 
135.50 	 0.0000 	 0.6485 	 9 	 8 
135.60 	 0.0000 	 0.6397 	 9 	 8 
135.70 	 0.0000 	 0.6389 	 9 	 8 
135.80 	 0.0000 	 0.6373 	 9 	 8 
135.90 	 0.0000 	 0.6335 	 9 	 8 
136.00 	 0.0000 	 0.6323 	 9 	 8 
136.10 	 0.0000 	 0.6338 	 9 	 8 
136.20 	 3.0414 	 0.6328 	 9 	 8 
136.30 	 0.0000 	 0.6322 	 9 	 7 
136.40 	 0.0000 	 0.6294 	 9 	 7 
136.50 	 0.0000 	 0.6276 	 9 	 5 
136.60 	 3.0414 	 0.6235 	 9 	 8 
136.70 	 0.0000 	 0.6217 	 9 	 8 
136.80 	 0.0000 	 0.6201 	 9 	 8 
136.90 	 3.0414 	 0.6183 	 9 	 8 
137.00 	 0.0000 	 0.6177 	 9 	 8 
137.10 	 0.0000 	 0.6183 	 9 	 8 
137.20 	 0.0000 	 0.6186 	 9 	 8 
137.30 	 0.0000 	 0.6195 	 9 	 8 
137.40 	 0.0000 	 0.6176 	 9 	 8 
137.50 	 0.0000 	 0.6190 	 9 	 8 
137.60 	 0.0000 	 0.6186 	 9 	 8 
137.70 	 0.0000 	 0.6202 	 9 	 8 
137.80 	 3.0414 	 0.6195 	 9 	 5 
137.90 	 0.0000 	 0.6179 	 9 	 5 
138.00 	 3.0414 	 0.6174 	 9 	 5 
138.10 	 0.0000 	 0.6167 	 9 	 8 
138.20 	 3.0414 	 0.6157 	 9 	 8 
138.30 	 0.0000 	 0.6154 	 9 	 8 
138.40 	 0.0000 	 0.6164 	 9 	 8 
138.50 	 0.0000 	 0.6161 	 9 	 8 
138.60 	 0.0000 	 0.6163 	 9 	 8 
138.70 	 0.0000 	 0.6180 	 9 	 8 
138.80 	 0.0000 	 0.6175 	 9 	 8 
138.90 	 0.0000 	 0.6189 	 9 	 8 
139.00 	 0.0000 	 0.6189 	 9 	 8 
139.10 	 0.0000 	 0.6187 	 9 	 8 
139.20 	 0.0000 	 0.6194 	 9 	 8 
139.30 	 0.0000 	 0.6204 	 9 	 8 
139.40 	 3.0414 	 0.6212 	 9 	 8 
139.50 	 6.0827 	 0.6207 	 9 	 8 
139.60 	 0.0000 	 0.6206 	 9 	 8 
139.70 	 0.0000 	 0.6221 	 9 	 7 
139.80 	 0.0000 	 0.6225 	 9 	 7 
139.90 	 0.0000 	 0.6216 	 9 	 8 
140.00 	 0.0000 	 0.6224 	 9 	 8 
140.10 	 0.0000 	 0.6219 	 9 	 8 
140.20 	 0.0000 	 0.6244 	 9 	 8 
140.30 	 0.0000 	 0.6269 	 9 	 8 
140.40 	 0.0000 	 0.6283 	 9 	 8 
140.50 	 0.0000 	 0.6300 	 9 	 8 
140.60 	 0.0000 	 0.6317 	 9 	 8 
140.70 	 0.0000 	 0.6340 	 9 	 6 
140.80 	 0.0000 	 0.6342 	 9 	 6 
140.90 	 0.0000 	 0.6365 	 9 	 7 
141.00 	 3.0414 	 0.6364 	 9 	 7 
141.10 	 3.0414 	 0.6367 	 9 	 7 
141.20 	 3.0414 	 0.6369 	 9 	 8 
141.30 	 0.0000 	 0.6376 	 9 	 4 
141.40 	 0.0000 	 0.6375 	 9 	 4 
141.50 	 0.0000 	 0.6375 	 9 	 4 
141.60 	 0.0000 	 0.6364 	 9 	 4 
141.70 	 0.0000 	 0.6369 	 9 	 7 
141.80 	 0.0000 	 0.6349 	 9 	 5 
141.90 	 0.0000 	 0.6360 	 9 	 6 
142.00 	 0.0000 	 0.6351 	 9 	 6 
142.10 	 0.0000 	 0.6376 	 9 	 7 
142.20 	 0.0000 	 0.6366 	 9 	 0 
142.30 	 0.0000 	 0.6376 	 9 	 0 
142.40 	 0.0000 	 0.6363 	 9 	 0 
142.50 	 3.0414 	 0.6372 	 9 	 0 
142.60 	 3.0414 	 0.6366 	 9 	 8 
142.70 	 0.0000 	 0.6383 	 9 	 7 
142.80 	 0.0000 	 0.6375 	 9 	 4 
142.90 	 0.0000 	 0.6381 	 9 	 4 
143.00 	 3.0414 	 0.6382 	 9 	 7 
143.10 	 0.0000 	 0.6384 	 9 	 7 
143.20 	 0.0000 	 0.6399 	 9 	 6 
143.30 	 0.0000 	 0.6401 	 9 	 6 
143.40 	 0.0000 	 0.6405 	 9 	 6 
143.50 	 0.0000 	 0.6400 	 9 	 8 
143.60 	 3.0414 	 0.6404 	 9 	 8 
143.70 	 3.0414 	 0.6386 	 9 	 8 
143.80 	 0.0000 	 0.6384 	 9 	 7 
143.90 	 0.0000 	 0.6397 	 9 	 7 
144.00 	 0.0000 	 0.6380 	 9 	 3 
144.10 	 0.0000 	 0.6401 	 9 	 5 
144.20 	 0.0000 	 0.6395 	 9 	 5 
144.30 	 0.0000 	 0.6397 	 9 	 5 
144.40 	 0.0000 	 0.6406 	 9 	 5 
144.50 	 3.0414 	 0.6412 	 9 	 8 
144.60 	 0.0000 	 0.6399 	 9 	 5 
144.70 	 0.0000 	 0.6401 	 9 	 5 
144.80 	 3.0414 	 0.6339 	 9 	 5 
144.90 	 0.0000 	 0.6277 	 9 	 5 
145.00 	 3.0414 	 0.6245 	 9 	 1 
145.10 	 0.0000 	 0.6237 	 9 	 1 
145.20 	 0.0000 	 0.6246 	 9 	 4 
145.30 	 0.0000 	 0.6266 	 9 	 5 
145.40 	 0.0000 	 0.6261 	 9 	 5 
145.50 	 3.0414 	 0.6266 	 9 	 5 
145.60 	 0.0000 	 0.6275 	 9 	 1 
145.70 	 0.0000 	 0.6269 	 9 	 1 
145.80 	 0.0000 	 0.6286 	 9 	 6 
145.90 	 0.0000 	 0.6313 	 9 	 6 
146.00 	 0.0000 	 0.6335 	 9 	 6 
146.10 	 0.0000 	 0.6360 	 9 	 6 
146.20 	 0.0000 	 0.6400 	 9 	 6 
146.30 	 0.0000 	 0.6392 	 9 	 8 
146.40 	 3.0414 	 0.6414 	 9 	 1 
146.50 	 0.0000 	 0.6444 	 9 	 1 
146.60 	 6.0827 	 0.6458 	 9 	 1 
146.70 	 0.0000 	 0.6487 	 9 	 1 
146.80 	 0.0000 	 0.6516 	 9 	 1 
146.90 	 0.0000 	 0.6537 	 9 	 1 
147.00 	 0.0000 	 0.6568 	 9 	 6 
147.10 	 0.0000 	 0.6585 	 9 	 5 
147.20 	 0.0000 	 0.6607 	 9 	 3 
147.30 	 0.0000 	 0.6625 	 9 	 3 
147.40 	 0.0000 	 0.6630 	 9 	 3 
147.50 	 0.0000 	 0.6648 	 9 	 3 
147.60 	 3.0414 	 0.6662 	 9 	 1 
147.70 	 0.0000 	 0.6665 	 9 	 8 
147.80 	 0.0000 	 0.6672 	 9 	 1 
147.90 	 0.0000 	 0.6682 	 9 	 4 
148.00 	 0.0000 	 0.6675 	 9 	 4 
148.10 	 0.0000 	 0.6683 	 9 	 4 
148.20 	 3.0414 	 0.6695 	 9 	 3 
148.30 	 0.0000 	 0.6695 	 9 	 5 
148.40 	 3.0414 	 0.6725 	 9 	 5 
148.50 	 0.0000 	 0.6723 	 9 	 5 
148.60 	 0.0000 	 0.6737 	 9 	 5 
148.70 	 0.0000 	 0.6736 	 9 	 5 
148.80 	 0.0000 	 0.6746 	 9 	 1 
148.90 	 0.0000 	 0.6761 	 9 	 8 
149.00 	 3.0414 	 0.6774 	 9 	 2 
149.10 	 0.0000 	 0.6780 	 9 	 8 
149.20 	 0.0000 	 0.6801 	 9 	 2 
149.30 	 0.0000 	 0.6831 	 9 	 2 
149.40 	 0.0000 	 0.6831 	 9 	 2 
149.50 	 0.0000 	 0.6829 	 9 	 2 
149.60 	 0.0000 	 0.6834 	 9 	 2 
149.70 	 0.0000 	 0.6840 	 9 	 2 
149.80 	 3.0414 	 0.6844 	 9 	 3 
149.90 	 0.0000 	 0.6832 	 9 	 3 
150.00 	 3.0414 	 0.6856 	 9 	 1 
150.10 	 0.0000 	 0.6855 	 9 	 1 
150.20 	 0.0000 	 0.6879 	 9 	 2 
150.30 	 0.0000 	 0.6888 	 9 	 2 
150.40 	 3.0414 	 0.6898 	 9 	 2 
150.50 	 0.0000 	 0.6899 	 9 	 2 
150.60 	 0.0000 	 0.6919 	 9 	 2 
150.70 	 0.0000 	 0.6924 	 9 	 2 
150.80 	 0.0000 	 0.6930 	 9 	 2 
150.90 	 0.0000 	 0.6958 	 9 	 2 
151.00 	 0.0000 	 0.6972 	 9 	 2 
151.10 	 0.0000 	 0.7000 	 9 	 2 
151.20 	 0.0000 	 0.7012 	 9 	 2 
151.30 	 0.0000 	 0.7019 	 9 	 2 
151.40 	 3.0414 	 0.7015 	 9 	 8 
151.50 	 0.0000 	 0.7028 	 9 	 8 
151.60 	 0.0000 	 0.7035 	 9 	 2 
151.70 	 3.0414 	 0.7053 	 9 	 2 
151.80 	 0.0000 	 0.7047 	 9 	 2 
151.90 	 3.0414 	 0.7066 	 9 	 2 
152.00 	 0.0000 	 0.7071 	 9 	 2 
152.10 	 0.0000 	 0.7101 	 9 	 7 
152.20 	 0.0000 	 0.7086 	 9 	 7 
152.30 	 0.0000 	 0.7116 	 9 	 7 
152.40 	 0.0000 	 0.7134 	 9 	 7 
152.50 	 0.0000 	 0.7152 	 9 	 7 
152.60 	 0.0000 	 0.7165 	 9 	 1 
152.70 	 0.0000 	 0.7183 	 9 	 7 
152.80 	 0.0000 	 0.7183 	 9 	 7 
152.90 	 0.0000 	 0.7204 	 9 	 2 
153.00 	 3.0414 	 0.7214 	 9 	 2 
153.10 	 3.0414 	 0.7212 	 9 	 1 
153.20 	 0.0000 	 0.7200 	 9 	 1 
153.30 	 3.0414 	 0.7195 	 9 	 2 
153.40 	 0.0000 	 0.7182 	 9 	 2 
153.50 	 0.0000 	 0.7184 	 9 	 7 
153.60 	 0.0000 	 0.7172 	 9 	 7 
153.70 	 0.0000 	 0.7176 	 9 	 8 
153.80 	 0.0000 	 0.7149 	 9 	 8 
153.90 	 0.0000 	 0.7141 	 9 	 8 
154.00 	 3.0414 	 0.7133 	 9 	 1 
154.10 	 0.0000 	 0.7108 	 9 	 1 
154.20 	 0.0000 	 0.7104 	 9 	 1 
154.30 	 0.0000 	 0.7110 	 9 	 1 
154.40 	 0.0000 	 0.7110 	 9 	 7 
154.50 	 0.0000 	 0.7103 	 9 	 7 
154.60 	 0.0000 	 0.7109 	 9 	 7 
154.70 	 0.0000 	 0.7105 	 9 	 8 
154.80 	 0.0000 	 0.7084 	 9 	 8 
154.90 	 0.0000 	 0.7088 	 9 	 2 
155.00 	 0.0000 	 0.7087 	 9 	 7 
155.10 	 0.0000 	 0.7060 	 9 	 7 
155.20 	 3.0414 	 0.7056 	 9 	 7 
155.30 	 0.0000 	 0.7050 	 9 	 8 
155.40 	 0.0000 	 0.7040 	 9 	 8 
155.50 	 0.0000 	 0.7054 	 9 	 8 
155.60 	 0.0000 	 0.7044 	 9 	 8 
155.70 	 6.0827 	 0.7043 	 9 	 1 
155.80 	 0.0000 	 0.7045 	 9 	 1 
155.90 	 0.0000 	 0.7055 	 9 	 7 
156.00 	 0.0000 	 0.7081 	 9 	 7 
156.10 	 0.0000 	 0.7084 	 9 	 7 
156.20 	 0.0000 	 0.7087 	 9 	 7 
156.30 	 0.0000 	 0.7111 	 9 	 7 
156.40 	 0.0000 	 0.7112 	 9 	 7 
156.50 	 3.0414 	 0.7119 	 9 	 2 
156.60 	 0.0000 	 0.7120 	 9 	 8 
156.70 	 3.0414 	 0.7133 	 9 	 8 
156.80 	 0.0000 	 0.7122 	 9 	 8 
156.90 	 0.0000 	 0.7138 	 9 	 8 
157.00 	 3.0414 	 0.7150 	 9 	 1 
157.10 	 0.0000 	 0.7154 	 9 	 1 
157.20 	 0.0000 	 0.7156 	 9 	 8 
157.30 	 0.0000 	 0.7168 	 9 	 8 
157.40 	 0.0000 	 0.7154 	 9 	 8 
157.50 	 0.0000 	 0.7169 	 9 	 8 
157.60 	 0.0000 	 0.7164 	 9 	 7 
157.70 	 3.0414 	 0.7156 	 9 	 7 
157.80 	 3.0414 	 0.7157 	 9 	 8 
157.90 	 0.0000 	 0.7153 	 9 	 8 
158.00 	 0.0000 	 0.7160 	 9 	 8 
158.10 	 0.0000 	 0.7167 	 9 	 7 
158.20 	 0.0000 	 0.7161 	 9 	 7 
158.30 	 0.0000 	 0.7165 	 9 	 7 
158.40 	 0.0000 	 0.7162 	 9 	 7 
158.50 	 3.0414 	 0.7172 	 9 	 7 
158.60 	 0.0000 	 0.7191 	 9 	 7 
158.70 	 0.0000 	 0.7190 	 9 	 7 
158.80 	 0.0000 	 0.7192 	 9 	 8 
158.90 	 0.0000 	 0.7198 	 9 	 7 
159.00 	 0.0000 	 0.7214 	 9 	 7 
159.10 	 3.0414 	 0.7225 	 9 	 1 
159.20 	 0.0000 	 0.7233 	 9 	 7 
159.30 	 0.0000 	 0.7254 	 9 	 2 
159.40 	 0.0000 	 0.7262 	 9 	 2 
159.50 	 3.0414 	 0.7280 	 9 	 2 
159.60 	 0.0000 	 0.7284 	 9 	 2 
159.70 	 0.0000 	 0.7281 	 9 	 7 
159.80 	 0.0000 	 0.7284 	 9 	 2 
159.90 	 3.0414 	 0.7279 	 9 	 7 
160.00 	 0.0000 	 0.7291 	 9 	 7 
160.10 	 0.0000 	 0.7279 	 9 	 7 
160.20 	 0.0000 	 0.7294 	 9 	 7 
160.30 	 0.0000 	 0.7312 	 9 	 7 
160.40 	 0.0000 	 0.7323 	 9 	 7 
160.50 	 0.0000 	 0.7351 	 9 	 7 
160.60 	 0.0000 	 0.7364 	 9 	 7 
160.70 	 3.0414 	 0.7404 	 9 	 8 
160.80 	 0.0000 	 0.7408 	 9 	 6 
160.90 	 0.0000 	 0.7415 	 9 	 7 
161.00 	 0.0000 	 0.7408 	 9 	 2 
161.10 	 0.0000 	 0.7441 	 9 	 2 
161.20 	 3.0414 	 0.7450 	 9 	 2 
161.30 	 0.0000 	 0.7480 	 9 	 7 
161.40 	 0.0000 	 0.7489 	 9 	 8 
161.50 	 0.0000 	 0.7497 	 9 	 8 
161.60 	 3.0414 	 0.7497 	 9 	 8 
161.70 	 0.0000 	 0.7481 	 9 	 8 
161.80 	 0.0000 	 0.7479 	 9 	 8 
161.90 	 0.0000 	 0.7470 	 9 	 8 
162.00 	 0.0000 	 0.7469 	 9 	 2 
162.10 	 0.0000 	 0.7469 	 9 	 2 
162.20 	 3.0414 	 0.7466 	 9 	 2 
162.30 	 0.0000 	 0.7458 	 9 	 7 
162.40 	 0.0000 	 0.7460 	 9 	 2 
162.50 	 0.0000 	 0.7447 	 9 	 2 
162.60 	 0.0000 	 0.7446 	 9 	 7 
162.70 	 0.0000 	 0.7435 	 9 	 2 
162.80 	 0.0000 	 0.7447 	 9 	 2 
162.90 	 3.0414 	 0.7433 	 9 	 2 
163.00 	 0.0000 	 0.7434 	 9 	 7 
163.10 	 3.0414 	 0.7434 	 9 	 7 
163.20 	 0.0000 	 0.7438 	 9 	 2 
163.30 	 0.0000 	 0.7453 	 9 	 2 
163.40 	 0.0000 	 0.7437 	 9 	 2 
163.50 	 0.0000 	 0.7440 	 9 	 2 
163.60 	 0.0000 	 0.7371 	 9 	 2 
163.70 	 0.0000 	 0.7349 	 9 	 2 
163.80 	 3.0414 	 0.7345 	 9 	 2 
163.90 	 0.0000 	 0.7343 	 9 	 2 
164.00 	 0.0000 	 0.7326 	 9 	 2 
164.10 	 0.0000 	 0.7312 	 9 	 2 
164.20 	 0.0000 	 0.7303 	 9 	 5 
164.30 	 3.0414 	 0.7271 	 9 	 5 
164.40 	 3.0414 	 0.7258 	 9 	 5 
164.50 	 0.0000 	 0.7225 	 9 	 5 
164.60 	 3.0414 	 0.7194 	 9 	 1 
164.70 	 0.0000 	 0.7094 	 9 	 5 
164.80 	 0.0000 	 0.7047 	 9 	 2 
164.90 	 0.0000 	 0.7017 	 9 	 2 
165.00 	 0.0000 	 0.6961 	 9 	 2 
165.10 	 0.0000 	 0.6915 	 9 	 2 
165.20 	 0.0000 	 0.6891 	 9 	 8 
165.30 	 0.0000 	 0.6831 	 9 	 8 
165.40 	 0.0000 	 0.6807 	 9 	 5 
165.50 	 0.0000 	 0.6750 	 9 	 5 
165.60 	 0.0000 	 0.6725 	 9 	 5 
165.70 	 0.0000 	 0.6718 	 9 	 5 
165.80 	 0.0000 	 0.6717 	 9 	 8 
165.90 	 0.0000 	 0.6719 	 9 	 8 
166.00 	 9.1241 	 0.6713 	 9 	 8 
166.10 	 0.0000 	 0.6715 	 9 	 1 
166.20 	 0.0000 	 0.6700 	 9 	 2 
166.30 	 0.0000 	 0.6701 	 9 	 2 
166.40 	 0.0000 	 0.6713 	 9 	 2 
166.50 	 0.0000 	 0.6685 	 9 	 2 
166.60 	 0.0000 	 0.6669 	 9 	 2 
166.70 	 0.0000 	 0.6656 	 9 	 2 
166.80 	 0.0000 	 0.6650 	 9 	 5 
166.90 	 0.0000 	 0.6645 	 9 	 3 
167.00 	 0.0000 	 0.6640 	 9 	 8 
167.10 	 0.0000 	 0.6625 	 9 	 8 
167.20 	 0.0000 	 0.6646 	 9 	 8 
167.30 	 3.0414 	 0.6641 	 9 	 8 
167.40 	 3.0414 	 0.6647 	 9 	 8 
167.50 	 0.0000 	 0.6646 	 9 	 8 
167.60 	 3.0414 	 0.6655 	 9 	 8 
167.70 	 0.0000 	 0.6676 	 9 	 8 
167.80 	 0.0000 	 0.6644 	 9 	 8 
167.90 	 0.0000 	 0.6675 	 9 	 8 
168.00 	 0.0000 	 0.6678 	 9 	 8 
168.10 	 0.0000 	 0.6666 	 9 	 8 
168.20 	 0.0000 	 0.6654 	 9 	 5 
168.30 	 0.0000 	 0.6643 	 9 	 5 
168.40 	 0.0000 	 0.6647 	 9 	 5 
168.50 	 0.0000 	 0.6646 	 9 	 8 
168.60 	 0.0000 	 0.6635 	 9 	 8 
168.70 	 6.0827 	 0.6613 	 9 	 8 
168.80 	 0.0000 	 0.6596 	 9 	 8 
168.90 	 0.0000 	 0.6600 	 9 	 8 
169.00 	 0.0000 	 0.6585 	 9 	 8 
169.10 	 0.0000 	 0.6574 	 9 	 8 
169.20 	 3.0414 	 0.6578 	 9 	 8 
169.30 	 0.0000 	 0.6587 	 9 	 8 
169.40 	 0.0000 	 0.6585 	 9 	 8 
169.50 	 0.0000 	 0.6593 	 9 	 8 
169.60 	 0.0000 	 0.6602 	 9 	 8 
169.70 	 0.0000 	 0.6610 	 9 	 8 
169.80 	 0.0000 	 0.6613 	 9 	 6 
169.90 	 3.0414 	 0.6604 	 9 	 6 
170.00 	 0.0000 	 0.6613 	 9 	 6 
170.10 	 0.0000 	 0.6614 	 9 	 7 
170.20 	 0.0000 	 0.6596 	 9 	 7 
170.30 	 0.0000 	 0.6595 	 9 	 8 
170.40 	 3.0414 	 0.6580 	 9 	 7 
170.50 	 0.0000 	 0.6576 	 9 	 7 
170.60 	 0.0000 	 0.6569 	 9 	 8 
170.70 	 3.0414 	 0.6587 	 9 	 1 
170.80 	 0.0000 	 0.6582 	 9 	 1 
170.90 	 0.0000 	 0.6579 	 9 	 7 
171.00 	 0.0000 	 0.6581 	 9 	 7 
171.10 	 0.0000 	 0.6583 	 9 	 6 
171.20 	 0.0000 	 0.6603 	 9 	 2 
171.30 	 0.0000 	 0.6596 	 9 	 0 
171.40 	 0.0000 	 0.6617 	 9 	 7 
171.50 	 3.0414 	 0.6617 	 9 	 7 
171.60 	 0.0000 	 0.6643 	 9 	 7 
171.70 	 0.0000 	 0.6654 	 9 	 7 
171.80 	 0.0000 	 0.6667 	 9 	 4 
171.90 	 0.0000 	 0.6694 	 9 	 7 
172.00 	 3.0414 	 0.6694 	 9 	 7 
172.10 	 3.0414 	 0.6724 	 9 	 1 
172.20 	 0.0000 	 0.6714 	 9 	 1 
172.30 	 0.0000 	 0.6744 	 9 	 7 
172.40 	 0.0000 	 0.6764 	 9 	 6 
172.50 	 0.0000 	 0.6779 	 9 	 7 
172.60 	 0.0000 	 0.6785 	 9 	 7 
172.70 	 0.0000 	 0.6807 	 9 	 7 
172.80 	 0.0000 	 0.6811 	 9 	 7 
172.90 	 0.0000 	 0.6819 	 9 	 3 
173.00 	 3.0414 	 0.6823 	 9 	 3 
173.10 	 0.0000 	 0.6798 	 9 	 4 
173.20 	 0.0000 	 0.6775 	 9 	 7 
173.30 	 3.0414 	 0.6776 	 9 	 7 
173.40 	 0.0000 	 0.6751 	 9 	 4 
173.50 	 0.0000 	 0.6752 	 9 	 4 
173.60 	 0.0000 	 0.6744 	 9 	 4 
173.70 	 3.0414 	 0.6745 	 9 	 5 
173.80 	 0.0000 	 0.6738 	 9 	 5 
173.90 	 0.0000 	 0.6728 	 9 	 7 
174.00 	 0.0000 	 0.6746 	 9 	 7 
174.10 	 0.0000 	 0.6729 	 9 	 2 
174.20 	 0.0000 	 0.6720 	 9 	 2 
174.30 	 0.0000 	 0.6712 	 9 	 0 
174.40 	 0.0000 	 0.6710 	 9 	 0 
174.50 	 3.0414 	 0.6731 	 9 	 3 
174.60 	 0.0000 	 0.6660 	 9 	 7 
174.70 	 3.0414 	 0.6647 	 9 	 8 
174.80 	 0.0000 	 0.6650 	 9 	 8 
174.90 	 0.0000 	 0.6640 	 9 	 7 
175.00 	 0.0000 	 0.6646 	 9 	 5 
175.10 	 0.0000 	 0.6630 	 9 	 7 
175.20 	 0.0000 	 0.6614 	 9 	 7 
175.30 	 0.0000 	 0.6589 	 9 	 8 
175.40 	 3.0414 	 0.6567 	 9 	 7 
175.50 	 3.0414 	 0.6557 	 9 	 7 
175.60 	 0.0000 	 0.6565 	 9 	 5 
175.70 	 0.0000 	 0.6533 	 9 	 2 
175.80 	 0.0000 	 0.6528 	 9 	 8 
175.90 	 0.0000 	 0.6530 	 9 	 8 
176.00 	 0.0000 	 0.6545 	 9 	 3 
176.10 	 0.0000 	 0.6549 	 9 	 8 
176.20 	 3.0414 	 0.6579 	 9 	 8 
176.30 	 0.0000 	 0.6604 	 9 	 5 
176.40 	 0.0000 	 0.6621 	 9 	 5 
176.50 	 0.0000 	 0.6635 	 9 	 5 
176.60 	 0.0000 	 0.6663 	 9 	 5 
176.70 	 0.0000 	 0.6685 	 9 	 7 
176.80 	 0.0000 	 0.6699 	 9 	 8 
176.90 	 0.0000 	 0.6700 	 9 	 0 
177.00 	 3.0414 	 0.6709 	 9 	 6 
177.10 	 0.0000 	 0.6713 	 9 	 6 
177.20 	 3.0414 	 0.6716 	 9 	 6 
177.30 	 0.0000 	 0.6725 	 9 	 6 
177.40 	 0.0000 	 0.6721 	 9 	 8 
177.50 	 0.0000 	 0.6723 	 9 	 8 
177.60 	 0.0000 	 0.6740 	 9 	 8 
177.70 	 0.0000 	 0.6754 	 9 	 5 
177.80 	 3.0414 	 0.6762 	 9 	 5 
177.90 	 0.0000 	 0.6764 	 9 	 5 
178.00 	 0.0000 	 0.6745 	 9 	 5 
178.10 	 0.0000 	 0.6722 	 9 	 7 
178.20 	 3.0414 	 0.6711 	 9 	 8 
178.30 	 0.0000 	 0.6711 	 9 	 8 
178.40 	 0.0000 	 0.6723 	 9 	 4 
178.50 	 0.0000 	 0.6720 	 9 	 4 
178.60 	 0.0000 	 0.6750 	 9 	 4 
178.70 	 0.0000 	 0.6763 	 9 	 4 
178.80 	 3.0414 	 0.6783 	 9 	 6 
178.90 	 0.0000 	 0.6817 	 9 	 4 
179.00 	 0.0000 	 0.6845 	 9 	 4 
179.10 	 0.0000 	 0.6872 	 9 	 5 
179.20 	 3.0414 	 0.6887 	 9 	 5 
179.30 	 0.0000 	 0.6912 	 9 	 5 
179.40 	 0.0000 	 0.6903 	 9 	 8 
179.50 	 3.0414 	 0.6891 	 9 	 8 
179.60 	 0.0000 	 0.6878 	 9 	 8 
179.70 	 0.0000 	 0.6869 	 9 	 8 
179.80 	 0.0000 	 0.6849 	 9 	 8 
179.90 	 0.0000 	 0.6843 	 9 	 8 
180.00 	 0.0000 	 0.6853 	 9 	 3 
180.10 	 0.0000 	 0.6866 	 9 	 3 
180.20 	 0.0000 	 0.6870 	 9 	 3 
180.30 	 3.0414 	 0.6890 	 9 	 3 
180.40 	 0.0000 	 0.6894 	 9 	 4 
180.50 	 0.0000 	 0.6900 	 9 	 8 
180.60 	 0.0000 	 0.6901 	 9 	 6 
180.70 	 3.0414 	 0.6893 	 9 	 6 
180.80 	 3.0414 	 0.6873 	 9 	 1 
180.90 	 0.0000 	 0.6884 	 9 	 1 
181.00 	 0.0000 	 0.6869 	 9 	 7 
181.10 	 0.0000 	 0.6857 	 9 	 8 
181.20 	 0.0000 	 0.6833 	 9 	 8 
181.30 	 0.0000 	 0.6838 	 9 	 8 
181.40 	 0.0000 	 0.6821 	 9 	 0 
181.50 	 0.0000 	 0.6788 	 9 	 0 
181.60 	 0.0000 	 0.6763 	 9 	 0 
181.70 	 0.0000 	 0.6748 	 9 	 0 
181.80 	 0.0000 	 0.6740 	 9 	 8 
181.90 	 3.0414 	 0.6725 	 9 	 8 
182.00 	 0.0000 	 0.6719 	 9 	 8 
182.10 	 0.0000 	 0.6699 	 9 	 6 
182.20 	 3.0414 	 0.6707 	 9 	 6 
182.30 	 3.0414 	 0.6711 	 9 	 8 
182.40 	 0.0000 	 0.6706 	 9 	 8 
182.50 	 0.0000 	 0.6697 	 9 	 8 
182.60 	 0.0000 	 0.6675 	 9 	 0 
182.70 	 0.0000 	 0.6651 	 9 	 0 
182.80 	 0.0000 	 0.6627 	 9 	 0 
182.90 	 0.0000 	 0.6610 	 9 	 0 
183.00 	 0.0000 	 0.6558 	 9 	 0 
183.10 	 3.0414 	 0.6537 	 9 	 7 
183.20 	 0.0000 	 0.6510 	 9 	 7 
183.30 	 0.0000 	 0.6483 	 9 	 7 
183.40 	 3.0414 	 0.6470 	 9 	 1 
183.50 	 3.0414 	 0.6444 	 9 	 1 
183.60 	 0.0000 	 0.6448 	 9 	 1 
183.70 	 0.0000 	 0.6426 	 9 	 1 
183.80 	 0.0000 	 0.6410 	 9 	 1 
183.90 	 0.0000 	 0.6395 	 9 	 1 
184.00 	 0.0000 	 0.6411 	 9 	 6 
184.10 	 3.0414 	 0.6395 	 9 	 2 
184.20 	 0.0000 	 0.6395 	 9 	 7 
184.30 	 0.0000 	 0.6393 	 9 	 7 
184.40 	 0.0000 	 0.6385 	 9 	 7 
184.50 	 0.0000 	 0.6381 	 9 	 7 
184.60 	 0.0000 	 0.6364 	 9 	 7 
184.70 	 0.0000 	 0.6372 	 9 	 7 
184.80 	 3.0414 	 0.6375 	 9 	 1 
184.90 	 0.0000 	 0.6354 	 9 	 7 
185.00 	 0.0000 	 0.6366 	 9 	 7 
185.10 	 0.0000 	 0.6347 	 9 	 7 
185.20 	 0.0000 	 0.6354 	 9 	 8 
185.30 	 3.0414 	 0.6377 	 9 	 1 
185.40 	 0.0000 	 0.6379 	 9 	 1 
185.50 	 3.0414 	 0.6388 	 9 	 1 
185.60 	 0.0000 	 0.6385 	 9 	 8 
185.70 	 0.0000 	 0.6403 	 9 	 8 
185.80 	 0.0000 	 0.6405 	 9 	 8 
185.90 	 0.0000 	 0.6404 	 9 	 3 
186.00 	 0.0000 	 0.6372 	 9 	 7 
186.10 	 0.0000 	 0.6359 	 9 	 7 
186.20 	 3.0414 	 0.6362 	 9 	 1 
186.30 	 0.0000 	 0.6328 	 9 	 7 
186.40 	 0.0000 	 0.6327 	 9 	 7 
186.50 	 0.0000 	 0.6328 	 9 	 8 
186.60 	 0.0000 	 0.6347 	 9 	 8 
186.70 	 0.0000 	 0.6329 	 9 	 8 
186.80 	 3.0414 	 0.6327 	 9 	 1 
186.90 	 3.0414 	 0.6313 	 9 	 1 
187.00 	 0.0000 	 0.6336 	 9 	 1 
187.10 	 0.0000 	 0.6329 	 9 	 1 
187.20 	 0.0000 	 0.6325 	 9 	 1 
187.30 	 0.0000 	 0.6343 	 9 	 3 
187.40 	 0.0000 	 0.6342 	 9 	 2 
187.50 	 3.0414 	 0.6346 	 9 	 7 
187.60 	 0.0000 	 0.6344 	 9 	 8 
187.70 	 0.0000 	 0.6342 	 9 	 7 
187.80 	 0.0000 	 0.6362 	 9 	 7 
187.90 	 0.0000 	 0.6361 	 9 	 7 
188.00 	 0.0000 	 0.6352 	 9 	 7 
188.10 	 0.0000 	 0.6370 	 9 	 7 
188.20 	 0.0000 	 0.6379 	 9 	 7 
188.30 	 0.0000 	 0.6370 	 9 	 0 
188.40 	 3.0414 	 0.6374 	 9 	 6 
188.50 	 0.0000 	 0.6369 	 9 	 6 
188.60 	 0.0000 	 0.6365 	 9 	 6 
188.70 	 3.0414 	 0.6365 	 9 	 8 
188.80 	 0.0000 	 0.6359 	 9 	 6 
188.90 	 0.0000 	 0.6370 	 9 	 8 
189.00 	 0.0000 	 0.6383 	 9 	 8 
189.10 	 3.0414 	 0.6391 	 9 	 8 
189.20 	 0.0000 	 0.6393 	 9 	 8 
189.30 	 0.0000 	 0.6426 	 9 	 7 
189.40 	 0.0000 	 0.6433 	 9 	 5 
189.50 	 0.0000 	 0.6441 	 9 	 5 
189.60 	 0.0000 	 0.6450 	 9 	 2 
189.70 	 0.0000 	 0.6458 	 9 	 2 
189.80 	 0.0000 	 0.6460 	 9 	 6 
189.90 	 3.0414 	 0.6471 	 9 	 6 
190.00 	 0.0000 	 0.6483 	 9 	 6 
190.10 	 0.0000 	 0.6480 	 9 	 6 
190.20 	 0.0000 	 0.6474 	 9 	 6 
190.30 	 0.0000 	 0.6493 	 9 	 8 
190.40 	 0.0000 	 0.6490 	 9 	 0 
190.50 	 6.0827 	 0.6487 	 9 	 1 
190.60 	 0.0000 	 0.6480 	 9 	 1 
190.70 	 0.0000 	 0.6478 	 9 	 4 
190.80 	 0.0000 	 0.6486 	 9 	 7 
190.90 	 0.0000 	 0.6500 	 9 	 0 
191.00 	 0.0000 	 0.6516 	 9 	 0 
191.10 	 0.0000 	 0.6535 	 9 	 2 
191.20 	 3.0414 	 0.6540 	 9 	 2 
191.30 	 0.0000 	 0.6564 	 9 	 2 
191.40 	 0.0000 	 0.6578 	 9 	 2 
191.50 	 0.0000 	 0.6597 	 9 	 2 
191.60 	 0.0000 	 0.6603 	 9 	 2 
191.70 	 0.0000 	 0.6606 	 9 	 6 
191.80 	 0.0000 	 0.6621 	 9 	 3 
191.90 	 3.0414 	 0.6637 	 9 	 6 
192.00 	 0.0000 	 0.6640 	 9 	 6 
192.10 	 0.0000 	 0.6657 	 9 	 4 
192.20 	 0.0000 	 0.6662 	 9 	 7 
192.30 	 3.0414 	 0.6671 	 9 	 7 
192.40 	 0.0000 	 0.6662 	 9 	 7 
192.50 	 0.0000 	 0.6671 	 9 	 7 
192.60 	 3.0414 	 0.6665 	 9 	 5 
192.70 	 0.0000 	 0.6663 	 9 	 2 
192.80 	 0.0000 	 0.6664 	 9 	 2 
192.90 	 0.0000 	 0.6687 	 9 	 2 
193.00 	 0.0000 	 0.6676 	 9 	 7 
193.10 	 0.0000 	 0.6687 	 9 	 6 
193.20 	 0.0000 	 0.6685 	 9 	 6 
193.30 	 0.0000 	 0.6687 	 9 	 4 
193.40 	 3.0414 	 0.6694 	 9 	 6 
193.50 	 0.0000 	 0.6680 	 9 	 7 
193.60 	 0.0000 	 0.6657 	 9 	 5 
193.70 	 0.0000 	 0.6641 	 9 	 5 
193.80 	 0.0000 	 0.6577 	 9 	 5 
193.90 	 3.0414 	 0.6562 	 9 	 1 
194.00 	 0.0000 	 0.6537 	 9 	 1 
194.10 	 0.0000 	 0.6516 	 9 	 7 
194.20 	 3.0414 	 0.6491 	 9 	 2 
194.30 	 0.0000 	 0.6477 	 9 	 2 
194.40 	 0.0000 	 0.6457 	 9 	 6 
194.50 	 3.0414 	 0.6441 	 9 	 6 
194.60 	 0.0000 	 0.6438 	 9 	 6 
194.70 	 0.0000 	 0.6424 	 9 	 7 
194.80 	 0.0000 	 0.6415 	 9 	 7 
194.90 	 0.0000 	 0.6413 	 9 	 7 
195.00 	 0.0000 	 0.6405 	 9 	 7 
195.10 	 3.0414 	 0.6423 	 9 	 1 
195.20 	 0.0000 	 0.6421 	 9 	 1 
195.30 	 0.0000 	 0.6431 	 9 	 1 
195.40 	 0.0000 	 0.6419 	 9 	 8 
195.50 	 3.0414 	 0.6410 	 9 	 5 
195.60 	 0.0000 	 0.6405 	 9 	 5 
195.70 	 0.0000 	 0.6410 	 9 	 5 
195.80 	 0.0000 	 0.6396 	 9 	 8 
195.90 	 0.0000 	 0.6381 	 9 	 8 
196.00 	 3.0414 	 0.6346 	 9 	 5 
196.10 	 0.0000 	 0.6347 	 9 	 5 
196.20 	 0.0000 	 0.6332 	 9 	 8 
196.30 	 0.0000 	 0.6324 	 9 	 5 
196.40 	 3.0414 	 0.6291 	 9 	 1 
196.50 	 0.0000 	 0.6281 	 9 	 1 
196.60 	 0.0000 	 0.6301 	 9 	 1 
196.70 	 0.0000 	 0.6289 	 9 	 1 
196.80 	 0.0000 	 0.6290 	 9 	 5 
196.90 	 0.0000 	 0.6290 	 9 	 5 
197.00 	 0.0000 	 0.6311 	 9 	 5 
197.10 	 0.0000 	 0.6285 	 9 	 5 
197.20 	 0.0000 	 0.6296 	 9 	 8 
197.30 	 0.0000 	 0.6300 	 9 	 8 
197.40 	 6.0827 	 0.6317 	 9 	 8 
197.50 	 3.0414 	 0.6310 	 9 	 1 
197.60 	 0.0000 	 0.6327 	 9 	 1 
197.70 	 0.0000 	 0.6324 	 9 	 1 
197.80 	 0.0000 	 0.6324 	 9 	 1 
197.90 	 0.0000 	 0.6330 	 9 	 8 
198.00 	 0.0000 	 0.6341 	 9 	 4 
198.10 	 0.0000 	 0.6353 	 9 	 8 
198.20 	 0.0000 	 0.6361 	 9 	 1 
198.30 	 0.0000 	 0.6377 	 9 	 3 
198.40 	 0.0000 	 0.6391 	 9 	 3 
198.50 	 0.0000 	 0.6394 	 9 	 3 
198.60 	 0.0000 	 0.6406 	 9 	 3 
198.70 	 0.0000 	 0.6421 	 9 	 8 
198.80 	 0.0000 	 0.6413 	 9 	 8 
198.90 	 0.0000 	 0.6424 	 9 	 8 
199.00 	 9.1241 	 0.6421 	 9 	 1 
199.10 	 0.0000 	 0.6425 	 9 	 1 
199.20 	 0.0000 	 0.6431 	 9 	 1 
199.30 	 0.0000 	 0.6442 	 9 	 4 
199.40 	 0.0000 	 0.6462 	 9 	 4 
199.50 	 0.0000 	 0.6467 	 9 	 4 
199.60 	 0.0000 	 0.6461 	 9 	 4 
199.70 	 0.0000 	 0.6478 	 9 	 4 
199.80 	 0.0000 	 0.6474 	 9 	 2 
199.90 	 0.0000 	 0.6483 	 9 	 2 
200.00 	 0.0000 	 0.6494 	 9 	 2 
