# Optimal flow and avg speed dependent on time 
 # Aggressives: 0 
 # Velocity factor: 0.5 
0.10 	 0.0000 	 0.9543 	 6 	 0 
0.20 	 3.3333 	 0.9351 	 6 	 1 
0.30 	 0.0000 	 0.9183 	 6 	 1 
0.40 	 0.0000 	 0.8991 	 6 	 0 
0.50 	 0.0000 	 0.8815 	 7 	 0 
0.60 	 3.3333 	 0.8627 	 7 	 1 
0.70 	 0.0000 	 0.8433 	 7 	 1 
0.80 	 0.0000 	 0.8227 	 7 	 0 
0.90 	 0.0000 	 0.8029 	 7 	 0 
1.00 	 3.3333 	 0.7848 	 7 	 1 
1.10 	 0.0000 	 0.7690 	 7 	 1 
1.20 	 0.0000 	 0.7559 	 7 	 0 
1.30 	 0.0000 	 0.7444 	 7 	 0 
1.40 	 0.0000 	 0.7350 	 7 	 0 
1.50 	 3.3333 	 0.7266 	 7 	 1 
1.60 	 0.0000 	 0.7192 	 7 	 15 
1.70 	 0.0000 	 0.7168 	 7 	 0 
1.80 	 0.0000 	 0.7120 	 7 	 0 
1.90 	 3.3333 	 0.7091 	 7 	 1 
2.00 	 0.0000 	 0.7081 	 7 	 1 
2.10 	 0.0000 	 0.7063 	 7 	 0 
2.20 	 0.0000 	 0.7049 	 7 	 0 
2.30 	 0.0000 	 0.7013 	 7 	 0 
2.40 	 3.3333 	 0.7007 	 7 	 1 
2.50 	 0.0000 	 0.7005 	 7 	 1 
2.60 	 0.0000 	 0.6997 	 7 	 0 
2.70 	 0.0000 	 0.6994 	 7 	 0 
2.80 	 3.3333 	 0.6993 	 7 	 1 
2.90 	 0.0000 	 0.6996 	 7 	 1 
3.00 	 0.0000 	 0.7002 	 7 	 15 
3.10 	 0.0000 	 0.7011 	 7 	 15 
3.20 	 0.0000 	 0.7001 	 7 	 0 
3.30 	 0.0000 	 0.7003 	 7 	 0 
3.40 	 3.3333 	 0.7009 	 7 	 1 
3.50 	 0.0000 	 0.7011 	 7 	 1 
3.60 	 0.0000 	 0.7025 	 7 	 0 
3.70 	 0.0000 	 0.7025 	 7 	 0 
3.80 	 0.0000 	 0.7024 	 7 	 0 
3.90 	 3.3333 	 0.7022 	 7 	 1 
4.00 	 0.0000 	 0.7011 	 8 	 1 
4.10 	 0.0000 	 0.7002 	 8 	 0 
4.20 	 0.0000 	 0.7002 	 8 	 0 
4.30 	 3.3333 	 0.6997 	 8 	 1 
4.40 	 0.0000 	 0.6994 	 8 	 15 
4.50 	 0.0000 	 0.6983 	 8 	 15 
4.60 	 0.0000 	 0.6969 	 8 	 0 
4.70 	 0.0000 	 0.6974 	 8 	 0 
4.80 	 3.3333 	 0.6956 	 8 	 1 
4.90 	 0.0000 	 0.6942 	 8 	 1 
5.00 	 0.0000 	 0.6927 	 8 	 0 
5.10 	 0.0000 	 0.6936 	 8 	 16 
5.20 	 0.0000 	 0.6936 	 8 	 16 
5.30 	 3.3333 	 0.6923 	 8 	 1 
5.40 	 0.0000 	 0.6908 	 8 	 1 
5.50 	 0.0000 	 0.6918 	 8 	 0 
5.60 	 0.0000 	 0.6915 	 8 	 0 
5.70 	 3.3333 	 0.6908 	 8 	 1 
5.80 	 0.0000 	 0.6888 	 8 	 1 
5.90 	 0.0000 	 0.6895 	 8 	 15 
6.00 	 0.0000 	 0.6887 	 8 	 0 
6.10 	 0.0000 	 0.6875 	 8 	 0 
6.20 	 0.0000 	 0.6871 	 8 	 0 
6.30 	 3.3333 	 0.6889 	 8 	 1 
6.40 	 0.0000 	 0.6891 	 8 	 1 
6.50 	 0.0000 	 0.6887 	 8 	 0 
6.60 	 0.0000 	 0.6895 	 8 	 16 
6.70 	 0.0000 	 0.6898 	 8 	 14 
6.80 	 3.3333 	 0.6899 	 8 	 1 
6.90 	 0.0000 	 0.6895 	 8 	 1 
7.00 	 0.0000 	 0.6890 	 8 	 0 
7.10 	 0.0000 	 0.6900 	 8 	 0 
7.20 	 3.3333 	 0.6908 	 8 	 1 
7.30 	 0.0000 	 0.6897 	 8 	 17 
7.40 	 0.0000 	 0.6901 	 8 	 15 
7.50 	 0.0000 	 0.6902 	 8 	 0 
7.60 	 0.0000 	 0.6897 	 9 	 0 
7.70 	 3.3333 	 0.6899 	 9 	 1 
7.80 	 0.0000 	 0.6898 	 9 	 1 
7.90 	 0.0000 	 0.6901 	 9 	 0 
8.00 	 0.0000 	 0.6895 	 9 	 16 
8.10 	 0.0000 	 0.6890 	 9 	 14 
8.20 	 3.3333 	 0.6883 	 9 	 1 
8.30 	 0.0000 	 0.6891 	 9 	 1 
8.40 	 0.0000 	 0.6893 	 9 	 0 
8.50 	 0.0000 	 0.6897 	 9 	 0 
8.60 	 0.0000 	 0.6884 	 9 	 0 
8.70 	 3.3333 	 0.6880 	 9 	 1 
8.80 	 0.0000 	 0.6896 	 9 	 15 
8.90 	 0.0000 	 0.6898 	 9 	 13 
9.00 	 0.0000 	 0.6884 	 9 	 0 
9.10 	 0.0000 	 0.6874 	 9 	 0 
9.20 	 3.3333 	 0.6871 	 9 	 1 
9.30 	 0.0000 	 0.6885 	 9 	 1 
9.40 	 0.0000 	 0.6885 	 9 	 0 
9.50 	 0.0000 	 0.6883 	 9 	 16 
9.60 	 0.0000 	 0.6874 	 9 	 14 
9.70 	 3.3333 	 0.6872 	 9 	 1 
9.80 	 0.0000 	 0.6862 	 9 	 1 
9.90 	 0.0000 	 0.6869 	 9 	 0 
10.00 	 0.0000 	 0.6887 	 9 	 0 
10.10 	 3.3333 	 0.6875 	 9 	 1 
10.20 	 0.0000 	 0.6876 	 9 	 17 
10.30 	 0.0000 	 0.6876 	 9 	 15 
10.40 	 0.0000 	 0.6879 	 9 	 0 
10.50 	 0.0000 	 0.6872 	 9 	 0 
10.60 	 3.3333 	 0.6868 	 9 	 1 
10.70 	 0.0000 	 0.6879 	 9 	 1 
10.80 	 0.0000 	 0.6880 	 9 	 0 
10.90 	 0.0000 	 0.6876 	 9 	 0 
11.00 	 0.0000 	 0.6876 	 9 	 16 
11.10 	 3.3333 	 0.6867 	 9 	 1 
11.20 	 0.0000 	 0.6878 	 10 	 1 
11.30 	 0.0000 	 0.6882 	 10 	 0 
11.40 	 0.0000 	 0.6871 	 10 	 0 
11.50 	 0.0000 	 0.6864 	 10 	 0 
11.60 	 3.3333 	 0.6863 	 10 	 1 
11.70 	 0.0000 	 0.6881 	 10 	 15 
11.80 	 0.0000 	 0.6879 	 10 	 13 
11.90 	 0.0000 	 0.6858 	 10 	 0 
12.00 	 0.0000 	 0.6870 	 10 	 0 
12.10 	 3.3333 	 0.6865 	 10 	 1 
12.20 	 0.0000 	 0.6867 	 10 	 1 
12.30 	 0.0000 	 0.6867 	 10 	 0 
12.40 	 0.0000 	 0.6879 	 10 	 16 
12.50 	 0.0000 	 0.6880 	 10 	 14 
12.60 	 3.3333 	 0.6873 	 10 	 1 
12.70 	 0.0000 	 0.6858 	 10 	 1 
12.80 	 0.0000 	 0.6858 	 10 	 0 
12.90 	 0.0000 	 0.6867 	 10 	 0 
13.00 	 3.3333 	 0.6862 	 10 	 1 
13.10 	 0.0000 	 0.6860 	 10 	 1 
13.20 	 0.0000 	 0.6869 	 10 	 15 
13.30 	 0.0000 	 0.6872 	 10 	 0 
13.40 	 0.0000 	 0.6865 	 10 	 0 
13.50 	 3.3333 	 0.6865 	 10 	 1 
13.60 	 0.0000 	 0.6877 	 10 	 1 
13.70 	 0.0000 	 0.6870 	 10 	 0 
13.80 	 0.0000 	 0.6866 	 10 	 0 
13.90 	 0.0000 	 0.6876 	 10 	 16 
14.00 	 0.0000 	 0.6871 	 10 	 14 
14.10 	 3.3333 	 0.6863 	 10 	 1 
14.20 	 0.0000 	 0.6859 	 10 	 0 
14.30 	 0.0000 	 0.6874 	 10 	 0 
14.40 	 0.0000 	 0.6885 	 10 	 0 
14.50 	 3.3333 	 0.6881 	 10 	 1 
14.60 	 0.0000 	 0.6873 	 10 	 17 
14.70 	 0.0000 	 0.6867 	 10 	 15 
14.80 	 0.0000 	 0.6860 	 11 	 0 
14.90 	 0.0000 	 0.6862 	 11 	 0 
15.00 	 3.3333 	 0.6864 	 11 	 1 
15.10 	 0.0000 	 0.6877 	 11 	 1 
15.20 	 0.0000 	 0.6874 	 11 	 0 
15.30 	 0.0000 	 0.6868 	 11 	 0 
15.40 	 0.0000 	 0.6859 	 11 	 14 
15.50 	 3.3333 	 0.6863 	 11 	 1 
15.60 	 0.0000 	 0.6866 	 11 	 1 
15.70 	 0.0000 	 0.6866 	 11 	 0 
15.80 	 0.0000 	 0.6868 	 11 	 0 
15.90 	 0.0000 	 0.6861 	 11 	 0 
16.00 	 3.3333 	 0.6858 	 11 	 1 
16.10 	 0.0000 	 0.6863 	 11 	 15 
16.20 	 0.0000 	 0.6857 	 11 	 13 
16.30 	 0.0000 	 0.6869 	 11 	 0 
16.40 	 0.0000 	 0.6861 	 11 	 0 
16.50 	 3.3333 	 0.6852 	 11 	 1 
16.60 	 0.0000 	 0.6854 	 11 	 1 
16.70 	 0.0000 	 0.6854 	 11 	 0 
16.80 	 0.0000 	 0.6853 	 11 	 16 
16.90 	 0.0000 	 0.6855 	 11 	 14 
17.00 	 3.3333 	 0.6857 	 11 	 1 
17.10 	 0.0000 	 0.6856 	 11 	 1 
17.20 	 0.0000 	 0.6854 	 11 	 0 
17.30 	 0.0000 	 0.6859 	 11 	 0 
17.40 	 3.3333 	 0.6858 	 11 	 1 
17.50 	 0.0000 	 0.6865 	 11 	 1 
17.60 	 0.0000 	 0.6868 	 11 	 15 
17.70 	 0.0000 	 0.6856 	 11 	 0 
17.80 	 0.0000 	 0.6862 	 11 	 0 
17.90 	 3.3333 	 0.6875 	 11 	 1 
18.00 	 0.0000 	 0.6876 	 11 	 1 
18.10 	 0.0000 	 0.6865 	 11 	 0 
18.20 	 0.0000 	 0.6858 	 11 	 0 
18.30 	 0.0000 	 0.6857 	 11 	 14 
18.40 	 3.3333 	 0.6858 	 12 	 0 
18.50 	 0.0000 	 0.6852 	 12 	 0 
18.60 	 0.0000 	 0.6855 	 12 	 0 
18.70 	 0.0000 	 0.6869 	 12 	 0 
18.80 	 0.0000 	 0.6863 	 12 	 0 
18.90 	 3.3333 	 0.6862 	 12 	 1 
19.00 	 0.0000 	 0.6859 	 12 	 15 
19.10 	 0.0000 	 0.6851 	 12 	 13 
19.20 	 0.0000 	 0.6860 	 12 	 0 
19.30 	 0.0000 	 0.6868 	 12 	 0 
19.40 	 3.3333 	 0.6863 	 12 	 1 
19.50 	 0.0000 	 0.6868 	 12 	 0 
19.60 	 0.0000 	 0.6855 	 12 	 0 
19.70 	 0.0000 	 0.6858 	 12 	 0 
19.80 	 0.0000 	 0.6853 	 12 	 14 
19.90 	 3.3333 	 0.6858 	 12 	 0 
20.00 	 0.0000 	 0.6857 	 12 	 0 
20.10 	 0.0000 	 0.6859 	 12 	 0 
20.20 	 0.0000 	 0.6860 	 12 	 0 
20.30 	 3.3333 	 0.6851 	 12 	 1 
20.40 	 0.0000 	 0.6859 	 12 	 1 
20.50 	 0.0000 	 0.6861 	 12 	 15 
20.60 	 0.0000 	 0.6863 	 12 	 0 
20.70 	 0.0000 	 0.6859 	 12 	 0 
20.80 	 3.3333 	 0.6859 	 12 	 1 
20.90 	 0.0000 	 0.6860 	 12 	 0 
21.00 	 0.0000 	 0.6862 	 12 	 0 
21.10 	 0.0000 	 0.6864 	 12 	 0 
21.20 	 0.0000 	 0.6865 	 12 	 16 
21.30 	 0.0000 	 0.6867 	 12 	 12 
21.40 	 3.3333 	 0.6859 	 12 	 0 
21.50 	 0.0000 	 0.6846 	 12 	 0 
21.60 	 0.0000 	 0.6862 	 12 	 0 
21.70 	 0.0000 	 0.6854 	 12 	 0 
21.80 	 3.3333 	 0.6850 	 12 	 1 
21.90 	 0.0000 	 0.6852 	 12 	 1 
22.00 	 0.0000 	 0.6854 	 13 	 13 
22.10 	 3.3333 	 0.6855 	 13 	 1 
22.20 	 0.0000 	 0.6860 	 13 	 1 
22.30 	 0.0000 	 0.6868 	 13 	 1 
22.40 	 0.0000 	 0.6859 	 13 	 0 
22.50 	 0.0000 	 0.6856 	 13 	 0 
22.60 	 0.0000 	 0.6864 	 13 	 0 
22.70 	 0.0000 	 0.6863 	 13 	 14 
22.80 	 3.3333 	 0.6861 	 13 	 0 
22.90 	 0.0000 	 0.6855 	 13 	 0 
23.00 	 0.0000 	 0.6850 	 13 	 0 
23.10 	 0.0000 	 0.6859 	 13 	 0 
23.20 	 3.3333 	 0.6853 	 13 	 1 
23.30 	 0.0000 	 0.6849 	 13 	 1 
23.40 	 0.0000 	 0.6860 	 13 	 15 
23.50 	 0.0000 	 0.6854 	 13 	 13 
23.60 	 3.3333 	 0.6853 	 13 	 1 
23.70 	 0.0000 	 0.6847 	 13 	 1 
23.80 	 0.0000 	 0.6851 	 13 	 1 
23.90 	 0.0000 	 0.6855 	 13 	 0 
24.00 	 0.0000 	 0.6859 	 13 	 0 
24.10 	 0.0000 	 0.6859 	 13 	 0 
24.20 	 0.0000 	 0.6854 	 13 	 14 
24.30 	 3.3333 	 0.6852 	 13 	 0 
24.40 	 0.0000 	 0.6849 	 13 	 0 
24.50 	 0.0000 	 0.6858 	 13 	 0 
24.60 	 3.3333 	 0.6858 	 13 	 1 
24.70 	 0.0000 	 0.6853 	 13 	 1 
24.80 	 0.0000 	 0.6848 	 13 	 1 
24.90 	 0.0000 	 0.6857 	 13 	 13 
25.00 	 0.0000 	 0.6858 	 13 	 0 
25.10 	 3.3333 	 0.6859 	 13 	 1 
25.20 	 0.0000 	 0.6861 	 13 	 1 
25.30 	 0.0000 	 0.6865 	 13 	 0 
25.40 	 0.0000 	 0.6859 	 13 	 0 
25.50 	 0.0000 	 0.6849 	 13 	 0 
25.60 	 0.0000 	 0.6851 	 14 	 14 
25.70 	 3.3333 	 0.6852 	 14 	 0 
25.80 	 0.0000 	 0.6849 	 14 	 0 
25.90 	 0.0000 	 0.6844 	 14 	 0 
26.00 	 0.0000 	 0.6864 	 14 	 0 
26.10 	 3.3333 	 0.6862 	 14 	 1 
26.20 	 0.0000 	 0.6864 	 14 	 1 
26.30 	 0.0000 	 0.6855 	 14 	 1 
26.40 	 0.0000 	 0.6845 	 14 	 13 
26.50 	 3.3333 	 0.6841 	 14 	 1 
26.60 	 0.0000 	 0.6847 	 14 	 1 
26.70 	 0.0000 	 0.6849 	 14 	 1 
26.80 	 0.0000 	 0.6855 	 14 	 0 
26.90 	 0.0000 	 0.6855 	 14 	 0 
27.00 	 0.0000 	 0.6850 	 14 	 0 
27.10 	 0.0000 	 0.6843 	 14 	 14 
27.20 	 3.3333 	 0.6843 	 14 	 0 
27.30 	 0.0000 	 0.6847 	 14 	 0 
27.40 	 0.0000 	 0.6843 	 14 	 0 
27.50 	 0.0000 	 0.6850 	 14 	 0 
27.60 	 3.3333 	 0.6862 	 14 	 1 
27.70 	 0.0000 	 0.6864 	 14 	 1 
27.80 	 0.0000 	 0.6843 	 14 	 15 
27.90 	 0.0000 	 0.6840 	 14 	 0 
28.00 	 3.3333 	 0.6847 	 14 	 1 
28.10 	 0.0000 	 0.6847 	 14 	 1 
28.20 	 0.0000 	 0.6850 	 14 	 0 
28.30 	 0.0000 	 0.6857 	 14 	 0 
28.40 	 0.0000 	 0.6859 	 14 	 0 
28.50 	 0.0000 	 0.6852 	 14 	 0 
28.60 	 0.0000 	 0.6849 	 14 	 12 
28.70 	 3.3333 	 0.6845 	 14 	 0 
28.80 	 0.0000 	 0.6841 	 14 	 0 
28.90 	 0.0000 	 0.6849 	 14 	 0 
29.00 	 3.3333 	 0.6859 	 14 	 1 
29.10 	 0.0000 	 0.6857 	 14 	 1 
29.20 	 0.0000 	 0.6858 	 14 	 1 
29.30 	 0.0000 	 0.6853 	 15 	 13 
29.40 	 0.0000 	 0.6848 	 15 	 0 
29.50 	 3.3333 	 0.6846 	 15 	 1 
29.60 	 0.0000 	 0.6842 	 15 	 1 
29.70 	 0.0000 	 0.6866 	 15 	 0 
29.80 	 0.0000 	 0.6860 	 15 	 0 
29.90 	 0.0000 	 0.6853 	 15 	 0 
30.00 	 0.0000 	 0.6842 	 15 	 14 
30.10 	 3.3333 	 0.6834 	 15 	 0 
30.20 	 0.0000 	 0.6848 	 15 	 0 
30.30 	 0.0000 	 0.6854 	 15 	 0 
30.40 	 0.0000 	 0.6860 	 15 	 0 
30.50 	 3.3333 	 0.6847 	 15 	 1 
30.60 	 0.0000 	 0.6853 	 15 	 1 
30.70 	 0.0000 	 0.6855 	 15 	 1 
30.80 	 0.0000 	 0.6841 	 15 	 11 
30.90 	 3.3333 	 0.6842 	 15 	 1 
31.00 	 0.0000 	 0.6845 	 15 	 1 
31.10 	 0.0000 	 0.6843 	 15 	 1 
31.20 	 0.0000 	 0.6848 	 15 	 0 
31.30 	 0.0000 	 0.6847 	 15 	 0 
31.40 	 0.0000 	 0.6851 	 15 	 0 
31.50 	 0.0000 	 0.6847 	 15 	 12 
31.60 	 3.3333 	 0.6849 	 15 	 0 
31.70 	 0.0000 	 0.6850 	 15 	 0 
31.80 	 0.0000 	 0.6858 	 15 	 0 
31.90 	 0.0000 	 0.6853 	 15 	 0 
32.00 	 3.3333 	 0.6846 	 15 	 1 
32.10 	 0.0000 	 0.6844 	 15 	 1 
32.20 	 0.0000 	 0.6856 	 15 	 13 
32.30 	 0.0000 	 0.6849 	 15 	 0 
32.40 	 3.3333 	 0.6844 	 15 	 1 
32.50 	 0.0000 	 0.6845 	 15 	 1 
32.60 	 0.0000 	 0.6850 	 15 	 0 
32.70 	 0.0000 	 0.6858 	 15 	 0 
32.80 	 0.0000 	 0.6845 	 15 	 0 
32.90 	 0.0000 	 0.6849 	 15 	 0 
33.00 	 3.3333 	 0.6844 	 16 	 1 
33.10 	 0.0000 	 0.6841 	 16 	 0 
33.20 	 0.0000 	 0.6844 	 16 	 0 
33.30 	 0.0000 	 0.6855 	 16 	 0 
33.40 	 3.3333 	 0.6852 	 16 	 1 
33.50 	 0.0000 	 0.6853 	 16 	 1 
33.60 	 0.0000 	 0.6847 	 16 	 1 
33.70 	 0.0000 	 0.6848 	 16 	 13 
33.80 	 0.0000 	 0.6848 	 16 	 0 
33.90 	 3.3333 	 0.6851 	 16 	 1 
34.00 	 0.0000 	 0.6843 	 16 	 1 
34.10 	 0.0000 	 0.6852 	 16 	 0 
34.20 	 0.0000 	 0.6854 	 16 	 0 
34.30 	 0.0000 	 0.6850 	 16 	 0 
34.40 	 0.0000 	 0.6845 	 16 	 14 
34.50 	 3.3333 	 0.6852 	 16 	 0 
34.60 	 0.0000 	 0.6848 	 16 	 0 
34.70 	 0.0000 	 0.6846 	 16 	 0 
34.80 	 0.0000 	 0.6846 	 16 	 0 
34.90 	 3.3333 	 0.6851 	 16 	 1 
35.00 	 0.0000 	 0.6851 	 16 	 1 
35.10 	 0.0000 	 0.6857 	 16 	 1 
35.20 	 0.0000 	 0.6852 	 16 	 0 
35.30 	 3.3333 	 0.6847 	 16 	 1 
35.40 	 0.0000 	 0.6844 	 16 	 1 
35.50 	 0.0000 	 0.6839 	 16 	 1 
35.60 	 0.0000 	 0.6845 	 16 	 0 
35.70 	 0.0000 	 0.6847 	 16 	 0 
35.80 	 0.0000 	 0.6849 	 16 	 0 
35.90 	 0.0000 	 0.6854 	 16 	 12 
36.00 	 3.3333 	 0.6861 	 16 	 0 
36.10 	 0.0000 	 0.6856 	 16 	 0 
36.20 	 0.0000 	 0.6851 	 16 	 0 
36.30 	 3.3333 	 0.6837 	 16 	 1 
36.40 	 0.0000 	 0.6838 	 16 	 1 
36.50 	 0.0000 	 0.6842 	 16 	 1 
36.60 	 0.0000 	 0.6848 	 17 	 13 
36.70 	 0.0000 	 0.6859 	 17 	 0 
36.80 	 3.3333 	 0.6848 	 17 	 1 
36.90 	 0.0000 	 0.6848 	 17 	 1 
37.00 	 0.0000 	 0.6848 	 17 	 0 
37.10 	 0.0000 	 0.6847 	 17 	 0 
37.20 	 0.0000 	 0.6838 	 17 	 0 
37.30 	 0.0000 	 0.6842 	 17 	 14 
37.40 	 3.3333 	 0.6860 	 17 	 0 
37.50 	 0.0000 	 0.6862 	 17 	 0 
37.60 	 0.0000 	 0.6868 	 17 	 0 
37.70 	 0.0000 	 0.6856 	 17 	 0 
37.80 	 3.3333 	 0.6838 	 17 	 1 
37.90 	 0.0000 	 0.6842 	 17 	 1 
38.00 	 0.0000 	 0.6848 	 17 	 1 
38.10 	 0.0000 	 0.6852 	 17 	 11 
38.20 	 3.3333 	 0.6849 	 17 	 1 
38.30 	 0.0000 	 0.6863 	 17 	 1 
38.40 	 0.0000 	 0.6865 	 17 	 1 
38.50 	 0.0000 	 0.6859 	 17 	 0 
38.60 	 0.0000 	 0.6842 	 17 	 0 
38.70 	 0.0000 	 0.6843 	 17 	 0 
38.80 	 0.0000 	 0.6848 	 17 	 12 
38.90 	 3.3333 	 0.6850 	 17 	 0 
39.00 	 0.0000 	 0.6843 	 17 	 0 
39.10 	 0.0000 	 0.6844 	 17 	 0 
39.20 	 0.0000 	 0.6848 	 17 	 0 
39.30 	 3.3333 	 0.6849 	 17 	 1 
39.40 	 0.0000 	 0.6864 	 17 	 1 
39.50 	 0.0000 	 0.6853 	 17 	 13 
39.60 	 0.0000 	 0.6849 	 17 	 0 
39.70 	 3.3333 	 0.6844 	 17 	 1 
39.80 	 0.0000 	 0.6844 	 17 	 1 
39.90 	 0.0000 	 0.6855 	 17 	 0 
40.00 	 0.0000 	 0.6850 	 17 	 0 
40.10 	 0.0000 	 0.6852 	 17 	 0 
40.20 	 0.0000 	 0.6841 	 17 	 0 
40.30 	 3.3333 	 0.6850 	 18 	 1 
40.40 	 0.0000 	 0.6847 	 18 	 0 
40.50 	 0.0000 	 0.6842 	 18 	 0 
40.60 	 0.0000 	 0.6849 	 18 	 0 
40.70 	 3.3333 	 0.6854 	 18 	 1 
40.80 	 0.0000 	 0.6857 	 18 	 1 
40.90 	 0.0000 	 0.6853 	 18 	 1 
41.00 	 0.0000 	 0.6849 	 18 	 13 
41.10 	 0.0000 	 0.6837 	 18 	 0 
41.20 	 3.3333 	 0.6836 	 18 	 1 
41.30 	 0.0000 	 0.6839 	 18 	 1 
41.40 	 0.0000 	 0.6851 	 18 	 0 
41.50 	 0.0000 	 0.6848 	 18 	 0 
41.60 	 0.0000 	 0.6847 	 18 	 0 
41.70 	 0.0000 	 0.6845 	 18 	 12 
41.80 	 3.3333 	 0.6843 	 18 	 0 
41.90 	 0.0000 	 0.6849 	 18 	 0 
42.00 	 0.0000 	 0.6843 	 18 	 0 
42.10 	 0.0000 	 0.6851 	 18 	 0 
42.20 	 3.3333 	 0.6847 	 18 	 1 
42.30 	 0.0000 	 0.6844 	 18 	 1 
42.40 	 0.0000 	 0.6850 	 18 	 1 
42.50 	 0.0000 	 0.6843 	 18 	 0 
42.60 	 3.3333 	 0.6850 	 18 	 1 
42.70 	 0.0000 	 0.6848 	 18 	 1 
42.80 	 0.0000 	 0.6850 	 18 	 1 
42.90 	 0.0000 	 0.6848 	 18 	 0 
43.00 	 0.0000 	 0.6850 	 18 	 0 
43.10 	 0.0000 	 0.6839 	 18 	 0 
43.20 	 0.0000 	 0.6850 	 18 	 12 
43.30 	 3.3333 	 0.6856 	 18 	 0 
43.40 	 0.0000 	 0.6853 	 18 	 0 
43.50 	 0.0000 	 0.6853 	 18 	 0 
43.60 	 0.0000 	 0.6855 	 18 	 0 
43.70 	 3.3333 	 0.6848 	 18 	 1 
43.80 	 0.0000 	 0.6851 	 18 	 1 
43.90 	 0.0000 	 0.6843 	 18 	 13 
44.00 	 0.0000 	 0.6849 	 19 	 0 
44.10 	 3.3333 	 0.6854 	 19 	 1 
44.20 	 0.0000 	 0.6854 	 19 	 1 
44.30 	 0.0000 	 0.6858 	 19 	 0 
44.40 	 0.0000 	 0.6853 	 19 	 0 
44.50 	 0.0000 	 0.6857 	 19 	 0 
44.60 	 0.0000 	 0.6852 	 19 	 0 
44.70 	 3.3333 	 0.6844 	 19 	 1 
44.80 	 0.0000 	 0.6838 	 19 	 0 
44.90 	 0.0000 	 0.6857 	 19 	 0 
45.00 	 0.0000 	 0.6864 	 19 	 0 
45.10 	 3.3333 	 0.6855 	 19 	 1 
45.20 	 0.0000 	 0.6836 	 19 	 1 
45.30 	 0.0000 	 0.6837 	 19 	 1 
45.40 	 0.0000 	 0.6840 	 19 	 11 
45.50 	 3.3333 	 0.6852 	 19 	 1 
45.60 	 0.0000 	 0.6851 	 19 	 1 
45.70 	 0.0000 	 0.6845 	 19 	 1 
45.80 	 0.0000 	 0.6848 	 19 	 0 
45.90 	 0.0000 	 0.6849 	 19 	 0 
46.00 	 0.0000 	 0.6849 	 19 	 0 
46.10 	 0.0000 	 0.6847 	 19 	 12 
46.20 	 3.3333 	 0.6843 	 19 	 0 
46.30 	 0.0000 	 0.6849 	 19 	 0 
46.40 	 0.0000 	 0.6857 	 19 	 0 
46.50 	 0.0000 	 0.6857 	 19 	 0 
46.60 	 3.3333 	 0.6851 	 19 	 1 
46.70 	 0.0000 	 0.6848 	 19 	 1 
46.80 	 0.0000 	 0.6849 	 19 	 1 
46.90 	 0.0000 	 0.6844 	 19 	 0 
47.00 	 3.3333 	 0.6854 	 19 	 1 
47.10 	 0.0000 	 0.6853 	 19 	 1 
47.20 	 0.0000 	 0.6852 	 19 	 1 
47.30 	 0.0000 	 0.6847 	 19 	 0 
47.40 	 0.0000 	 0.6846 	 19 	 0 
47.50 	 0.0000 	 0.6847 	 19 	 0 
47.60 	 3.3333 	 0.6852 	 19 	 1 
47.70 	 0.0000 	 0.6858 	 0 	 0 
47.80 	 0.0000 	 0.6852 	 0 	 0 
47.90 	 0.0000 	 0.6849 	 0 	 0 
48.00 	 3.3333 	 0.6843 	 0 	 1 
48.10 	 0.0000 	 0.6851 	 0 	 1 
48.20 	 0.0000 	 0.6855 	 0 	 1 
48.30 	 0.0000 	 0.6852 	 0 	 11 
48.40 	 0.0000 	 0.6840 	 0 	 0 
48.50 	 3.3333 	 0.6848 	 0 	 1 
48.60 	 0.0000 	 0.6866 	 0 	 1 
48.70 	 0.0000 	 0.6864 	 0 	 0 
48.80 	 0.0000 	 0.6858 	 0 	 0 
48.90 	 0.0000 	 0.6843 	 0 	 0 
49.00 	 0.0000 	 0.6840 	 0 	 12 
49.10 	 3.3333 	 0.6842 	 0 	 0 
49.20 	 0.0000 	 0.6853 	 0 	 0 
49.30 	 0.0000 	 0.6845 	 0 	 0 
49.40 	 0.0000 	 0.6845 	 0 	 0 
49.50 	 3.3333 	 0.6852 	 0 	 1 
49.60 	 0.0000 	 0.6842 	 0 	 1 
49.70 	 0.0000 	 0.6851 	 0 	 1 
49.80 	 0.0000 	 0.6857 	 0 	 0 
49.90 	 3.3333 	 0.6852 	 0 	 1 
50.00 	 0.0000 	 0.6851 	 0 	 1 
50.10 	 0.0000 	 0.6839 	 0 	 1 
50.20 	 0.0000 	 0.6838 	 0 	 0 
50.30 	 0.0000 	 0.6842 	 0 	 0 
50.40 	 0.0000 	 0.6850 	 0 	 0 
50.50 	 0.0000 	 0.6852 	 0 	 12 
50.60 	 3.3333 	 0.6848 	 0 	 0 
50.70 	 0.0000 	 0.6848 	 0 	 0 
50.80 	 0.0000 	 0.6847 	 0 	 0 
50.90 	 0.0000 	 0.6851 	 0 	 0 
51.00 	 3.3333 	 0.6846 	 0 	 1 
51.10 	 0.0000 	 0.6846 	 0 	 1 
51.20 	 0.0000 	 0.6865 	 0 	 13 
51.30 	 0.0000 	 0.6852 	 0 	 0 
51.40 	 3.3333 	 0.6841 	 1 	 1 
51.50 	 0.0000 	 0.6835 	 1 	 1 
51.60 	 0.0000 	 0.6850 	 1 	 0 
51.70 	 0.0000 	 0.6851 	 1 	 0 
51.80 	 0.0000 	 0.6854 	 1 	 0 
51.90 	 0.0000 	 0.6854 	 1 	 0 
52.00 	 3.3333 	 0.6849 	 1 	 1 
52.10 	 0.0000 	 0.6839 	 1 	 0 
52.20 	 0.0000 	 0.6844 	 1 	 0 
52.30 	 0.0000 	 0.6842 	 1 	 0 
52.40 	 3.3333 	 0.6843 	 1 	 1 
52.50 	 0.0000 	 0.6847 	 1 	 1 
52.60 	 0.0000 	 0.6854 	 1 	 1 
52.70 	 0.0000 	 0.6857 	 1 	 0 
52.80 	 3.3333 	 0.6838 	 1 	 1 
52.90 	 0.0000 	 0.6834 	 1 	 1 
53.00 	 0.0000 	 0.6844 	 1 	 1 
53.10 	 0.0000 	 0.6863 	 1 	 0 
53.20 	 0.0000 	 0.6861 	 1 	 0 
53.30 	 0.0000 	 0.6852 	 1 	 0 
53.40 	 0.0000 	 0.6836 	 1 	 12 
53.50 	 3.3333 	 0.6841 	 1 	 0 
53.60 	 0.0000 	 0.6845 	 1 	 0 
53.70 	 0.0000 	 0.6844 	 1 	 0 
53.80 	 0.0000 	 0.6844 	 1 	 0 
53.90 	 3.3333 	 0.6865 	 1 	 1 
54.00 	 0.0000 	 0.6856 	 1 	 1 
54.10 	 0.0000 	 0.6855 	 1 	 1 
54.20 	 0.0000 	 0.6842 	 1 	 0 
54.30 	 3.3333 	 0.6839 	 1 	 1 
54.40 	 0.0000 	 0.6840 	 1 	 1 
54.50 	 0.0000 	 0.6861 	 1 	 1 
54.60 	 0.0000 	 0.6864 	 1 	 0 
54.70 	 0.0000 	 0.6859 	 1 	 0 
54.80 	 0.0000 	 0.6853 	 1 	 0 
54.90 	 3.3333 	 0.6846 	 1 	 1 
55.00 	 0.0000 	 0.6838 	 1 	 0 
55.10 	 0.0000 	 0.6846 	 2 	 0 
55.20 	 0.0000 	 0.6865 	 2 	 0 
55.30 	 3.3333 	 0.6858 	 2 	 1 
55.40 	 0.0000 	 0.6844 	 2 	 1 
55.50 	 0.0000 	 0.6848 	 2 	 1 
55.60 	 0.0000 	 0.6852 	 2 	 11 
55.70 	 0.0000 	 0.6856 	 2 	 0 
55.80 	 3.3333 	 0.6852 	 2 	 1 
55.90 	 0.0000 	 0.6843 	 2 	 1 
56.00 	 0.0000 	 0.6841 	 2 	 0 
56.10 	 0.0000 	 0.6840 	 2 	 0 
56.20 	 0.0000 	 0.6853 	 2 	 0 
56.30 	 0.0000 	 0.6861 	 2 	 0 
56.40 	 3.3333 	 0.6855 	 2 	 1 
56.50 	 0.0000 	 0.6859 	 2 	 0 
56.60 	 0.0000 	 0.6849 	 2 	 0 
56.70 	 0.0000 	 0.6852 	 2 	 0 
56.80 	 3.3333 	 0.6847 	 2 	 1 
56.90 	 0.0000 	 0.6850 	 2 	 1 
57.00 	 0.0000 	 0.6848 	 2 	 1 
57.10 	 0.0000 	 0.6851 	 2 	 0 
57.20 	 3.3333 	 0.6850 	 2 	 1 
57.30 	 0.0000 	 0.6836 	 2 	 1 
57.40 	 0.0000 	 0.6851 	 2 	 1 
57.50 	 0.0000 	 0.6848 	 2 	 0 
57.60 	 0.0000 	 0.6851 	 2 	 0 
57.70 	 0.0000 	 0.6853 	 2 	 0 
57.80 	 0.0000 	 0.6850 	 2 	 10 
57.90 	 3.3333 	 0.6850 	 2 	 0 
58.00 	 0.0000 	 0.6846 	 2 	 0 
58.10 	 0.0000 	 0.6844 	 2 	 0 
58.20 	 0.0000 	 0.6853 	 2 	 0 
58.30 	 3.3333 	 0.6850 	 2 	 1 
58.40 	 0.0000 	 0.6841 	 2 	 1 
58.50 	 0.0000 	 0.6844 	 2 	 13 
58.60 	 0.0000 	 0.6846 	 2 	 0 
58.70 	 3.3333 	 0.6850 	 3 	 1 
58.80 	 0.0000 	 0.6843 	 3 	 1 
58.90 	 0.0000 	 0.6854 	 3 	 1 
59.00 	 0.0000 	 0.6841 	 3 	 0 
59.10 	 0.0000 	 0.6841 	 3 	 0 
59.20 	 0.0000 	 0.6843 	 3 	 0 
59.30 	 3.3333 	 0.6855 	 3 	 1 
59.40 	 0.0000 	 0.6852 	 3 	 0 
59.50 	 0.0000 	 0.6849 	 3 	 0 
59.60 	 0.0000 	 0.6849 	 3 	 0 
59.70 	 3.3333 	 0.6840 	 3 	 1 
59.80 	 0.0000 	 0.6840 	 3 	 1 
59.90 	 0.0000 	 0.6855 	 3 	 1 
60.00 	 0.0000 	 0.6858 	 3 	 11 
60.10 	 3.3333 	 0.6852 	 3 	 1 
60.20 	 0.0000 	 0.6855 	 3 	 1 
60.30 	 0.0000 	 0.6847 	 3 	 1 
60.40 	 0.0000 	 0.6841 	 3 	 0 
60.50 	 0.0000 	 0.6848 	 3 	 0 
60.60 	 0.0000 	 0.6842 	 3 	 0 
60.70 	 0.0000 	 0.6835 	 3 	 12 
60.80 	 3.3333 	 0.6854 	 3 	 0 
60.90 	 0.0000 	 0.6847 	 3 	 0 
61.00 	 0.0000 	 0.6850 	 3 	 0 
61.10 	 0.0000 	 0.6851 	 3 	 0 
61.20 	 3.3333 	 0.6836 	 3 	 1 
61.30 	 0.0000 	 0.6844 	 3 	 1 
61.40 	 0.0000 	 0.6853 	 3 	 1 
61.50 	 0.0000 	 0.6864 	 3 	 0 
61.60 	 3.3333 	 0.6857 	 3 	 1 
61.70 	 0.0000 	 0.6857 	 3 	 1 
61.80 	 0.0000 	 0.6860 	 3 	 1 
61.90 	 0.0000 	 0.6848 	 3 	 0 
62.00 	 0.0000 	 0.6841 	 3 	 0 
62.10 	 0.0000 	 0.6852 	 3 	 0 
62.20 	 3.3333 	 0.6858 	 3 	 1 
62.30 	 0.0000 	 0.6844 	 3 	 0 
62.40 	 0.0000 	 0.6840 	 4 	 0 
62.50 	 0.0000 	 0.6838 	 4 	 0 
62.60 	 3.3333 	 0.6847 	 4 	 1 
62.70 	 0.0000 	 0.6850 	 4 	 1 
62.80 	 0.0000 	 0.6844 	 4 	 1 
62.90 	 0.0000 	 0.6854 	 4 	 11 
63.00 	 0.0000 	 0.6847 	 4 	 0 
63.10 	 3.3333 	 0.6856 	 4 	 1 
63.20 	 0.0000 	 0.6844 	 4 	 1 
63.30 	 0.0000 	 0.6851 	 4 	 0 
63.40 	 0.0000 	 0.6842 	 4 	 0 
63.50 	 0.0000 	 0.6842 	 4 	 0 
63.60 	 0.0000 	 0.6848 	 4 	 0 
63.70 	 3.3333 	 0.6854 	 4 	 1 
63.80 	 0.0000 	 0.6848 	 4 	 0 
63.90 	 0.0000 	 0.6848 	 4 	 0 
64.00 	 0.0000 	 0.6857 	 4 	 0 
64.10 	 3.3333 	 0.6853 	 4 	 1 
64.20 	 0.0000 	 0.6846 	 4 	 1 
64.30 	 0.0000 	 0.6849 	 4 	 1 
64.40 	 0.0000 	 0.6855 	 4 	 0 
64.50 	 3.3333 	 0.6849 	 4 	 1 
64.60 	 0.0000 	 0.6849 	 4 	 1 
64.70 	 0.0000 	 0.6847 	 4 	 1 
64.80 	 0.0000 	 0.6852 	 4 	 0 
64.90 	 0.0000 	 0.6841 	 4 	 0 
65.00 	 0.0000 	 0.6847 	 4 	 0 
65.10 	 0.0000 	 0.6851 	 4 	 10 
65.20 	 3.3333 	 0.6853 	 4 	 0 
65.30 	 0.0000 	 0.6847 	 4 	 0 
65.40 	 0.0000 	 0.6852 	 4 	 0 
65.50 	 0.0000 	 0.6842 	 4 	 0 
65.60 	 3.3333 	 0.6844 	 4 	 1 
65.70 	 0.0000 	 0.6847 	 4 	 1 
65.80 	 0.0000 	 0.6849 	 4 	 1 
65.90 	 0.0000 	 0.6855 	 4 	 0 
66.00 	 3.3333 	 0.6845 	 5 	 1 
66.10 	 0.0000 	 0.6847 	 5 	 1 
66.20 	 0.0000 	 0.6842 	 5 	 0 
66.30 	 0.0000 	 0.6849 	 5 	 0 
66.40 	 0.0000 	 0.6848 	 5 	 0 
66.50 	 0.0000 	 0.6847 	 5 	 0 
66.60 	 3.3333 	 0.6847 	 5 	 1 
66.70 	 0.0000 	 0.6853 	 5 	 0 
66.80 	 0.0000 	 0.6856 	 5 	 0 
66.90 	 0.0000 	 0.6850 	 5 	 0 
67.00 	 3.3333 	 0.6850 	 5 	 1 
67.10 	 0.0000 	 0.6845 	 5 	 1 
67.20 	 0.0000 	 0.6852 	 5 	 1 
67.30 	 0.0000 	 0.6855 	 5 	 9 
67.40 	 3.3333 	 0.6851 	 5 	 1 
67.50 	 0.0000 	 0.6857 	 5 	 1 
67.60 	 0.0000 	 0.6854 	 5 	 1 
67.70 	 0.0000 	 0.6854 	 5 	 0 
67.80 	 0.0000 	 0.6837 	 5 	 0 
67.90 	 0.0000 	 0.6841 	 5 	 0 
68.00 	 0.0000 	 0.6848 	 5 	 12 
68.10 	 3.3333 	 0.6857 	 5 	 0 
68.20 	 0.0000 	 0.6849 	 5 	 0 
68.30 	 0.0000 	 0.6848 	 5 	 0 
68.40 	 0.0000 	 0.6849 	 5 	 0 
68.50 	 3.3333 	 0.6849 	 5 	 1 
68.60 	 0.0000 	 0.6845 	 5 	 1 
68.70 	 0.0000 	 0.6850 	 5 	 1 
68.80 	 0.0000 	 0.6850 	 5 	 0 
68.90 	 3.3333 	 0.6855 	 5 	 1 
69.00 	 0.0000 	 0.6846 	 5 	 1 
69.10 	 0.0000 	 0.6853 	 5 	 1 
69.20 	 0.0000 	 0.6849 	 5 	 0 
69.30 	 0.0000 	 0.6851 	 5 	 0 
69.40 	 0.0000 	 0.6861 	 5 	 0 
69.50 	 3.3333 	 0.6848 	 5 	 1 
69.60 	 0.0000 	 0.6839 	 6 	 0 
69.70 	 0.0000 	 0.6848 	 6 	 0 
69.80 	 0.0000 	 0.6862 	 6 	 0 
69.90 	 3.3333 	 0.6856 	 6 	 1 
70.00 	 0.0000 	 0.6853 	 6 	 1 
70.10 	 0.0000 	 0.6842 	 6 	 1 
70.20 	 0.0000 	 0.6842 	 6 	 11 
70.30 	 0.0000 	 0.6841 	 6 	 0 
70.40 	 3.3333 	 0.6839 	 6 	 1 
70.50 	 0.0000 	 0.6855 	 6 	 1 
70.60 	 0.0000 	 0.6857 	 6 	 0 
70.70 	 0.0000 	 0.6846 	 6 	 0 
70.80 	 0.0000 	 0.6853 	 6 	 0 
70.90 	 0.0000 	 0.6849 	 6 	 0 
71.00 	 3.3333 	 0.6845 	 6 	 1 
71.10 	 0.0000 	 0.6852 	 6 	 0 
71.20 	 0.0000 	 0.6858 	 6 	 0 
71.30 	 0.0000 	 0.6854 	 6 	 0 
71.40 	 3.3333 	 0.6844 	 6 	 1 
71.50 	 0.0000 	 0.6854 	 6 	 1 
71.60 	 0.0000 	 0.6858 	 6 	 1 
71.70 	 0.0000 	 0.6850 	 6 	 0 
71.80 	 3.3333 	 0.6845 	 6 	 1 
71.90 	 0.0000 	 0.6844 	 6 	 1 
72.00 	 0.0000 	 0.6858 	 6 	 1 
72.10 	 0.0000 	 0.6843 	 6 	 0 
72.20 	 0.0000 	 0.6841 	 6 	 0 
72.30 	 0.0000 	 0.6845 	 6 	 0 
72.40 	 0.0000 	 0.6849 	 6 	 10 
72.50 	 3.3333 	 0.6848 	 6 	 0 
72.60 	 0.0000 	 0.6857 	 6 	 0 
72.70 	 0.0000 	 0.6854 	 6 	 0 
72.80 	 0.0000 	 0.6851 	 6 	 0 
72.90 	 3.3333 	 0.6847 	 6 	 1 
73.00 	 0.0000 	 0.6841 	 6 	 1 
73.10 	 0.0000 	 0.6848 	 6 	 1 
73.20 	 0.0000 	 0.6846 	 7 	 0 
73.30 	 3.3333 	 0.6849 	 7 	 1 
73.40 	 0.0000 	 0.6846 	 7 	 1 
73.50 	 0.0000 	 0.6852 	 7 	 0 
73.60 	 0.0000 	 0.6853 	 7 	 0 
73.70 	 0.0000 	 0.6840 	 7 	 0 
73.80 	 0.0000 	 0.6845 	 7 	 0 
73.90 	 3.3333 	 0.6842 	 7 	 1 
74.00 	 0.0000 	 0.6845 	 7 	 0 
74.10 	 0.0000 	 0.6848 	 7 	 0 
74.20 	 0.0000 	 0.6849 	 7 	 0 
74.30 	 3.3333 	 0.6840 	 7 	 1 
74.40 	 0.0000 	 0.6839 	 7 	 1 
74.50 	 0.0000 	 0.6853 	 7 	 1 
74.60 	 0.0000 	 0.6853 	 7 	 0 
74.70 	 3.3333 	 0.6845 	 7 	 1 
74.80 	 0.0000 	 0.6849 	 7 	 1 
74.90 	 0.0000 	 0.6861 	 7 	 1 
75.00 	 0.0000 	 0.6861 	 7 	 0 
75.10 	 0.0000 	 0.6854 	 7 	 0 
75.20 	 0.0000 	 0.6839 	 7 	 0 
75.30 	 0.0000 	 0.6844 	 7 	 0 
75.40 	 3.3333 	 0.6841 	 7 	 0 
75.50 	 0.0000 	 0.6844 	 7 	 0 
75.60 	 0.0000 	 0.6841 	 7 	 0 
75.70 	 0.0000 	 0.6854 	 7 	 0 
75.80 	 3.3333 	 0.6863 	 7 	 1 
75.90 	 0.0000 	 0.6851 	 7 	 1 
76.00 	 0.0000 	 0.6843 	 7 	 1 
76.10 	 0.0000 	 0.6845 	 7 	 0 
76.20 	 3.3333 	 0.6840 	 7 	 1 
76.30 	 0.0000 	 0.6854 	 7 	 1 
76.40 	 0.0000 	 0.6869 	 7 	 1 
76.50 	 0.0000 	 0.6870 	 7 	 0 
76.60 	 0.0000 	 0.6852 	 7 	 0 
76.70 	 0.0000 	 0.6834 	 7 	 0 
76.80 	 3.3333 	 0.6837 	 7 	 1 
76.90 	 0.0000 	 0.6843 	 8 	 0 
77.00 	 0.0000 	 0.6855 	 8 	 0 
77.10 	 0.0000 	 0.6850 	 8 	 0 
77.20 	 3.3333 	 0.6854 	 8 	 1 
77.30 	 0.0000 	 0.6848 	 8 	 1 
77.40 	 0.0000 	 0.6849 	 8 	 1 
77.50 	 0.0000 	 0.6857 	 8 	 11 
77.60 	 0.0000 	 0.6851 	 8 	 0 
77.70 	 3.3333 	 0.6866 	 8 	 1 
77.80 	 0.0000 	 0.6857 	 8 	 1 
77.90 	 0.0000 	 0.6852 	 8 	 0 
78.00 	 0.0000 	 0.6842 	 8 	 0 
78.10 	 0.0000 	 0.6848 	 8 	 0 
78.20 	 0.0000 	 0.6856 	 8 	 0 
78.30 	 3.3333 	 0.6854 	 8 	 1 
78.40 	 0.0000 	 0.6851 	 8 	 0 
78.50 	 0.0000 	 0.6858 	 8 	 0 
78.60 	 0.0000 	 0.6858 	 8 	 0 
78.70 	 3.3333 	 0.6857 	 8 	 1 
78.80 	 0.0000 	 0.6845 	 8 	 1 
78.90 	 0.0000 	 0.6845 	 8 	 1 
79.00 	 0.0000 	 0.6852 	 8 	 0 
79.10 	 3.3333 	 0.6863 	 8 	 1 
79.20 	 0.0000 	 0.6865 	 8 	 1 
79.30 	 0.0000 	 0.6850 	 8 	 1 
79.40 	 0.0000 	 0.6840 	 8 	 0 
79.50 	 0.0000 	 0.6838 	 8 	 0 
79.60 	 0.0000 	 0.6847 	 8 	 0 
79.70 	 0.0000 	 0.6867 	 8 	 10 
79.80 	 3.3333 	 0.6862 	 8 	 0 
79.90 	 0.0000 	 0.6859 	 8 	 0 
80.00 	 0.0000 	 0.6850 	 8 	 0 
80.10 	 0.0000 	 0.6840 	 8 	 0 
80.20 	 3.3333 	 0.6851 	 8 	 1 
80.30 	 0.0000 	 0.6847 	 8 	 1 
80.40 	 0.0000 	 0.6865 	 8 	 1 
80.50 	 0.0000 	 0.6852 	 9 	 0 
80.60 	 3.3333 	 0.6857 	 9 	 1 
80.70 	 0.0000 	 0.6847 	 9 	 1 
80.80 	 0.0000 	 0.6842 	 9 	 1 
80.90 	 0.0000 	 0.6843 	 9 	 0 
81.00 	 0.0000 	 0.6847 	 9 	 0 
81.10 	 0.0000 	 0.6856 	 9 	 0 
81.20 	 3.3333 	 0.6855 	 9 	 1 
81.30 	 0.0000 	 0.6847 	 9 	 0 
81.40 	 0.0000 	 0.6853 	 9 	 0 
81.50 	 0.0000 	 0.6851 	 9 	 0 
81.60 	 3.3333 	 0.6846 	 9 	 1 
81.70 	 0.0000 	 0.6834 	 9 	 1 
81.80 	 0.0000 	 0.6840 	 9 	 1 
81.90 	 0.0000 	 0.6849 	 9 	 9 
82.00 	 3.3333 	 0.6858 	 9 	 1 
82.10 	 0.0000 	 0.6848 	 9 	 1 
82.20 	 0.0000 	 0.6844 	 9 	 1 
82.30 	 0.0000 	 0.6844 	 9 	 0 
82.40 	 0.0000 	 0.6843 	 9 	 0 
82.50 	 0.0000 	 0.6840 	 9 	 0 
82.60 	 0.0000 	 0.6842 	 9 	 0 
82.70 	 3.3333 	 0.6839 	 9 	 0 
82.80 	 0.0000 	 0.6849 	 9 	 0 
82.90 	 0.0000 	 0.6850 	 9 	 0 
83.00 	 0.0000 	 0.6859 	 9 	 0 
83.10 	 3.3333 	 0.6853 	 9 	 1 
83.20 	 0.0000 	 0.6855 	 9 	 1 
83.30 	 0.0000 	 0.6850 	 9 	 1 
83.40 	 0.0000 	 0.6853 	 9 	 0 
83.50 	 3.3333 	 0.6848 	 9 	 1 
83.60 	 0.0000 	 0.6850 	 9 	 1 
83.70 	 0.0000 	 0.6857 	 9 	 1 
83.80 	 0.0000 	 0.6850 	 9 	 0 
83.90 	 0.0000 	 0.6857 	 9 	 0 
84.00 	 0.0000 	 0.6855 	 9 	 0 
84.10 	 3.3333 	 0.6847 	 10 	 8 
84.20 	 0.0000 	 0.6845 	 10 	 0 
84.30 	 0.0000 	 0.6847 	 10 	 0 
84.40 	 0.0000 	 0.6852 	 10 	 0 
84.50 	 3.3333 	 0.6859 	 10 	 1 
84.60 	 0.0000 	 0.6859 	 10 	 1 
84.70 	 0.0000 	 0.6854 	 10 	 1 
84.80 	 0.0000 	 0.6852 	 10 	 11 
84.90 	 0.0000 	 0.6836 	 10 	 0 
85.00 	 3.3333 	 0.6836 	 10 	 1 
85.10 	 0.0000 	 0.6841 	 10 	 1 
85.20 	 0.0000 	 0.6862 	 10 	 0 
85.30 	 0.0000 	 0.6855 	 10 	 0 
85.40 	 0.0000 	 0.6847 	 10 	 0 
85.50 	 0.0000 	 0.6848 	 10 	 0 
85.60 	 3.3333 	 0.6843 	 10 	 1 
85.70 	 0.0000 	 0.6843 	 10 	 0 
85.80 	 0.0000 	 0.6843 	 10 	 0 
85.90 	 0.0000 	 0.6855 	 10 	 0 
86.00 	 3.3333 	 0.6850 	 10 	 1 
86.10 	 0.0000 	 0.6844 	 10 	 1 
86.20 	 0.0000 	 0.6845 	 10 	 1 
86.30 	 0.0000 	 0.6845 	 10 	 0 
86.40 	 3.3333 	 0.6843 	 10 	 1 
86.50 	 0.0000 	 0.6848 	 10 	 1 
86.60 	 0.0000 	 0.6856 	 10 	 1 
86.70 	 0.0000 	 0.6851 	 10 	 0 
86.80 	 0.0000 	 0.6845 	 10 	 0 
86.90 	 0.0000 	 0.6852 	 10 	 0 
87.00 	 0.0000 	 0.6847 	 10 	 10 
87.10 	 3.3333 	 0.6842 	 10 	 0 
87.20 	 0.0000 	 0.6844 	 10 	 0 
87.30 	 0.0000 	 0.6854 	 10 	 0 
87.40 	 0.0000 	 0.6853 	 10 	 0 
87.50 	 3.3333 	 0.6852 	 10 	 1 
87.60 	 0.0000 	 0.6860 	 10 	 1 
87.70 	 0.0000 	 0.6858 	 10 	 1 
87.80 	 0.0000 	 0.6843 	 11 	 0 
87.90 	 3.3333 	 0.6835 	 11 	 1 
88.00 	 0.0000 	 0.6835 	 11 	 1 
88.10 	 0.0000 	 0.6860 	 11 	 1 
88.20 	 0.0000 	 0.6862 	 11 	 0 
88.30 	 0.0000 	 0.6856 	 11 	 0 
88.40 	 0.0000 	 0.6843 	 11 	 0 
88.50 	 3.3333 	 0.6833 	 11 	 1 
88.60 	 0.0000 	 0.6843 	 11 	 0 
88.70 	 0.0000 	 0.6857 	 11 	 0 
88.80 	 0.0000 	 0.6861 	 11 	 0 
88.90 	 3.3333 	 0.6853 	 11 	 1 
89.00 	 0.0000 	 0.6854 	 11 	 1 
89.10 	 0.0000 	 0.6854 	 11 	 1 
89.20 	 0.0000 	 0.6850 	 11 	 9 
89.30 	 3.3333 	 0.6842 	 11 	 1 
89.40 	 0.0000 	 0.6844 	 11 	 1 
89.50 	 0.0000 	 0.6849 	 11 	 1 
89.60 	 0.0000 	 0.6856 	 11 	 0 
89.70 	 0.0000 	 0.6851 	 11 	 0 
89.80 	 0.0000 	 0.6843 	 11 	 0 
89.90 	 0.0000 	 0.6861 	 11 	 0 
90.00 	 3.3333 	 0.6847 	 11 	 0 
90.10 	 0.0000 	 0.6848 	 11 	 0 
90.20 	 0.0000 	 0.6852 	 11 	 0 
90.30 	 0.0000 	 0.6860 	 11 	 0 
90.40 	 3.3333 	 0.6848 	 11 	 1 
90.50 	 0.0000 	 0.6845 	 11 	 1 
90.60 	 0.0000 	 0.6843 	 11 	 1 
90.70 	 0.0000 	 0.6845 	 11 	 0 
90.80 	 3.3333 	 0.6840 	 11 	 1 
90.90 	 0.0000 	 0.6862 	 11 	 1 
91.00 	 0.0000 	 0.6867 	 11 	 1 
91.10 	 0.0000 	 0.6854 	 11 	 0 
91.20 	 0.0000 	 0.6844 	 11 	 0 
91.30 	 0.0000 	 0.6839 	 11 	 0 
91.40 	 3.3333 	 0.6853 	 12 	 8 
91.50 	 0.0000 	 0.6855 	 12 	 0 
91.60 	 0.0000 	 0.6851 	 12 	 0 
91.70 	 0.0000 	 0.6845 	 12 	 0 
91.80 	 3.3333 	 0.6842 	 12 	 1 
91.90 	 0.0000 	 0.6853 	 12 	 1 
92.00 	 0.0000 	 0.6858 	 12 	 1 
92.10 	 0.0000 	 0.6861 	 12 	 0 
92.20 	 3.3333 	 0.6844 	 12 	 1 
92.30 	 0.0000 	 0.6835 	 12 	 1 
92.40 	 0.0000 	 0.6846 	 12 	 1 
92.50 	 0.0000 	 0.6851 	 12 	 0 
92.60 	 0.0000 	 0.6859 	 12 	 0 
92.70 	 0.0000 	 0.6861 	 12 	 0 
92.80 	 0.0000 	 0.6859 	 12 	 0 
92.90 	 3.3333 	 0.6847 	 12 	 0 
93.00 	 0.0000 	 0.6855 	 12 	 0 
93.10 	 0.0000 	 0.6849 	 12 	 0 
93.20 	 0.0000 	 0.6848 	 12 	 0 
93.30 	 3.3333 	 0.6851 	 12 	 1 
93.40 	 0.0000 	 0.6854 	 12 	 1 
93.50 	 0.0000 	 0.6856 	 12 	 1 
93.60 	 0.0000 	 0.6859 	 12 	 0 
93.70 	 3.3333 	 0.6841 	 12 	 1 
93.80 	 0.0000 	 0.6833 	 12 	 1 
93.90 	 0.0000 	 0.6858 	 12 	 1 
94.00 	 0.0000 	 0.6867 	 12 	 0 
94.10 	 0.0000 	 0.6860 	 12 	 0 
94.20 	 0.0000 	 0.6850 	 12 	 0 
94.30 	 0.0000 	 0.6842 	 12 	 10 
94.40 	 3.3333 	 0.6844 	 12 	 0 
94.50 	 0.0000 	 0.6852 	 12 	 0 
94.60 	 0.0000 	 0.6853 	 12 	 0 
94.70 	 0.0000 	 0.6847 	 12 	 0 
94.80 	 3.3333 	 0.6839 	 12 	 1 
94.90 	 0.0000 	 0.6840 	 12 	 1 
95.00 	 0.0000 	 0.6860 	 12 	 1 
95.10 	 0.0000 	 0.6859 	 13 	 0 
95.20 	 3.3333 	 0.6857 	 13 	 1 
95.30 	 0.0000 	 0.6857 	 13 	 1 
95.40 	 0.0000 	 0.6862 	 13 	 1 
95.50 	 0.0000 	 0.6846 	 13 	 0 
95.60 	 0.0000 	 0.6840 	 13 	 0 
95.70 	 0.0000 	 0.6852 	 13 	 0 
95.80 	 3.3333 	 0.6864 	 13 	 1 
95.90 	 0.0000 	 0.6853 	 13 	 0 
96.00 	 0.0000 	 0.6855 	 13 	 0 
96.10 	 0.0000 	 0.6852 	 13 	 0 
96.20 	 3.3333 	 0.6859 	 13 	 1 
96.30 	 0.0000 	 0.6855 	 13 	 1 
96.40 	 0.0000 	 0.6856 	 13 	 1 
96.50 	 0.0000 	 0.6853 	 13 	 9 
96.60 	 3.3333 	 0.6829 	 13 	 1 
96.70 	 0.0000 	 0.6835 	 13 	 1 
96.80 	 0.0000 	 0.6851 	 13 	 1 
96.90 	 0.0000 	 0.6861 	 13 	 0 
97.00 	 0.0000 	 0.6856 	 13 	 0 
97.10 	 0.0000 	 0.6850 	 13 	 0 
97.20 	 0.0000 	 0.6841 	 13 	 0 
97.30 	 3.3333 	 0.6843 	 13 	 0 
97.40 	 0.0000 	 0.6839 	 13 	 0 
97.50 	 0.0000 	 0.6849 	 13 	 0 
97.60 	 0.0000 	 0.6856 	 13 	 0 
97.70 	 3.3333 	 0.6859 	 13 	 1 
97.80 	 0.0000 	 0.6851 	 13 	 1 
97.90 	 0.0000 	 0.6854 	 13 	 1 
98.00 	 0.0000 	 0.6853 	 13 	 0 
98.10 	 3.3333 	 0.6846 	 13 	 1 
98.20 	 0.0000 	 0.6844 	 13 	 1 
98.30 	 0.0000 	 0.6852 	 13 	 1 
98.40 	 0.0000 	 0.6863 	 13 	 0 
98.50 	 0.0000 	 0.6855 	 13 	 0 
98.60 	 0.0000 	 0.6849 	 13 	 0 
98.70 	 3.3333 	 0.6844 	 14 	 1 
98.80 	 0.0000 	 0.6847 	 14 	 0 
98.90 	 0.0000 	 0.6861 	 14 	 0 
99.00 	 0.0000 	 0.6860 	 14 	 0 
99.10 	 0.0000 	 0.6859 	 14 	 0 
99.20 	 3.3333 	 0.6845 	 14 	 1 
99.30 	 0.0000 	 0.6846 	 14 	 1 
99.40 	 0.0000 	 0.6847 	 14 	 0 
99.50 	 3.3333 	 0.6848 	 14 	 1 
99.60 	 0.0000 	 0.6840 	 14 	 1 
99.70 	 0.0000 	 0.6840 	 14 	 1 
99.80 	 0.0000 	 0.6852 	 14 	 0 
99.90 	 0.0000 	 0.6853 	 14 	 0 
100.00 	 0.0000 	 0.6846 	 14 	 0 
