# Optimal flow and avg speed dependent on time 
 # Aggressives: 0 
 # Velocity factor: 0.25 
0.10 	 0.0000 	 0.5608 	 10 	 1 
0.20 	 0.0000 	 0.5605 	 10 	 1 
0.30 	 0.0000 	 0.5612 	 10 	 1 
0.40 	 0.0000 	 0.5632 	 10 	 1 
0.50 	 0.0000 	 0.5634 	 10 	 1 
0.60 	 0.0000 	 0.5641 	 10 	 2 
0.70 	 0.0000 	 0.5669 	 10 	 3 
0.80 	 0.0000 	 0.5671 	 10 	 3 
0.90 	 0.0000 	 0.5672 	 10 	 10 
1.00 	 0.0000 	 0.5694 	 10 	 10 
1.10 	 3.3333 	 0.5690 	 10 	 10 
1.20 	 3.3333 	 0.5695 	 10 	 1 
1.30 	 0.0000 	 0.5699 	 10 	 1 
1.40 	 0.0000 	 0.5695 	 10 	 1 
1.50 	 0.0000 	 0.5696 	 10 	 1 
1.60 	 0.0000 	 0.5697 	 11 	 6 
1.70 	 0.0000 	 0.5705 	 11 	 1 
1.80 	 0.0000 	 0.5704 	 11 	 1 
1.90 	 0.0000 	 0.5706 	 11 	 1 
2.00 	 0.0000 	 0.5720 	 11 	 1 
2.10 	 3.3333 	 0.5732 	 11 	 1 
2.20 	 0.0000 	 0.5737 	 11 	 3 
2.30 	 0.0000 	 0.5753 	 11 	 3 
2.40 	 0.0000 	 0.5772 	 11 	 3 
2.50 	 3.3333 	 0.5770 	 11 	 1 
2.60 	 0.0000 	 0.5781 	 11 	 6 
2.70 	 0.0000 	 0.5800 	 11 	 6 
2.80 	 0.0000 	 0.5803 	 11 	 6 
2.90 	 0.0000 	 0.5825 	 11 	 6 
3.00 	 0.0000 	 0.5825 	 11 	 6 
3.10 	 0.0000 	 0.5845 	 11 	 2 
3.20 	 0.0000 	 0.5869 	 11 	 4 
3.30 	 0.0000 	 0.5873 	 11 	 4 
3.40 	 0.0000 	 0.5893 	 11 	 4 
3.50 	 0.0000 	 0.5889 	 11 	 4 
3.60 	 0.0000 	 0.5898 	 11 	 4 
3.70 	 0.0000 	 0.5924 	 11 	 3 
3.80 	 3.3333 	 0.5929 	 11 	 3 
3.90 	 0.0000 	 0.5953 	 11 	 3 
4.00 	 0.0000 	 0.5976 	 11 	 4 
4.10 	 3.3333 	 0.5990 	 11 	 4 
4.20 	 0.0000 	 0.6005 	 11 	 4 
4.30 	 0.0000 	 0.6022 	 11 	 4 
4.40 	 0.0000 	 0.6030 	 11 	 2 
4.50 	 0.0000 	 0.6054 	 11 	 2 
4.60 	 0.0000 	 0.6065 	 11 	 2 
4.70 	 0.0000 	 0.6074 	 11 	 4 
4.80 	 0.0000 	 0.6108 	 11 	 2 
4.90 	 6.6667 	 0.6120 	 11 	 1 
5.00 	 0.0000 	 0.6144 	 11 	 1 
5.10 	 0.0000 	 0.6161 	 12 	 1 
5.20 	 0.0000 	 0.6191 	 12 	 3 
5.30 	 0.0000 	 0.6207 	 12 	 3 
5.40 	 3.3333 	 0.6212 	 12 	 1 
5.50 	 0.0000 	 0.6237 	 12 	 4 
5.60 	 0.0000 	 0.6274 	 12 	 4 
5.70 	 0.0000 	 0.6290 	 12 	 4 
5.80 	 0.0000 	 0.6299 	 12 	 3 
5.90 	 0.0000 	 0.6332 	 12 	 3 
6.00 	 0.0000 	 0.6346 	 12 	 3 
6.10 	 0.0000 	 0.6361 	 12 	 4 
6.20 	 0.0000 	 0.6386 	 12 	 4 
6.30 	 3.3333 	 0.6406 	 12 	 2 
6.40 	 0.0000 	 0.6432 	 12 	 3 
6.50 	 0.0000 	 0.6453 	 12 	 3 
6.60 	 0.0000 	 0.6482 	 12 	 3 
6.70 	 0.0000 	 0.6494 	 12 	 3 
6.80 	 3.3333 	 0.6509 	 12 	 3 
6.90 	 0.0000 	 0.6510 	 12 	 3 
7.00 	 3.3333 	 0.6511 	 12 	 1 
7.10 	 0.0000 	 0.6532 	 12 	 1 
7.20 	 0.0000 	 0.6548 	 12 	 1 
7.30 	 0.0000 	 0.6564 	 12 	 1 
7.40 	 0.0000 	 0.6585 	 12 	 1 
7.50 	 3.3333 	 0.6595 	 12 	 1 
7.60 	 0.0000 	 0.6628 	 13 	 1 
7.70 	 0.0000 	 0.6640 	 13 	 1 
7.80 	 0.0000 	 0.6656 	 13 	 1 
7.90 	 0.0000 	 0.6693 	 13 	 3 
8.00 	 0.0000 	 0.6708 	 13 	 3 
8.10 	 0.0000 	 0.6726 	 13 	 3 
8.20 	 0.0000 	 0.6749 	 13 	 3 
8.30 	 0.0000 	 0.6766 	 13 	 3 
8.40 	 3.3333 	 0.6771 	 13 	 2 
8.50 	 0.0000 	 0.6801 	 13 	 2 
8.60 	 0.0000 	 0.6814 	 13 	 2 
8.70 	 0.0000 	 0.6821 	 13 	 2 
8.80 	 3.3333 	 0.6826 	 13 	 1 
8.90 	 0.0000 	 0.6839 	 13 	 1 
9.00 	 0.0000 	 0.6848 	 13 	 1 
9.10 	 3.3333 	 0.6867 	 13 	 1 
9.20 	 0.0000 	 0.6879 	 13 	 1 
9.30 	 0.0000 	 0.6879 	 13 	 1 
9.40 	 0.0000 	 0.6900 	 13 	 1 
9.50 	 0.0000 	 0.6916 	 13 	 1 
9.60 	 0.0000 	 0.6941 	 13 	 2 
9.70 	 0.0000 	 0.6956 	 13 	 2 
9.80 	 0.0000 	 0.6979 	 13 	 2 
9.90 	 3.3333 	 0.6991 	 13 	 1 
10.00 	 0.0000 	 0.7015 	 13 	 1 
10.10 	 0.0000 	 0.7019 	 14 	 1 
10.20 	 3.3333 	 0.7046 	 14 	 1 
10.30 	 0.0000 	 0.7061 	 14 	 1 
10.40 	 0.0000 	 0.7076 	 14 	 1 
10.50 	 0.0000 	 0.7098 	 14 	 1 
10.60 	 0.0000 	 0.7116 	 14 	 1 
10.70 	 0.0000 	 0.7134 	 14 	 1 
10.80 	 0.0000 	 0.7152 	 14 	 1 
10.90 	 0.0000 	 0.7171 	 14 	 1 
11.00 	 0.0000 	 0.7200 	 14 	 2 
11.10 	 0.0000 	 0.7222 	 14 	 2 
11.20 	 0.0000 	 0.7244 	 14 	 2 
11.30 	 3.3333 	 0.7266 	 14 	 1 
11.40 	 0.0000 	 0.7281 	 14 	 1 
11.50 	 0.0000 	 0.7299 	 14 	 1 
11.60 	 0.0000 	 0.7318 	 14 	 1 
11.70 	 3.3333 	 0.7333 	 14 	 1 
11.80 	 0.0000 	 0.7358 	 14 	 1 
11.90 	 0.0000 	 0.7366 	 14 	 1 
12.00 	 0.0000 	 0.7381 	 14 	 1 
12.10 	 0.0000 	 0.7406 	 14 	 1 
12.20 	 3.3333 	 0.7409 	 14 	 1 
12.30 	 0.0000 	 0.7448 	 14 	 1 
12.40 	 0.0000 	 0.7449 	 14 	 1 
12.50 	 0.0000 	 0.7467 	 14 	 1 
12.60 	 0.0000 	 0.7491 	 15 	 2 
12.70 	 0.0000 	 0.7515 	 15 	 2 
12.80 	 0.0000 	 0.7540 	 15 	 2 
12.90 	 0.0000 	 0.7547 	 15 	 3 
13.00 	 0.0000 	 0.7572 	 15 	 3 
13.10 	 0.0000 	 0.7594 	 15 	 3 
13.20 	 3.3333 	 0.7615 	 15 	 1 
13.30 	 0.0000 	 0.7633 	 15 	 1 
13.40 	 3.3333 	 0.7660 	 15 	 1 
13.50 	 0.0000 	 0.7677 	 15 	 1 
13.60 	 0.0000 	 0.7691 	 15 	 1 
13.70 	 0.0000 	 0.7711 	 15 	 1 
13.80 	 0.0000 	 0.7729 	 15 	 1 
13.90 	 0.0000 	 0.7752 	 15 	 1 
14.00 	 0.0000 	 0.7775 	 15 	 1 
14.10 	 0.0000 	 0.7797 	 15 	 4 
14.20 	 0.0000 	 0.7823 	 15 	 3 
14.30 	 0.0000 	 0.7846 	 15 	 3 
14.40 	 0.0000 	 0.7865 	 15 	 3 
14.50 	 0.0000 	 0.7888 	 15 	 3 
14.60 	 3.3333 	 0.7916 	 15 	 3 
14.70 	 0.0000 	 0.7937 	 15 	 1 
14.80 	 0.0000 	 0.7958 	 15 	 1 
14.90 	 0.0000 	 0.7979 	 15 	 1 
15.00 	 3.3333 	 0.7990 	 15 	 2 
15.10 	 3.3333 	 0.8014 	 16 	 1 
15.20 	 0.0000 	 0.8030 	 16 	 1 
15.30 	 0.0000 	 0.8051 	 16 	 1 
15.40 	 0.0000 	 0.8062 	 16 	 1 
15.50 	 0.0000 	 0.8080 	 16 	 1 
15.60 	 0.0000 	 0.8096 	 16 	 1 
15.70 	 0.0000 	 0.8108 	 16 	 1 
15.80 	 0.0000 	 0.8128 	 16 	 1 
15.90 	 0.0000 	 0.8142 	 16 	 1 
16.00 	 3.3333 	 0.8160 	 16 	 1 
16.10 	 3.3333 	 0.8180 	 16 	 1 
16.20 	 0.0000 	 0.8192 	 16 	 1 
16.30 	 0.0000 	 0.8203 	 16 	 1 
16.40 	 0.0000 	 0.8224 	 16 	 1 
16.50 	 0.0000 	 0.8242 	 16 	 2 
16.60 	 0.0000 	 0.8263 	 16 	 2 
16.70 	 3.3333 	 0.8278 	 16 	 3 
16.80 	 0.0000 	 0.8293 	 16 	 3 
16.90 	 0.0000 	 0.8313 	 16 	 1 
17.00 	 3.3333 	 0.8330 	 16 	 1 
17.10 	 3.3333 	 0.8353 	 16 	 1 
17.20 	 0.0000 	 0.8363 	 16 	 1 
17.30 	 0.0000 	 0.8372 	 16 	 1 
17.40 	 0.0000 	 0.8382 	 16 	 1 
17.50 	 0.0000 	 0.8392 	 16 	 1 
17.60 	 0.0000 	 0.8409 	 17 	 1 
17.70 	 0.0000 	 0.8418 	 17 	 2 
17.80 	 0.0000 	 0.8429 	 17 	 2 
17.90 	 0.0000 	 0.8445 	 17 	 2 
18.00 	 0.0000 	 0.8449 	 17 	 1 
18.10 	 3.3333 	 0.8469 	 17 	 1 
18.20 	 0.0000 	 0.8476 	 17 	 1 
18.30 	 0.0000 	 0.8481 	 17 	 1 
18.40 	 3.3333 	 0.8505 	 17 	 1 
18.50 	 0.0000 	 0.8517 	 17 	 1 
18.60 	 0.0000 	 0.8544 	 17 	 1 
18.70 	 0.0000 	 0.8555 	 17 	 1 
18.80 	 0.0000 	 0.8563 	 17 	 1 
18.90 	 0.0000 	 0.8589 	 17 	 1 
19.00 	 0.0000 	 0.8600 	 17 	 2 
19.10 	 0.0000 	 0.8618 	 17 	 2 
19.20 	 0.0000 	 0.8631 	 17 	 2 
19.30 	 0.0000 	 0.8650 	 17 	 2 
19.40 	 3.3333 	 0.8663 	 17 	 1 
19.50 	 0.0000 	 0.8674 	 17 	 1 
19.60 	 3.3333 	 0.8683 	 17 	 1 
19.70 	 3.3333 	 0.8690 	 17 	 1 
19.80 	 0.0000 	 0.8707 	 17 	 1 
19.90 	 0.0000 	 0.8725 	 17 	 1 
20.00 	 0.0000 	 0.8739 	 17 	 1 
20.10 	 0.0000 	 0.8752 	 18 	 1 
20.20 	 0.0000 	 0.8772 	 18 	 1 
20.30 	 0.0000 	 0.8781 	 18 	 2 
20.40 	 0.0000 	 0.8796 	 18 	 2 
20.50 	 0.0000 	 0.8816 	 18 	 2 
20.60 	 0.0000 	 0.8827 	 18 	 2 
20.70 	 0.0000 	 0.8845 	 18 	 2 
20.80 	 3.3333 	 0.8862 	 18 	 1 
20.90 	 0.0000 	 0.8875 	 18 	 2 
21.00 	 3.3333 	 0.8895 	 18 	 1 
21.10 	 0.0000 	 0.8910 	 18 	 2 
21.20 	 0.0000 	 0.8921 	 18 	 2 
21.30 	 0.0000 	 0.8936 	 18 	 2 
21.40 	 0.0000 	 0.8954 	 18 	 2 
21.50 	 0.0000 	 0.8965 	 18 	 2 
21.60 	 0.0000 	 0.8977 	 18 	 2 
21.70 	 3.3333 	 0.8987 	 18 	 1 
21.80 	 0.0000 	 0.9006 	 18 	 1 
21.90 	 3.3333 	 0.9018 	 18 	 1 
22.00 	 0.0000 	 0.9029 	 18 	 1 
22.10 	 0.0000 	 0.9040 	 18 	 2 
22.20 	 0.0000 	 0.9054 	 18 	 2 
22.30 	 0.0000 	 0.9072 	 18 	 2 
22.40 	 0.0000 	 0.9082 	 18 	 2 
22.50 	 0.0000 	 0.9101 	 18 	 3 
22.60 	 3.3333 	 0.9120 	 19 	 3 
22.70 	 0.0000 	 0.9137 	 19 	 3 
22.80 	 0.0000 	 0.9154 	 19 	 3 
22.90 	 0.0000 	 0.9172 	 19 	 3 
23.00 	 0.0000 	 0.9190 	 19 	 1 
23.10 	 3.3333 	 0.9208 	 19 	 1 
23.20 	 0.0000 	 0.9226 	 19 	 1 
23.30 	 0.0000 	 0.9244 	 19 	 2 
23.40 	 0.0000 	 0.9262 	 19 	 1 
23.50 	 3.3333 	 0.9279 	 19 	 2 
23.60 	 0.0000 	 0.9291 	 19 	 2 
23.70 	 3.3333 	 0.9304 	 19 	 3 
23.80 	 0.0000 	 0.9315 	 19 	 3 
23.90 	 0.0000 	 0.9327 	 19 	 3 
24.00 	 0.0000 	 0.9343 	 19 	 3 
24.10 	 0.0000 	 0.9355 	 19 	 1 
24.20 	 0.0000 	 0.9366 	 19 	 1 
24.30 	 3.3333 	 0.9381 	 19 	 1 
24.40 	 0.0000 	 0.9397 	 19 	 1 
24.50 	 0.0000 	 0.9411 	 19 	 1 
24.60 	 0.0000 	 0.9426 	 19 	 2 
24.70 	 0.0000 	 0.9440 	 19 	 2 
24.80 	 0.0000 	 0.9454 	 19 	 4 
24.90 	 0.0000 	 0.9467 	 19 	 3 
25.00 	 0.0000 	 0.9480 	 19 	 2 
25.10 	 0.0000 	 0.9493 	 0 	 2 
25.20 	 0.0000 	 0.9505 	 0 	 3 
25.30 	 0.0000 	 0.9518 	 0 	 3 
25.40 	 0.0000 	 0.9530 	 0 	 3 
25.50 	 3.3333 	 0.9541 	 0 	 4 
25.60 	 0.0000 	 0.9553 	 0 	 4 
25.70 	 0.0000 	 0.9564 	 0 	 2 
25.80 	 0.0000 	 0.9575 	 0 	 2 
25.90 	 0.0000 	 0.9586 	 0 	 2 
26.00 	 0.0000 	 0.9597 	 0 	 3 
26.10 	 3.3333 	 0.9607 	 0 	 4 
26.20 	 0.0000 	 0.9617 	 0 	 3 
26.30 	 0.0000 	 0.9627 	 0 	 2 
26.40 	 0.0000 	 0.9637 	 0 	 2 
26.50 	 0.0000 	 0.9646 	 0 	 4 
26.60 	 3.3333 	 0.9656 	 0 	 4 
26.70 	 0.0000 	 0.9665 	 0 	 5 
26.80 	 0.0000 	 0.9671 	 0 	 2 
26.90 	 0.0000 	 0.9681 	 0 	 2 
27.00 	 0.0000 	 0.9687 	 0 	 2 
27.10 	 3.3333 	 0.9692 	 0 	 3 
27.20 	 0.0000 	 0.9697 	 0 	 4 
27.30 	 0.0000 	 0.9687 	 0 	 3 
27.40 	 0.0000 	 0.9684 	 0 	 3 
27.50 	 3.3333 	 0.9660 	 0 	 4 
27.60 	 3.3333 	 0.9631 	 1 	 2 
27.70 	 0.0000 	 0.9608 	 1 	 2 
27.80 	 0.0000 	 0.9587 	 1 	 2 
27.90 	 0.0000 	 0.9570 	 1 	 2 
28.00 	 0.0000 	 0.9545 	 1 	 2 
28.10 	 3.3333 	 0.9522 	 1 	 2 
28.20 	 0.0000 	 0.9473 	 1 	 2 
28.30 	 0.0000 	 0.9426 	 1 	 3 
28.40 	 3.3333 	 0.9352 	 1 	 3 
28.50 	 0.0000 	 0.9283 	 1 	 4 
28.60 	 0.0000 	 0.9203 	 1 	 5 
28.70 	 3.3333 	 0.9136 	 1 	 5 
28.80 	 0.0000 	 0.9061 	 1 	 5 
28.90 	 0.0000 	 0.8981 	 1 	 5 
29.00 	 0.0000 	 0.8901 	 1 	 0 
29.10 	 0.0000 	 0.8815 	 1 	 0 
29.20 	 3.3333 	 0.8723 	 1 	 3 
29.30 	 0.0000 	 0.8638 	 1 	 3 
29.40 	 3.3333 	 0.8559 	 1 	 3 
29.50 	 0.0000 	 0.8512 	 1 	 3 
29.60 	 0.0000 	 0.8460 	 1 	 5 
29.70 	 0.0000 	 0.8408 	 1 	 5 
29.80 	 0.0000 	 0.8361 	 1 	 6 
29.90 	 3.3333 	 0.8320 	 1 	 6 
30.00 	 0.0000 	 0.8294 	 1 	 2 
30.10 	 0.0000 	 0.8262 	 1 	 0 
30.20 	 0.0000 	 0.8236 	 1 	 0 
30.30 	 3.3333 	 0.8217 	 1 	 6 
30.40 	 0.0000 	 0.8188 	 1 	 6 
30.50 	 3.3333 	 0.8159 	 2 	 3 
30.60 	 0.0000 	 0.8130 	 2 	 3 
30.70 	 0.0000 	 0.8101 	 2 	 3 
30.80 	 0.0000 	 0.8056 	 2 	 3 
30.90 	 0.0000 	 0.8012 	 2 	 3 
31.00 	 3.3333 	 0.7945 	 2 	 4 
31.10 	 0.0000 	 0.7910 	 2 	 4 
31.20 	 0.0000 	 0.7853 	 2 	 6 
31.30 	 0.0000 	 0.7827 	 2 	 0 
31.40 	 0.0000 	 0.7798 	 2 	 0 
31.50 	 3.3333 	 0.7774 	 2 	 6 
31.60 	 3.3333 	 0.7739 	 2 	 1 
31.70 	 0.0000 	 0.7701 	 2 	 1 
31.80 	 0.0000 	 0.7690 	 2 	 8 
31.90 	 0.0000 	 0.7680 	 2 	 2 
32.00 	 0.0000 	 0.7670 	 2 	 2 
32.10 	 0.0000 	 0.7652 	 2 	 2 
32.20 	 3.3333 	 0.7639 	 2 	 2 
32.30 	 0.0000 	 0.7636 	 2 	 7 
32.40 	 0.0000 	 0.7626 	 2 	 3 
32.50 	 0.0000 	 0.7628 	 2 	 3 
32.60 	 3.3333 	 0.7618 	 2 	 3 
32.70 	 0.0000 	 0.7605 	 2 	 3 
32.80 	 0.0000 	 0.7591 	 2 	 3 
32.90 	 0.0000 	 0.7588 	 2 	 3 
33.00 	 3.3333 	 0.7589 	 2 	 1 
33.10 	 0.0000 	 0.7585 	 2 	 13 
33.20 	 0.0000 	 0.7579 	 2 	 4 
33.30 	 0.0000 	 0.7575 	 2 	 2 
33.40 	 0.0000 	 0.7574 	 2 	 5 
33.50 	 0.0000 	 0.7570 	 2 	 2 
33.60 	 3.3333 	 0.7575 	 2 	 7 
33.70 	 0.0000 	 0.7581 	 2 	 3 
33.80 	 3.3333 	 0.7583 	 2 	 3 
33.90 	 0.0000 	 0.7582 	 2 	 3 
34.00 	 0.0000 	 0.7568 	 2 	 7 
34.10 	 0.0000 	 0.7568 	 3 	 4 
34.20 	 0.0000 	 0.7559 	 3 	 5 
34.30 	 0.0000 	 0.7558 	 3 	 4 
34.40 	 3.3333 	 0.7550 	 3 	 5 
34.50 	 0.0000 	 0.7539 	 3 	 5 
34.60 	 0.0000 	 0.7541 	 3 	 6 
34.70 	 0.0000 	 0.7533 	 3 	 11 
34.80 	 0.0000 	 0.7529 	 3 	 8 
34.90 	 3.3333 	 0.7519 	 3 	 8 
35.00 	 3.3333 	 0.7511 	 3 	 4 
35.10 	 0.0000 	 0.7506 	 3 	 2 
35.20 	 0.0000 	 0.7489 	 3 	 4 
35.30 	 0.0000 	 0.7466 	 3 	 4 
35.40 	 0.0000 	 0.7448 	 3 	 4 
35.50 	 0.0000 	 0.7437 	 3 	 4 
35.60 	 0.0000 	 0.7425 	 3 	 4 
35.70 	 0.0000 	 0.7400 	 3 	 3 
35.80 	 3.3333 	 0.7392 	 3 	 5 
35.90 	 0.0000 	 0.7396 	 3 	 4 
36.00 	 0.0000 	 0.7402 	 3 	 4 
36.10 	 3.3333 	 0.7406 	 3 	 4 
36.20 	 0.0000 	 0.7421 	 3 	 4 
36.30 	 0.0000 	 0.7425 	 3 	 2 
36.40 	 0.0000 	 0.7438 	 3 	 2 
36.50 	 3.3333 	 0.7433 	 3 	 4 
36.60 	 0.0000 	 0.7432 	 3 	 6 
36.70 	 0.0000 	 0.7437 	 3 	 3 
36.80 	 0.0000 	 0.7443 	 3 	 3 
36.90 	 0.0000 	 0.7453 	 3 	 6 
37.00 	 0.0000 	 0.7453 	 3 	 6 
37.10 	 0.0000 	 0.7444 	 3 	 4 
37.20 	 3.3333 	 0.7443 	 3 	 4 
37.30 	 3.3333 	 0.7414 	 3 	 1 
37.40 	 0.0000 	 0.7404 	 3 	 4 
37.50 	 0.0000 	 0.7402 	 3 	 5 
37.60 	 0.0000 	 0.7384 	 3 	 5 
37.70 	 0.0000 	 0.7376 	 3 	 5 
37.80 	 0.0000 	 0.7354 	 3 	 5 
37.90 	 0.0000 	 0.7345 	 3 	 0 
38.00 	 0.0000 	 0.7331 	 3 	 0 
38.10 	 3.3333 	 0.7309 	 3 	 6 
38.20 	 0.0000 	 0.7302 	 3 	 0 
38.30 	 0.0000 	 0.7277 	 3 	 0 
38.40 	 0.0000 	 0.7264 	 3 	 0 
38.50 	 3.3333 	 0.7255 	 3 	 6 
38.60 	 0.0000 	 0.7266 	 3 	 5 
38.70 	 3.3333 	 0.7242 	 4 	 5 
38.80 	 0.0000 	 0.7236 	 4 	 5 
38.90 	 0.0000 	 0.7216 	 4 	 5 
39.00 	 0.0000 	 0.7194 	 4 	 5 
39.10 	 3.3333 	 0.7185 	 4 	 5 
39.20 	 0.0000 	 0.7174 	 4 	 5 
39.30 	 0.0000 	 0.7163 	 4 	 9 
39.40 	 0.0000 	 0.7152 	 4 	 4 
39.50 	 0.0000 	 0.7162 	 4 	 0 
39.60 	 3.3333 	 0.7169 	 4 	 9 
39.70 	 0.0000 	 0.7142 	 4 	 9 
39.80 	 3.3333 	 0.7136 	 4 	 1 
39.90 	 0.0000 	 0.7126 	 4 	 1 
40.00 	 0.0000 	 0.7121 	 4 	 1 
40.10 	 0.0000 	 0.7113 	 4 	 1 
40.20 	 0.0000 	 0.7102 	 4 	 5 
40.30 	 0.0000 	 0.7102 	 4 	 4 
40.40 	 0.0000 	 0.7092 	 4 	 5 
40.50 	 0.0000 	 0.7094 	 4 	 0 
40.60 	 3.3333 	 0.7084 	 4 	 6 
40.70 	 0.0000 	 0.7079 	 4 	 6 
40.80 	 0.0000 	 0.7078 	 4 	 4 
40.90 	 0.0000 	 0.7082 	 4 	 4 
41.00 	 0.0000 	 0.7069 	 4 	 0 
41.10 	 3.3333 	 0.7080 	 4 	 10 
41.20 	 0.0000 	 0.7073 	 4 	 5 
41.30 	 3.3333 	 0.7078 	 4 	 1 
41.40 	 0.0000 	 0.7078 	 4 	 1 
41.50 	 0.0000 	 0.7069 	 4 	 1 
41.60 	 0.0000 	 0.7068 	 4 	 7 
41.70 	 0.0000 	 0.7077 	 4 	 7 
41.80 	 0.0000 	 0.7068 	 4 	 1 
41.90 	 0.0000 	 0.7078 	 4 	 6 
42.00 	 3.3333 	 0.7070 	 4 	 6 
42.10 	 3.3333 	 0.7068 	 4 	 1 
42.20 	 0.0000 	 0.7062 	 4 	 4 
42.30 	 0.0000 	 0.7060 	 4 	 2 
42.40 	 0.0000 	 0.7061 	 4 	 2 
42.50 	 0.0000 	 0.7055 	 4 	 2 
42.60 	 0.0000 	 0.7048 	 4 	 5 
42.70 	 0.0000 	 0.7041 	 4 	 5 
42.80 	 3.3333 	 0.7039 	 4 	 5 
42.90 	 0.0000 	 0.7043 	 4 	 5 
43.00 	 0.0000 	 0.7038 	 4 	 6 
43.10 	 0.0000 	 0.7038 	 4 	 11 
43.20 	 0.0000 	 0.7032 	 4 	 2 
43.30 	 0.0000 	 0.7029 	 4 	 6 
43.40 	 3.3333 	 0.7035 	 4 	 6 
43.50 	 3.3333 	 0.7031 	 5 	 1 
43.60 	 0.0000 	 0.7026 	 5 	 1 
43.70 	 0.0000 	 0.7035 	 5 	 1 
43.80 	 0.0000 	 0.7044 	 5 	 2 
43.90 	 0.0000 	 0.7041 	 5 	 2 
44.00 	 0.0000 	 0.7028 	 5 	 5 
44.10 	 0.0000 	 0.7023 	 5 	 5 
44.20 	 3.3333 	 0.7020 	 5 	 5 
44.30 	 0.0000 	 0.7030 	 5 	 5 
44.40 	 0.0000 	 0.7033 	 5 	 1 
44.50 	 0.0000 	 0.7029 	 5 	 11 
44.60 	 0.0000 	 0.7023 	 5 	 1 
44.70 	 0.0000 	 0.7021 	 5 	 0 
44.80 	 0.0000 	 0.7014 	 5 	 7 
44.90 	 3.3333 	 0.7011 	 5 	 7 
45.00 	 3.3333 	 0.7014 	 5 	 1 
45.10 	 0.0000 	 0.7016 	 5 	 1 
45.20 	 0.0000 	 0.7013 	 5 	 4 
45.30 	 0.0000 	 0.7019 	 5 	 2 
45.40 	 0.0000 	 0.7025 	 5 	 2 
45.50 	 0.0000 	 0.7023 	 5 	 5 
45.60 	 0.0000 	 0.7019 	 5 	 3 
45.70 	 3.3333 	 0.7014 	 5 	 3 
45.80 	 0.0000 	 0.7011 	 5 	 3 
45.90 	 0.0000 	 0.7016 	 5 	 3 
46.00 	 0.0000 	 0.7018 	 5 	 3 
46.10 	 0.0000 	 0.7003 	 5 	 3 
46.20 	 0.0000 	 0.6988 	 5 	 7 
46.30 	 3.3333 	 0.7001 	 5 	 7 
46.40 	 0.0000 	 0.7004 	 5 	 7 
46.50 	 3.3333 	 0.7007 	 5 	 2 
46.60 	 0.0000 	 0.7000 	 5 	 2 
46.70 	 0.0000 	 0.6991 	 5 	 2 
46.80 	 0.0000 	 0.6982 	 5 	 2 
46.90 	 0.0000 	 0.6989 	 5 	 5 
47.00 	 0.0000 	 0.6986 	 5 	 3 
47.10 	 3.3333 	 0.6978 	 5 	 3 
47.20 	 0.0000 	 0.6979 	 5 	 3 
47.30 	 0.0000 	 0.6979 	 5 	 3 
47.40 	 0.0000 	 0.6972 	 5 	 3 
47.50 	 0.0000 	 0.6972 	 5 	 3 
47.60 	 0.0000 	 0.6972 	 5 	 3 
47.70 	 0.0000 	 0.6966 	 5 	 7 
47.80 	 3.3333 	 0.6965 	 5 	 7 
47.90 	 0.0000 	 0.6964 	 5 	 4 
48.00 	 0.0000 	 0.6966 	 5 	 2 
48.10 	 3.3333 	 0.6974 	 5 	 2 
48.20 	 0.0000 	 0.6971 	 6 	 2 
48.30 	 0.0000 	 0.6975 	 6 	 2 
48.40 	 0.0000 	 0.6970 	 6 	 5 
48.50 	 0.0000 	 0.6967 	 6 	 3 
48.60 	 3.3333 	 0.6963 	 6 	 3 
48.70 	 0.0000 	 0.6963 	 6 	 3 
48.80 	 0.0000 	 0.6967 	 6 	 3 
48.90 	 0.0000 	 0.6969 	 6 	 0 
49.00 	 0.0000 	 0.6965 	 6 	 7 
49.10 	 0.0000 	 0.6966 	 6 	 4 
49.20 	 3.3333 	 0.6964 	 6 	 4 
49.30 	 0.0000 	 0.6964 	 6 	 4 
49.40 	 0.0000 	 0.6964 	 6 	 4 
49.50 	 0.0000 	 0.6958 	 6 	 2 
49.60 	 3.3333 	 0.6960 	 6 	 2 
49.70 	 0.0000 	 0.6955 	 6 	 2 
49.80 	 0.0000 	 0.6953 	 6 	 17 
49.90 	 0.0000 	 0.6954 	 6 	 3 
50.00 	 3.3333 	 0.6954 	 6 	 3 
50.10 	 0.0000 	 0.6951 	 6 	 3 
50.20 	 0.0000 	 0.6954 	 6 	 3 
50.30 	 0.0000 	 0.6961 	 6 	 0 
50.40 	 0.0000 	 0.6957 	 6 	 7 
50.50 	 0.0000 	 0.6962 	 6 	 7 
50.60 	 3.3333 	 0.6956 	 6 	 4 
50.70 	 0.0000 	 0.6959 	 6 	 4 
50.80 	 0.0000 	 0.6953 	 6 	 4 
50.90 	 0.0000 	 0.6957 	 6 	 2 
51.00 	 0.0000 	 0.6958 	 6 	 2 
51.10 	 0.0000 	 0.6952 	 6 	 2 
51.20 	 3.3333 	 0.6944 	 6 	 2 
51.30 	 0.0000 	 0.6944 	 6 	 3 
51.40 	 0.0000 	 0.6954 	 6 	 3 
51.50 	 3.3333 	 0.6958 	 6 	 3 
51.60 	 0.0000 	 0.6958 	 6 	 3 
51.70 	 0.0000 	 0.6958 	 6 	 0 
51.80 	 0.0000 	 0.6963 	 6 	 7 
51.90 	 0.0000 	 0.6959 	 6 	 7 
52.00 	 3.3333 	 0.6957 	 6 	 1 
52.10 	 0.0000 	 0.6954 	 6 	 1 
52.20 	 0.0000 	 0.6948 	 6 	 8 
52.30 	 0.0000 	 0.6946 	 6 	 8 
52.40 	 0.0000 	 0.6945 	 6 	 2 
52.50 	 0.0000 	 0.6948 	 6 	 2 
52.60 	 0.0000 	 0.6942 	 6 	 2 
52.70 	 0.0000 	 0.6933 	 7 	 3 
52.80 	 3.3333 	 0.6923 	 7 	 3 
52.90 	 3.3333 	 0.6923 	 7 	 3 
53.00 	 0.0000 	 0.6929 	 7 	 3 
53.10 	 0.0000 	 0.6927 	 7 	 14 
53.20 	 0.0000 	 0.6922 	 7 	 14 
53.30 	 0.0000 	 0.6914 	 7 	 7 
53.40 	 3.3333 	 0.6916 	 7 	 1 
53.50 	 0.0000 	 0.6915 	 7 	 4 
53.60 	 0.0000 	 0.6920 	 7 	 8 
53.70 	 0.0000 	 0.6922 	 7 	 8 
53.80 	 0.0000 	 0.6929 	 7 	 2 
53.90 	 0.0000 	 0.6929 	 7 	 2 
54.00 	 0.0000 	 0.6925 	 7 	 2 
54.10 	 0.0000 	 0.6922 	 7 	 2 
54.20 	 0.0000 	 0.6919 	 7 	 3 
54.30 	 3.3333 	 0.6919 	 7 	 3 
54.40 	 3.3333 	 0.6922 	 7 	 3 
54.50 	 0.0000 	 0.6931 	 7 	 3 
54.60 	 0.0000 	 0.6931 	 7 	 14 
54.70 	 0.0000 	 0.6926 	 7 	 7 
54.80 	 0.0000 	 0.6923 	 7 	 7 
54.90 	 3.3333 	 0.6936 	 7 	 1 
55.00 	 0.0000 	 0.6932 	 7 	 8 
55.10 	 0.0000 	 0.6935 	 7 	 8 
55.20 	 0.0000 	 0.6930 	 7 	 2 
55.30 	 0.0000 	 0.6927 	 7 	 2 
55.40 	 0.0000 	 0.6925 	 7 	 2 
55.50 	 0.0000 	 0.6930 	 7 	 2 
55.60 	 0.0000 	 0.6935 	 7 	 6 
55.70 	 0.0000 	 0.6931 	 7 	 3 
55.80 	 3.3333 	 0.6929 	 7 	 3 
55.90 	 3.3333 	 0.6926 	 7 	 3 
56.00 	 0.0000 	 0.6936 	 7 	 14 
56.10 	 0.0000 	 0.6930 	 7 	 7 
56.20 	 0.0000 	 0.6931 	 7 	 7 
56.30 	 3.3333 	 0.6921 	 7 	 1 
56.40 	 0.0000 	 0.6914 	 7 	 1 
56.50 	 0.0000 	 0.6913 	 7 	 8 
56.60 	 0.0000 	 0.6917 	 7 	 2 
56.70 	 0.0000 	 0.6911 	 7 	 2 
56.80 	 0.0000 	 0.6902 	 7 	 2 
56.90 	 0.0000 	 0.6898 	 7 	 2 
57.00 	 0.0000 	 0.6892 	 7 	 6 
57.10 	 0.0000 	 0.6903 	 7 	 0 
57.20 	 0.0000 	 0.6906 	 8 	 3 
57.30 	 3.3333 	 0.6904 	 8 	 3 
57.40 	 0.0000 	 0.6900 	 8 	 3 
57.50 	 3.3333 	 0.6895 	 8 	 7 
57.60 	 0.0000 	 0.6901 	 8 	 7 
57.70 	 3.3333 	 0.6913 	 8 	 1 
57.80 	 0.0000 	 0.6912 	 8 	 1 
57.90 	 0.0000 	 0.6913 	 8 	 8 
58.00 	 0.0000 	 0.6913 	 8 	 8 
58.10 	 0.0000 	 0.6910 	 8 	 2 
58.20 	 0.0000 	 0.6910 	 8 	 2 
58.30 	 0.0000 	 0.6920 	 8 	 2 
58.40 	 0.0000 	 0.6915 	 8 	 2 
58.50 	 0.0000 	 0.6918 	 8 	 6 
58.60 	 0.0000 	 0.6908 	 8 	 3 
58.70 	 0.0000 	 0.6900 	 8 	 3 
58.80 	 3.3333 	 0.6897 	 8 	 3 
58.90 	 0.0000 	 0.6899 	 8 	 7 
59.00 	 3.3333 	 0.6900 	 8 	 4 
59.10 	 3.3333 	 0.6902 	 8 	 1 
59.20 	 0.0000 	 0.6901 	 8 	 1 
59.30 	 0.0000 	 0.6899 	 8 	 1 
59.40 	 0.0000 	 0.6899 	 8 	 8 
59.50 	 0.0000 	 0.6891 	 8 	 2 
59.60 	 0.0000 	 0.6894 	 8 	 2 
59.70 	 0.0000 	 0.6891 	 8 	 2 
59.80 	 0.0000 	 0.6891 	 8 	 2 
59.90 	 0.0000 	 0.6893 	 8 	 6 
60.00 	 0.0000 	 0.6900 	 8 	 14 
60.10 	 0.0000 	 0.6893 	 8 	 3 
60.20 	 3.3333 	 0.6880 	 8 	 3 
60.30 	 0.0000 	 0.6881 	 8 	 11 
60.40 	 0.0000 	 0.6888 	 8 	 7 
60.50 	 0.0000 	 0.6888 	 8 	 7 
60.60 	 6.6667 	 0.6893 	 8 	 1 
60.70 	 0.0000 	 0.6892 	 8 	 1 
60.80 	 0.0000 	 0.6896 	 8 	 1 
60.90 	 0.0000 	 0.6890 	 8 	 2 
61.00 	 0.0000 	 0.6881 	 8 	 2 
61.10 	 0.0000 	 0.6888 	 8 	 2 
61.20 	 0.0000 	 0.6893 	 8 	 2 
61.30 	 0.0000 	 0.6890 	 8 	 6 
61.40 	 0.0000 	 0.6895 	 8 	 6 
61.50 	 0.0000 	 0.6897 	 8 	 7 
61.60 	 0.0000 	 0.6890 	 9 	 0 
61.70 	 3.3333 	 0.6884 	 9 	 7 
61.80 	 0.0000 	 0.6877 	 9 	 15 
61.90 	 0.0000 	 0.6869 	 9 	 0 
62.00 	 3.3333 	 0.6870 	 9 	 1 
62.10 	 0.0000 	 0.6869 	 9 	 5 
62.20 	 3.3333 	 0.6880 	 9 	 1 
62.30 	 0.0000 	 0.6877 	 9 	 2 
62.40 	 0.0000 	 0.6882 	 9 	 2 
62.50 	 0.0000 	 0.6873 	 9 	 2 
62.60 	 0.0000 	 0.6870 	 9 	 2 
62.70 	 0.0000 	 0.6874 	 9 	 6 
62.80 	 0.0000 	 0.6874 	 9 	 6 
62.90 	 0.0000 	 0.6874 	 9 	 7 
63.00 	 0.0000 	 0.6871 	 9 	 0 
63.10 	 3.3333 	 0.6879 	 9 	 7 
63.20 	 0.0000 	 0.6876 	 9 	 7 
63.30 	 0.0000 	 0.6873 	 9 	 0 
63.40 	 3.3333 	 0.6868 	 9 	 1 
63.50 	 0.0000 	 0.6870 	 9 	 1 
63.60 	 0.0000 	 0.6873 	 9 	 1 
63.70 	 3.3333 	 0.6884 	 9 	 1 
63.80 	 0.0000 	 0.6890 	 9 	 2 
63.90 	 0.0000 	 0.6893 	 9 	 2 
64.00 	 0.0000 	 0.6880 	 9 	 2 
64.10 	 0.0000 	 0.6877 	 9 	 2 
64.20 	 0.0000 	 0.6869 	 9 	 6 
64.30 	 0.0000 	 0.6869 	 9 	 6 
64.40 	 0.0000 	 0.6873 	 9 	 0 
64.50 	 0.0000 	 0.6876 	 9 	 0 
64.60 	 3.3333 	 0.6875 	 9 	 7 
64.70 	 0.0000 	 0.6877 	 9 	 0 
64.80 	 3.3333 	 0.6876 	 9 	 1 
64.90 	 0.0000 	 0.6869 	 9 	 1 
65.00 	 0.0000 	 0.6872 	 9 	 1 
65.10 	 0.0000 	 0.6878 	 9 	 1 
65.20 	 0.0000 	 0.6876 	 9 	 2 
65.30 	 3.3333 	 0.6874 	 9 	 2 
65.40 	 0.0000 	 0.6870 	 9 	 2 
65.50 	 0.0000 	 0.6864 	 9 	 2 
65.60 	 0.0000 	 0.6868 	 9 	 6 
65.70 	 0.0000 	 0.6873 	 9 	 6 
65.80 	 0.0000 	 0.6873 	 9 	 7 
65.90 	 0.0000 	 0.6873 	 10 	 0 
66.00 	 3.3333 	 0.6880 	 10 	 7 
66.10 	 0.0000 	 0.6876 	 10 	 7 
66.20 	 3.3333 	 0.6878 	 10 	 1 
66.30 	 0.0000 	 0.6876 	 10 	 1 
66.40 	 0.0000 	 0.6873 	 10 	 1 
66.50 	 0.0000 	 0.6866 	 10 	 1 
66.60 	 0.0000 	 0.6866 	 10 	 13 
66.70 	 0.0000 	 0.6871 	 10 	 2 
66.80 	 3.3333 	 0.6880 	 10 	 2 
66.90 	 0.0000 	 0.6876 	 10 	 2 
67.00 	 0.0000 	 0.6878 	 10 	 6 
67.10 	 0.0000 	 0.6872 	 10 	 6 
67.20 	 0.0000 	 0.6874 	 10 	 7 
67.30 	 0.0000 	 0.6871 	 10 	 0 
67.40 	 0.0000 	 0.6870 	 10 	 0 
67.50 	 3.3333 	 0.6872 	 10 	 7 
67.60 	 0.0000 	 0.6873 	 10 	 0 
67.70 	 3.3333 	 0.6863 	 10 	 1 
67.80 	 0.0000 	 0.6857 	 10 	 1 
67.90 	 0.0000 	 0.6856 	 10 	 1 
68.00 	 0.0000 	 0.6860 	 10 	 13 
68.10 	 0.0000 	 0.6861 	 10 	 13 
68.20 	 0.0000 	 0.6858 	 10 	 2 
68.30 	 0.0000 	 0.6857 	 10 	 2 
68.40 	 3.3333 	 0.6861 	 10 	 6 
68.50 	 0.0000 	 0.6857 	 10 	 6 
68.60 	 0.0000 	 0.6854 	 10 	 0 
68.70 	 0.0000 	 0.6846 	 10 	 0 
68.80 	 0.0000 	 0.6841 	 10 	 0 
68.90 	 3.3333 	 0.6844 	 10 	 7 
69.00 	 0.0000 	 0.6848 	 10 	 0 
69.10 	 3.3333 	 0.6853 	 10 	 1 
69.20 	 0.0000 	 0.6856 	 10 	 1 
69.30 	 0.0000 	 0.6847 	 10 	 1 
69.40 	 0.0000 	 0.6842 	 10 	 1 
69.50 	 0.0000 	 0.6843 	 10 	 13 
69.60 	 0.0000 	 0.6849 	 10 	 2 
69.70 	 0.0000 	 0.6855 	 10 	 2 
69.80 	 0.0000 	 0.6854 	 10 	 2 
69.90 	 0.0000 	 0.6852 	 10 	 6 
70.00 	 3.3333 	 0.6855 	 10 	 0 
70.10 	 0.0000 	 0.6853 	 10 	 0 
70.20 	 0.0000 	 0.6853 	 11 	 0 
70.30 	 0.0000 	 0.6856 	 11 	 0 
70.40 	 3.3333 	 0.6858 	 11 	 0 
70.50 	 3.3333 	 0.6855 	 11 	 1 
70.60 	 0.0000 	 0.6854 	 11 	 1 
70.70 	 0.0000 	 0.6847 	 11 	 1 
70.80 	 0.0000 	 0.6846 	 11 	 1 
70.90 	 0.0000 	 0.6841 	 11 	 1 
71.00 	 0.0000 	 0.6841 	 11 	 13 
71.10 	 0.0000 	 0.6841 	 11 	 2 
71.20 	 0.0000 	 0.6845 	 11 	 2 
71.30 	 0.0000 	 0.6852 	 11 	 6 
71.40 	 0.0000 	 0.6854 	 11 	 0 
71.50 	 3.3333 	 0.6852 	 11 	 0 
71.60 	 0.0000 	 0.6848 	 11 	 0 
71.70 	 0.0000 	 0.6846 	 11 	 0 
71.80 	 0.0000 	 0.6849 	 11 	 0 
71.90 	 6.6667 	 0.6855 	 11 	 1 
72.00 	 0.0000 	 0.6852 	 11 	 1 
72.10 	 0.0000 	 0.6842 	 11 	 1 
72.20 	 0.0000 	 0.6844 	 11 	 1 
72.30 	 0.0000 	 0.6847 	 11 	 5 
72.40 	 0.0000 	 0.6852 	 11 	 1 
72.50 	 0.0000 	 0.6852 	 11 	 2 
72.60 	 0.0000 	 0.6849 	 11 	 2 
72.70 	 0.0000 	 0.6852 	 11 	 14 
72.80 	 0.0000 	 0.6851 	 11 	 6 
72.90 	 0.0000 	 0.6846 	 11 	 0 
73.00 	 0.0000 	 0.6851 	 11 	 0 
73.10 	 3.3333 	 0.6844 	 11 	 0 
73.20 	 0.0000 	 0.6845 	 11 	 0 
73.30 	 6.6667 	 0.6842 	 11 	 1 
73.40 	 0.0000 	 0.6840 	 11 	 1 
73.50 	 0.0000 	 0.6845 	 11 	 1 
73.60 	 0.0000 	 0.6848 	 11 	 1 
73.70 	 0.0000 	 0.6848 	 11 	 5 
73.80 	 0.0000 	 0.6853 	 11 	 1 
73.90 	 0.0000 	 0.6851 	 11 	 6 
74.00 	 0.0000 	 0.6846 	 11 	 2 
74.10 	 0.0000 	 0.6850 	 11 	 14 
74.20 	 0.0000 	 0.6847 	 11 	 0 
74.30 	 0.0000 	 0.6856 	 11 	 11 
74.40 	 0.0000 	 0.6861 	 12 	 0 
74.50 	 0.0000 	 0.6861 	 12 	 0 
74.60 	 0.0000 	 0.6858 	 12 	 0 
74.70 	 3.3333 	 0.6850 	 12 	 0 
74.80 	 6.6667 	 0.6846 	 12 	 1 
74.90 	 0.0000 	 0.6843 	 12 	 1 
75.00 	 0.0000 	 0.6840 	 12 	 1 
75.10 	 0.0000 	 0.6841 	 12 	 1 
75.20 	 0.0000 	 0.6844 	 12 	 5 
75.30 	 0.0000 	 0.6840 	 12 	 6 
75.40 	 0.0000 	 0.6836 	 12 	 6 
75.50 	 0.0000 	 0.6834 	 12 	 6 
75.60 	 0.0000 	 0.6839 	 12 	 6 
75.70 	 0.0000 	 0.6837 	 12 	 11 
75.80 	 0.0000 	 0.6833 	 12 	 0 
75.90 	 0.0000 	 0.6835 	 12 	 0 
76.00 	 0.0000 	 0.6840 	 12 	 0 
76.10 	 0.0000 	 0.6845 	 12 	 0 
76.20 	 10.0000 	 0.6847 	 12 	 1 
76.30 	 0.0000 	 0.6840 	 12 	 1 
76.40 	 0.0000 	 0.6839 	 12 	 1 
76.50 	 0.0000 	 0.6838 	 12 	 1 
76.60 	 0.0000 	 0.6844 	 12 	 5 
76.70 	 0.0000 	 0.6846 	 12 	 6 
76.80 	 0.0000 	 0.6853 	 12 	 6 
76.90 	 0.0000 	 0.6850 	 12 	 2 
77.00 	 0.0000 	 0.6849 	 12 	 6 
77.10 	 0.0000 	 0.6847 	 12 	 0 
77.20 	 0.0000 	 0.6856 	 12 	 0 
77.30 	 0.0000 	 0.6854 	 12 	 0 
77.40 	 0.0000 	 0.6849 	 12 	 0 
77.50 	 0.0000 	 0.6849 	 12 	 0 
77.60 	 3.3333 	 0.6844 	 12 	 12 
77.70 	 3.3333 	 0.6851 	 12 	 12 
77.80 	 3.3333 	 0.6852 	 12 	 1 
77.90 	 0.0000 	 0.6853 	 12 	 1 
78.00 	 0.0000 	 0.6846 	 12 	 5 
78.10 	 0.0000 	 0.6848 	 12 	 5 
78.20 	 0.0000 	 0.6844 	 12 	 6 
78.30 	 0.0000 	 0.6851 	 12 	 6 
78.40 	 0.0000 	 0.6854 	 12 	 6 
78.50 	 0.0000 	 0.6850 	 13 	 0 
78.60 	 0.0000 	 0.6848 	 13 	 0 
78.70 	 0.0000 	 0.6844 	 13 	 0 
78.80 	 0.0000 	 0.6844 	 13 	 0 
78.90 	 0.0000 	 0.6839 	 13 	 0 
79.00 	 3.3333 	 0.6849 	 13 	 12 
79.10 	 0.0000 	 0.6853 	 13 	 12 
79.20 	 3.3333 	 0.6853 	 13 	 1 
79.30 	 3.3333 	 0.6845 	 13 	 1 
79.40 	 0.0000 	 0.6844 	 13 	 5 
79.50 	 0.0000 	 0.6845 	 13 	 5 
79.60 	 0.0000 	 0.6846 	 13 	 6 
79.70 	 0.0000 	 0.6850 	 13 	 6 
79.80 	 0.0000 	 0.6845 	 13 	 6 
79.90 	 0.0000 	 0.6847 	 13 	 0 
80.00 	 0.0000 	 0.6844 	 13 	 0 
80.10 	 0.0000 	 0.6846 	 13 	 0 
80.20 	 0.0000 	 0.6842 	 13 	 0 
80.30 	 0.0000 	 0.6841 	 13 	 0 
80.40 	 3.3333 	 0.6844 	 13 	 12 
80.50 	 0.0000 	 0.6846 	 13 	 12 
80.60 	 3.3333 	 0.6843 	 13 	 1 
80.70 	 0.0000 	 0.6845 	 13 	 1 
80.80 	 0.0000 	 0.6841 	 13 	 5 
80.90 	 3.3333 	 0.6847 	 13 	 5 
81.00 	 0.0000 	 0.6843 	 13 	 10 
81.10 	 0.0000 	 0.6841 	 13 	 6 
81.20 	 0.0000 	 0.6846 	 13 	 6 
81.30 	 0.0000 	 0.6843 	 13 	 6 
81.40 	 0.0000 	 0.6842 	 13 	 11 
81.50 	 0.0000 	 0.6845 	 13 	 0 
81.60 	 0.0000 	 0.6842 	 13 	 0 
81.70 	 0.0000 	 0.6843 	 13 	 0 
81.80 	 0.0000 	 0.6843 	 13 	 0 
81.90 	 3.3333 	 0.6839 	 13 	 12 
82.00 	 0.0000 	 0.6831 	 13 	 12 
82.10 	 3.3333 	 0.6835 	 13 	 1 
82.20 	 0.0000 	 0.6838 	 13 	 1 
82.30 	 0.0000 	 0.6840 	 13 	 5 
82.40 	 3.3333 	 0.6846 	 13 	 1 
82.50 	 0.0000 	 0.6845 	 13 	 6 
82.60 	 0.0000 	 0.6843 	 14 	 6 
82.70 	 0.0000 	 0.6845 	 14 	 6 
82.80 	 0.0000 	 0.6849 	 14 	 11 
82.90 	 0.0000 	 0.6851 	 14 	 0 
83.00 	 0.0000 	 0.6843 	 14 	 0 
83.10 	 0.0000 	 0.6845 	 14 	 0 
83.20 	 0.0000 	 0.6846 	 14 	 0 
83.30 	 3.3333 	 0.6843 	 14 	 0 
83.40 	 0.0000 	 0.6840 	 14 	 5 
83.50 	 3.3333 	 0.6844 	 14 	 1 
83.60 	 0.0000 	 0.6841 	 14 	 1 
83.70 	 0.0000 	 0.6839 	 14 	 5 
83.80 	 0.0000 	 0.6839 	 14 	 1 
83.90 	 0.0000 	 0.6844 	 14 	 6 
84.00 	 3.3333 	 0.6845 	 14 	 6 
84.10 	 0.0000 	 0.6842 	 14 	 6 
84.20 	 0.0000 	 0.6843 	 14 	 11 
84.30 	 0.0000 	 0.6837 	 14 	 0 
84.40 	 0.0000 	 0.6836 	 14 	 0 
84.50 	 0.0000 	 0.6835 	 14 	 0 
84.60 	 0.0000 	 0.6833 	 14 	 0 
84.70 	 3.3333 	 0.6827 	 14 	 4 
84.80 	 0.0000 	 0.6828 	 14 	 0 
84.90 	 0.0000 	 0.6832 	 14 	 5 
85.00 	 3.3333 	 0.6838 	 14 	 1 
85.10 	 0.0000 	 0.6840 	 14 	 13 
85.20 	 0.0000 	 0.6831 	 14 	 1 
85.30 	 0.0000 	 0.6834 	 14 	 1 
85.40 	 0.0000 	 0.6838 	 14 	 6 
85.50 	 3.3333 	 0.6843 	 14 	 6 
85.60 	 0.0000 	 0.6848 	 14 	 11 
85.70 	 0.0000 	 0.6847 	 14 	 0 
85.80 	 0.0000 	 0.6852 	 14 	 0 
85.90 	 0.0000 	 0.6847 	 14 	 0 
86.00 	 0.0000 	 0.6842 	 14 	 0 
86.10 	 3.3333 	 0.6840 	 14 	 4 
86.20 	 0.0000 	 0.6837 	 14 	 0 
86.30 	 0.0000 	 0.6839 	 14 	 5 
86.40 	 3.3333 	 0.6842 	 14 	 1 
86.50 	 0.0000 	 0.6844 	 14 	 5 
86.60 	 0.0000 	 0.6842 	 14 	 1 
86.70 	 0.0000 	 0.6843 	 14 	 10 
86.80 	 0.0000 	 0.6839 	 15 	 19 
86.90 	 0.0000 	 0.6839 	 15 	 6 
87.00 	 0.0000 	 0.6841 	 15 	 11 
87.10 	 3.3333 	 0.6840 	 15 	 11 
87.20 	 0.0000 	 0.6839 	 15 	 0 
87.30 	 0.0000 	 0.6842 	 15 	 0 
87.40 	 0.0000 	 0.6842 	 15 	 0 
87.50 	 3.3333 	 0.6841 	 15 	 4 
87.60 	 0.0000 	 0.6847 	 15 	 4 
87.70 	 0.0000 	 0.6838 	 15 	 5 
87.80 	 0.0000 	 0.6839 	 15 	 5 
87.90 	 3.3333 	 0.6836 	 15 	 5 
88.00 	 0.0000 	 0.6833 	 15 	 5 
88.10 	 0.0000 	 0.6841 	 15 	 10 
88.20 	 0.0000 	 0.6844 	 15 	 10 
88.30 	 0.0000 	 0.6842 	 15 	 3 
88.40 	 0.0000 	 0.6841 	 15 	 6 
88.50 	 0.0000 	 0.6840 	 15 	 11 
88.60 	 0.0000 	 0.6842 	 15 	 0 
88.70 	 3.3333 	 0.6846 	 15 	 0 
88.80 	 0.0000 	 0.6845 	 15 	 0 
88.90 	 0.0000 	 0.6843 	 15 	 0 
89.00 	 3.3333 	 0.6839 	 15 	 4 
89.10 	 0.0000 	 0.6837 	 15 	 5 
89.20 	 0.0000 	 0.6831 	 15 	 5 
89.30 	 3.3333 	 0.6831 	 15 	 1 
89.40 	 0.0000 	 0.6832 	 15 	 5 
89.50 	 0.0000 	 0.6832 	 15 	 10 
89.60 	 0.0000 	 0.6836 	 15 	 10 
89.70 	 0.0000 	 0.6833 	 15 	 6 
89.80 	 0.0000 	 0.6833 	 15 	 3 
89.90 	 0.0000 	 0.6840 	 15 	 11 
90.00 	 0.0000 	 0.6832 	 15 	 11 
90.10 	 0.0000 	 0.6840 	 15 	 0 
90.20 	 3.3333 	 0.6839 	 15 	 0 
90.30 	 0.0000 	 0.6834 	 15 	 0 
90.40 	 3.3333 	 0.6835 	 15 	 4 
90.50 	 0.0000 	 0.6833 	 15 	 5 
90.60 	 0.0000 	 0.6835 	 15 	 5 
90.70 	 0.0000 	 0.6833 	 15 	 5 
90.80 	 3.3333 	 0.6832 	 15 	 5 
90.90 	 0.0000 	 0.6835 	 15 	 10 
91.00 	 0.0000 	 0.6841 	 16 	 10 
91.10 	 0.0000 	 0.6840 	 16 	 10 
91.20 	 0.0000 	 0.6840 	 16 	 3 
91.30 	 0.0000 	 0.6843 	 16 	 11 
91.40 	 0.0000 	 0.6843 	 16 	 11 
91.50 	 0.0000 	 0.6842 	 16 	 11 
91.60 	 0.0000 	 0.6840 	 16 	 0 
91.70 	 0.0000 	 0.6840 	 16 	 0 
91.80 	 6.6667 	 0.6836 	 16 	 4 
91.90 	 0.0000 	 0.6828 	 16 	 0 
92.00 	 0.0000 	 0.6828 	 16 	 5 
92.10 	 0.0000 	 0.6835 	 16 	 5 
92.20 	 0.0000 	 0.6837 	 16 	 5 
92.30 	 3.3333 	 0.6837 	 16 	 18 
92.40 	 0.0000 	 0.6843 	 16 	 10 
92.50 	 0.0000 	 0.6840 	 16 	 10 
92.60 	 0.0000 	 0.6842 	 16 	 3 
92.70 	 0.0000 	 0.6840 	 16 	 3 
92.80 	 0.0000 	 0.6843 	 16 	 11 
92.90 	 0.0000 	 0.6842 	 16 	 11 
93.00 	 0.0000 	 0.6839 	 16 	 0 
93.10 	 0.0000 	 0.6833 	 16 	 0 
93.20 	 3.3333 	 0.6836 	 16 	 4 
93.30 	 3.3333 	 0.6834 	 16 	 4 
93.40 	 0.0000 	 0.6835 	 16 	 5 
93.50 	 0.0000 	 0.6834 	 16 	 5 
93.60 	 0.0000 	 0.6835 	 16 	 5 
93.70 	 3.3333 	 0.6843 	 16 	 5 
93.80 	 0.0000 	 0.6838 	 16 	 10 
93.90 	 0.0000 	 0.6841 	 16 	 10 
94.00 	 0.0000 	 0.6840 	 16 	 3 
94.10 	 0.0000 	 0.6838 	 16 	 3 
94.20 	 0.0000 	 0.6841 	 16 	 3 
94.30 	 0.0000 	 0.6838 	 16 	 11 
94.40 	 0.0000 	 0.6844 	 16 	 0 
94.50 	 0.0000 	 0.6846 	 16 	 0 
94.60 	 3.3333 	 0.6843 	 16 	 4 
94.70 	 0.0000 	 0.6838 	 16 	 4 
94.80 	 0.0000 	 0.6842 	 16 	 0 
94.90 	 3.3333 	 0.6841 	 16 	 5 
95.00 	 0.0000 	 0.6842 	 16 	 5 
95.10 	 0.0000 	 0.6841 	 16 	 5 
95.20 	 3.3333 	 0.6840 	 16 	 10 
95.30 	 0.0000 	 0.6833 	 17 	 10 
95.40 	 0.0000 	 0.6839 	 17 	 3 
95.50 	 0.0000 	 0.6843 	 17 	 3 
95.60 	 0.0000 	 0.6845 	 17 	 3 
95.70 	 0.0000 	 0.6840 	 17 	 0 
95.80 	 0.0000 	 0.6835 	 17 	 4 
95.90 	 0.0000 	 0.6836 	 17 	 0 
96.00 	 0.0000 	 0.6839 	 17 	 0 
96.10 	 3.3333 	 0.6842 	 17 	 4 
96.20 	 0.0000 	 0.6852 	 17 	 0 
96.30 	 0.0000 	 0.6843 	 17 	 5 
96.40 	 3.3333 	 0.6839 	 17 	 5 
96.50 	 0.0000 	 0.6831 	 17 	 5 
96.60 	 3.3333 	 0.6833 	 17 	 10 
96.70 	 0.0000 	 0.6833 	 17 	 10 
96.80 	 0.0000 	 0.6839 	 17 	 10 
96.90 	 0.0000 	 0.6838 	 17 	 3 
97.00 	 0.0000 	 0.6831 	 17 	 3 
97.10 	 0.0000 	 0.6838 	 17 	 3 
97.20 	 0.0000 	 0.6833 	 17 	 4 
97.30 	 0.0000 	 0.6829 	 17 	 4 
97.40 	 0.0000 	 0.6833 	 17 	 0 
97.50 	 3.3333 	 0.6830 	 17 	 12 
97.60 	 0.0000 	 0.6833 	 17 	 0 
97.70 	 0.0000 	 0.6843 	 17 	 0 
97.80 	 0.0000 	 0.6837 	 17 	 5 
97.90 	 0.0000 	 0.6842 	 17 	 2 
98.00 	 3.3333 	 0.6837 	 17 	 10 
98.10 	 3.3333 	 0.6838 	 17 	 10 
98.20 	 0.0000 	 0.6832 	 17 	 10 
98.30 	 0.0000 	 0.6834 	 17 	 3 
98.40 	 0.0000 	 0.6837 	 17 	 3 
98.50 	 0.0000 	 0.6832 	 17 	 3 
98.60 	 0.0000 	 0.6833 	 17 	 0 
98.70 	 0.0000 	 0.6838 	 17 	 4 
98.80 	 0.0000 	 0.6847 	 17 	 0 
98.90 	 3.3333 	 0.6842 	 17 	 4 
99.00 	 0.0000 	 0.6842 	 17 	 17 
99.10 	 0.0000 	 0.6840 	 17 	 9 
99.20 	 0.0000 	 0.6833 	 17 	 5 
99.30 	 0.0000 	 0.6834 	 17 	 5 
99.40 	 0.0000 	 0.6834 	 17 	 10 
99.50 	 6.6667 	 0.6838 	 17 	 10 
99.60 	 0.0000 	 0.6835 	 17 	 10 
99.70 	 0.0000 	 0.6829 	 17 	 3 
99.80 	 0.0000 	 0.6832 	 18 	 3 
99.90 	 0.0000 	 0.6831 	 18 	 3 
100.00 	 0.0000 	 0.6835 	 18 	 0 
