# Optimal flow and avg speed dependent on time 
 # Aggressives: 0 
 # Velocity factor: 0.25 
0.10 	 0.0000 	 0.6787 	 10 	 0 
0.20 	 0.0000 	 0.6774 	 10 	 0 
0.30 	 0.0000 	 0.6772 	 10 	 0 
0.40 	 3.3333 	 0.6768 	 10 	 1 
0.50 	 0.0000 	 0.6760 	 10 	 1 
0.60 	 0.0000 	 0.6758 	 10 	 10 
0.70 	 0.0000 	 0.6759 	 10 	 10 
0.80 	 0.0000 	 0.6749 	 10 	 10 
0.90 	 3.3333 	 0.6743 	 10 	 1 
1.00 	 0.0000 	 0.6741 	 10 	 1 
1.10 	 0.0000 	 0.6736 	 10 	 0 
1.20 	 0.0000 	 0.6735 	 10 	 0 
1.30 	 3.3333 	 0.6734 	 10 	 10 
1.40 	 0.0000 	 0.6737 	 10 	 1 
1.50 	 0.0000 	 0.6733 	 10 	 1 
1.60 	 0.0000 	 0.6732 	 10 	 10 
1.70 	 0.0000 	 0.6734 	 10 	 10 
1.80 	 0.0000 	 0.6723 	 10 	 10 
1.90 	 3.3333 	 0.6716 	 10 	 10 
2.00 	 0.0000 	 0.6720 	 10 	 10 
2.10 	 0.0000 	 0.6722 	 10 	 10 
2.20 	 0.0000 	 0.6721 	 10 	 10 
2.30 	 0.0000 	 0.6724 	 10 	 10 
2.40 	 3.3333 	 0.6722 	 10 	 10 
2.50 	 0.0000 	 0.6717 	 10 	 10 
2.60 	 0.0000 	 0.6710 	 10 	 10 
2.70 	 0.0000 	 0.6702 	 10 	 10 
2.80 	 3.3333 	 0.6704 	 10 	 9 
2.90 	 0.0000 	 0.6709 	 10 	 9 
3.00 	 0.0000 	 0.6703 	 10 	 10 
3.10 	 0.0000 	 0.6700 	 10 	 10 
3.20 	 0.0000 	 0.6711 	 10 	 10 
3.30 	 3.3333 	 0.6700 	 10 	 10 
3.40 	 0.0000 	 0.6692 	 10 	 10 
3.50 	 0.0000 	 0.6694 	 10 	 10 
3.60 	 0.0000 	 0.6649 	 10 	 10 
3.70 	 0.0000 	 0.6651 	 10 	 10 
3.80 	 3.3333 	 0.6645 	 10 	 10 
3.90 	 0.0000 	 0.6634 	 10 	 10 
4.00 	 0.0000 	 0.6640 	 10 	 10 
4.10 	 0.0000 	 0.6637 	 10 	 10 
4.20 	 0.0000 	 0.6641 	 10 	 10 
4.30 	 3.3333 	 0.6621 	 10 	 9 
4.40 	 0.0000 	 0.6624 	 10 	 9 
4.50 	 0.0000 	 0.6632 	 10 	 10 
4.60 	 0.0000 	 0.6627 	 10 	 10 
4.70 	 0.0000 	 0.6629 	 10 	 10 
4.80 	 3.3333 	 0.6631 	 10 	 10 
4.90 	 0.0000 	 0.6630 	 10 	 10 
5.00 	 0.0000 	 0.6633 	 10 	 10 
5.10 	 0.0000 	 0.6651 	 10 	 10 
5.20 	 0.0000 	 0.6640 	 10 	 10 
5.30 	 3.3333 	 0.6647 	 10 	 10 
5.40 	 0.0000 	 0.6640 	 10 	 10 
5.50 	 0.0000 	 0.6640 	 10 	 10 
5.60 	 0.0000 	 0.6633 	 10 	 10 
5.70 	 3.3333 	 0.6624 	 10 	 10 
5.80 	 0.0000 	 0.6625 	 10 	 10 
5.90 	 0.0000 	 0.6621 	 10 	 10 
6.00 	 0.0000 	 0.6617 	 10 	 10 
6.10 	 0.0000 	 0.6607 	 10 	 10 
6.20 	 0.0000 	 0.6602 	 10 	 10 
6.30 	 3.3333 	 0.6588 	 10 	 10 
6.40 	 0.0000 	 0.6579 	 10 	 10 
6.50 	 0.0000 	 0.6576 	 10 	 10 
6.60 	 0.0000 	 0.6570 	 10 	 10 
6.70 	 0.0000 	 0.6575 	 10 	 10 
6.80 	 3.3333 	 0.6575 	 10 	 10 
6.90 	 0.0000 	 0.6578 	 10 	 10 
7.00 	 0.0000 	 0.6578 	 10 	 10 
7.10 	 0.0000 	 0.6574 	 10 	 10 
7.20 	 3.3333 	 0.6569 	 10 	 10 
7.30 	 0.0000 	 0.6571 	 10 	 10 
7.40 	 0.0000 	 0.6579 	 10 	 10 
7.50 	 0.0000 	 0.6574 	 10 	 10 
7.60 	 0.0000 	 0.6568 	 10 	 10 
7.70 	 3.3333 	 0.6574 	 10 	 10 
7.80 	 0.0000 	 0.6581 	 10 	 10 
7.90 	 0.0000 	 0.6587 	 10 	 10 
8.00 	 0.0000 	 0.6594 	 10 	 10 
8.10 	 0.0000 	 0.6602 	 10 	 10 
8.20 	 3.3333 	 0.6589 	 10 	 10 
8.30 	 0.0000 	 0.6597 	 10 	 10 
8.40 	 0.0000 	 0.6604 	 10 	 10 
8.50 	 0.0000 	 0.6608 	 10 	 10 
8.60 	 0.0000 	 0.6601 	 10 	 10 
8.70 	 3.3333 	 0.6602 	 10 	 10 
8.80 	 0.0000 	 0.6606 	 10 	 10 
8.90 	 0.0000 	 0.6598 	 10 	 9 
9.00 	 0.0000 	 0.6608 	 10 	 9 
9.10 	 0.0000 	 0.6611 	 10 	 9 
9.20 	 3.3333 	 0.6630 	 10 	 9 
9.30 	 0.0000 	 0.6631 	 10 	 10 
9.40 	 0.0000 	 0.6628 	 10 	 10 
9.50 	 0.0000 	 0.6634 	 10 	 10 
9.60 	 0.0000 	 0.6627 	 10 	 10 
9.70 	 3.3333 	 0.6628 	 10 	 10 
9.80 	 0.0000 	 0.6637 	 10 	 10 
9.90 	 0.0000 	 0.6650 	 10 	 9 
10.00 	 0.0000 	 0.6645 	 10 	 9 
10.10 	 3.3333 	 0.6659 	 10 	 9 
10.20 	 0.0000 	 0.6659 	 10 	 9 
10.30 	 0.0000 	 0.6650 	 10 	 9 
10.40 	 0.0000 	 0.6655 	 10 	 9 
10.50 	 0.0000 	 0.6650 	 10 	 9 
10.60 	 0.0000 	 0.6661 	 10 	 9 
10.70 	 3.3333 	 0.6658 	 10 	 9 
10.80 	 0.0000 	 0.6665 	 10 	 10 
10.90 	 0.0000 	 0.6658 	 10 	 10 
11.00 	 0.0000 	 0.6669 	 10 	 10 
11.10 	 0.0000 	 0.6664 	 10 	 8 
11.20 	 3.3333 	 0.6657 	 10 	 9 
11.30 	 0.0000 	 0.6646 	 10 	 9 
11.40 	 0.0000 	 0.6657 	 10 	 10 
11.50 	 0.0000 	 0.6642 	 10 	 9 
11.60 	 3.3333 	 0.6581 	 10 	 9 
11.70 	 0.0000 	 0.6583 	 10 	 9 
11.80 	 0.0000 	 0.6529 	 10 	 9 
11.90 	 0.0000 	 0.6515 	 10 	 10 
12.00 	 0.0000 	 0.6468 	 10 	 10 
12.10 	 3.3333 	 0.6468 	 10 	 9 
12.20 	 0.0000 	 0.6459 	 10 	 9 
12.30 	 0.0000 	 0.6459 	 10 	 9 
12.40 	 0.0000 	 0.6459 	 10 	 9 
12.50 	 0.0000 	 0.6450 	 10 	 9 
12.60 	 3.3333 	 0.6448 	 10 	 9 
12.70 	 0.0000 	 0.6448 	 10 	 9 
12.80 	 0.0000 	 0.6444 	 10 	 9 
12.90 	 0.0000 	 0.6453 	 10 	 9 
13.00 	 0.0000 	 0.6467 	 10 	 9 
13.10 	 3.3333 	 0.6474 	 10 	 9 
13.20 	 0.0000 	 0.6466 	 10 	 10 
13.30 	 0.0000 	 0.6474 	 10 	 10 
13.40 	 0.0000 	 0.6479 	 10 	 10 
13.50 	 0.0000 	 0.6478 	 10 	 10 
13.60 	 3.3333 	 0.6462 	 10 	 10 
13.70 	 0.0000 	 0.6457 	 10 	 10 
13.80 	 0.0000 	 0.6443 	 10 	 10 
13.90 	 0.0000 	 0.6439 	 10 	 10 
14.00 	 0.0000 	 0.6437 	 10 	 10 
14.10 	 3.3333 	 0.6433 	 10 	 10 
14.20 	 0.0000 	 0.6436 	 10 	 10 
14.30 	 0.0000 	 0.6443 	 10 	 10 
14.40 	 0.0000 	 0.6443 	 10 	 10 
14.50 	 3.3333 	 0.6443 	 10 	 10 
14.60 	 0.0000 	 0.6443 	 10 	 10 
14.70 	 0.0000 	 0.6444 	 10 	 9 
14.80 	 0.0000 	 0.6455 	 10 	 9 
14.90 	 0.0000 	 0.6446 	 10 	 9 
15.00 	 0.0000 	 0.6441 	 10 	 9 
15.10 	 3.3333 	 0.6435 	 10 	 9 
15.20 	 0.0000 	 0.6432 	 10 	 9 
15.30 	 0.0000 	 0.6433 	 10 	 9 
15.40 	 0.0000 	 0.6429 	 10 	 9 
15.50 	 0.0000 	 0.6426 	 10 	 10 
15.60 	 3.3333 	 0.6418 	 10 	 10 
15.70 	 0.0000 	 0.6429 	 10 	 10 
15.80 	 0.0000 	 0.6434 	 10 	 9 
15.90 	 0.0000 	 0.6421 	 10 	 9 
16.00 	 3.3333 	 0.6431 	 10 	 9 
16.10 	 0.0000 	 0.6440 	 10 	 9 
16.20 	 0.0000 	 0.6437 	 10 	 9 
16.30 	 0.0000 	 0.6438 	 10 	 9 
16.40 	 0.0000 	 0.6452 	 10 	 9 
16.50 	 3.3333 	 0.6432 	 10 	 9 
16.60 	 0.0000 	 0.6442 	 10 	 9 
16.70 	 0.0000 	 0.6440 	 10 	 9 
16.80 	 0.0000 	 0.6431 	 10 	 9 
16.90 	 0.0000 	 0.6430 	 10 	 9 
17.00 	 3.3333 	 0.6438 	 10 	 9 
17.10 	 0.0000 	 0.6431 	 10 	 9 
17.20 	 0.0000 	 0.6421 	 10 	 10 
17.30 	 0.0000 	 0.6428 	 10 	 9 
17.40 	 3.3333 	 0.6429 	 10 	 9 
17.50 	 0.0000 	 0.6442 	 10 	 9 
17.60 	 0.0000 	 0.6434 	 10 	 9 
17.70 	 0.0000 	 0.6421 	 10 	 9 
17.80 	 0.0000 	 0.6432 	 10 	 9 
17.90 	 0.0000 	 0.6429 	 10 	 9 
18.00 	 3.3333 	 0.6436 	 10 	 9 
18.10 	 0.0000 	 0.6443 	 10 	 9 
18.20 	 0.0000 	 0.6436 	 10 	 9 
18.30 	 0.0000 	 0.6444 	 10 	 10 
18.40 	 0.0000 	 0.6438 	 10 	 10 
18.50 	 3.3333 	 0.6439 	 10 	 10 
18.60 	 0.0000 	 0.6443 	 10 	 8 
18.70 	 0.0000 	 0.6441 	 10 	 9 
18.80 	 0.0000 	 0.6432 	 10 	 9 
18.90 	 3.3333 	 0.6429 	 10 	 9 
19.00 	 0.0000 	 0.6430 	 10 	 9 
19.10 	 0.0000 	 0.6388 	 10 	 9 
19.20 	 0.0000 	 0.6382 	 10 	 9 
19.30 	 0.0000 	 0.6387 	 10 	 9 
19.40 	 0.0000 	 0.6385 	 10 	 9 
19.50 	 3.3333 	 0.6378 	 10 	 10 
19.60 	 0.0000 	 0.6378 	 10 	 8 
19.70 	 0.0000 	 0.6387 	 10 	 8 
19.80 	 0.0000 	 0.6390 	 10 	 8 
19.90 	 3.3333 	 0.6386 	 10 	 8 
20.00 	 0.0000 	 0.6339 	 10 	 8 
20.10 	 0.0000 	 0.6333 	 10 	 8 
20.20 	 0.0000 	 0.6344 	 10 	 9 
20.30 	 0.0000 	 0.6290 	 10 	 9 
20.40 	 3.3333 	 0.6304 	 10 	 9 
20.50 	 0.0000 	 0.6311 	 10 	 9 
20.60 	 0.0000 	 0.6304 	 10 	 9 
20.70 	 0.0000 	 0.6296 	 10 	 9 
20.80 	 0.0000 	 0.6307 	 10 	 8 
20.90 	 3.3333 	 0.6290 	 10 	 8 
21.00 	 0.0000 	 0.6310 	 10 	 8 
21.10 	 0.0000 	 0.6297 	 10 	 8 
21.20 	 0.0000 	 0.6297 	 10 	 8 
21.30 	 0.0000 	 0.6294 	 10 	 8 
21.40 	 3.3333 	 0.6296 	 10 	 8 
21.50 	 0.0000 	 0.6308 	 10 	 8 
21.60 	 0.0000 	 0.6294 	 10 	 8 
21.70 	 0.0000 	 0.6302 	 10 	 8 
21.80 	 3.3333 	 0.6311 	 10 	 9 
21.90 	 0.0000 	 0.6308 	 10 	 9 
22.00 	 0.0000 	 0.6320 	 10 	 9 
22.10 	 0.0000 	 0.6316 	 10 	 9 
22.20 	 0.0000 	 0.6315 	 10 	 9 
22.30 	 0.0000 	 0.6316 	 10 	 9 
22.40 	 3.3333 	 0.6318 	 10 	 9 
22.50 	 0.0000 	 0.6305 	 10 	 10 
22.60 	 0.0000 	 0.6310 	 10 	 10 
22.70 	 0.0000 	 0.6319 	 10 	 10 
22.80 	 0.0000 	 0.6317 	 10 	 10 
22.90 	 3.3333 	 0.6317 	 10 	 8 
23.00 	 0.0000 	 0.6318 	 10 	 8 
23.10 	 0.0000 	 0.6326 	 10 	 8 
23.20 	 0.0000 	 0.6327 	 10 	 8 
23.30 	 3.3333 	 0.6333 	 10 	 8 
23.40 	 0.0000 	 0.6342 	 10 	 9 
23.50 	 0.0000 	 0.6341 	 10 	 10 
23.60 	 0.0000 	 0.6342 	 10 	 10 
23.70 	 0.0000 	 0.6352 	 10 	 10 
23.80 	 3.3333 	 0.6347 	 10 	 10 
23.90 	 0.0000 	 0.6352 	 10 	 10 
24.00 	 0.0000 	 0.6361 	 10 	 9 
24.10 	 0.0000 	 0.6378 	 10 	 9 
24.20 	 0.0000 	 0.6373 	 10 	 9 
24.30 	 3.3333 	 0.6379 	 10 	 8 
24.40 	 0.0000 	 0.6371 	 10 	 8 
24.50 	 0.0000 	 0.6378 	 10 	 8 
24.60 	 0.0000 	 0.6379 	 10 	 8 
24.70 	 0.0000 	 0.6379 	 10 	 8 
24.80 	 3.3333 	 0.6374 	 10 	 8 
24.90 	 0.0000 	 0.6374 	 10 	 8 
25.00 	 0.0000 	 0.6370 	 10 	 9 
25.10 	 0.0000 	 0.6382 	 10 	 9 
25.20 	 0.0000 	 0.6385 	 10 	 9 
25.30 	 3.3333 	 0.6372 	 10 	 9 
25.40 	 0.0000 	 0.6370 	 10 	 9 
25.50 	 0.0000 	 0.6377 	 10 	 9 
25.60 	 0.0000 	 0.6360 	 10 	 9 
25.70 	 0.0000 	 0.6358 	 10 	 9 
25.80 	 3.3333 	 0.6360 	 10 	 9 
25.90 	 0.0000 	 0.6373 	 10 	 9 
26.00 	 0.0000 	 0.6370 	 10 	 9 
26.10 	 0.0000 	 0.6370 	 10 	 9 
26.20 	 3.3333 	 0.6364 	 10 	 7 
26.30 	 0.0000 	 0.6361 	 10 	 8 
26.40 	 0.0000 	 0.6363 	 10 	 8 
26.50 	 0.0000 	 0.6374 	 10 	 9 
26.60 	 0.0000 	 0.6388 	 10 	 9 
26.70 	 0.0000 	 0.6381 	 10 	 9 
26.80 	 3.3333 	 0.6369 	 10 	 9 
26.90 	 0.0000 	 0.6369 	 10 	 9 
27.00 	 0.0000 	 0.6365 	 10 	 9 
27.10 	 0.0000 	 0.6356 	 10 	 8 
27.20 	 0.0000 	 0.6357 	 10 	 8 
27.30 	 3.3333 	 0.6343 	 10 	 8 
27.40 	 0.0000 	 0.6340 	 10 	 8 
27.50 	 0.0000 	 0.6339 	 10 	 8 
27.60 	 0.0000 	 0.6340 	 10 	 8 
27.70 	 3.3333 	 0.6330 	 10 	 7 
27.80 	 0.0000 	 0.6332 	 10 	 7 
27.90 	 0.0000 	 0.6323 	 10 	 9 
28.00 	 0.0000 	 0.6320 	 10 	 9 
28.10 	 0.0000 	 0.6325 	 10 	 9 
28.20 	 3.3333 	 0.6333 	 10 	 9 
28.30 	 0.0000 	 0.6320 	 10 	 9 
28.40 	 0.0000 	 0.6318 	 10 	 8 
28.50 	 0.0000 	 0.6305 	 10 	 8 
28.60 	 0.0000 	 0.6299 	 10 	 8 
28.70 	 3.3333 	 0.6246 	 10 	 8 
28.80 	 0.0000 	 0.6245 	 10 	 8 
28.90 	 0.0000 	 0.6228 	 10 	 8 
29.00 	 0.0000 	 0.6215 	 10 	 8 
29.10 	 3.3333 	 0.6198 	 10 	 8 
29.20 	 0.0000 	 0.6176 	 10 	 9 
29.30 	 0.0000 	 0.6112 	 10 	 9 
29.40 	 0.0000 	 0.6108 	 10 	 7 
29.50 	 0.0000 	 0.6102 	 10 	 7 
29.60 	 0.0000 	 0.6079 	 10 	 7 
29.70 	 3.3333 	 0.6070 	 10 	 7 
29.80 	 0.0000 	 0.6055 	 10 	 8 
29.90 	 0.0000 	 0.6051 	 10 	 8 
30.00 	 0.0000 	 0.6047 	 10 	 8 
30.10 	 0.0000 	 0.6029 	 10 	 8 
30.20 	 3.3333 	 0.6037 	 10 	 8 
30.30 	 0.0000 	 0.6033 	 10 	 8 
30.40 	 0.0000 	 0.6029 	 10 	 8 
30.50 	 0.0000 	 0.6022 	 10 	 8 
30.60 	 3.3333 	 0.6019 	 10 	 7 
30.70 	 0.0000 	 0.6028 	 10 	 7 
30.80 	 0.0000 	 0.6014 	 10 	 7 
30.90 	 0.0000 	 0.6014 	 10 	 7 
31.00 	 0.0000 	 0.6003 	 10 	 7 
31.10 	 0.0000 	 0.6002 	 10 	 7 
31.20 	 3.3333 	 0.5994 	 10 	 7 
31.30 	 0.0000 	 0.5980 	 10 	 8 
31.40 	 0.0000 	 0.5996 	 10 	 8 
31.50 	 0.0000 	 0.5993 	 10 	 8 
31.60 	 0.0000 	 0.5992 	 10 	 8 
31.70 	 3.3333 	 0.5987 	 10 	 8 
31.80 	 0.0000 	 0.5987 	 10 	 8 
31.90 	 0.0000 	 0.5996 	 10 	 8 
32.00 	 0.0000 	 0.5977 	 10 	 10 
32.10 	 3.3333 	 0.5970 	 10 	 10 
32.20 	 0.0000 	 0.5964 	 10 	 10 
32.30 	 0.0000 	 0.5972 	 10 	 9 
32.40 	 0.0000 	 0.5953 	 10 	 9 
32.50 	 0.0000 	 0.5951 	 10 	 9 
32.60 	 0.0000 	 0.5955 	 10 	 9 
32.70 	 3.3333 	 0.5954 	 10 	 9 
32.80 	 0.0000 	 0.5956 	 10 	 9 
32.90 	 0.0000 	 0.5964 	 10 	 9 
33.00 	 0.0000 	 0.5963 	 10 	 9 
33.10 	 3.3333 	 0.5970 	 10 	 6 
33.20 	 0.0000 	 0.5965 	 10 	 6 
33.30 	 0.0000 	 0.5978 	 10 	 6 
33.40 	 0.0000 	 0.5976 	 10 	 8 
33.50 	 3.3333 	 0.5973 	 10 	 7 
33.60 	 0.0000 	 0.5974 	 10 	 7 
33.70 	 0.0000 	 0.5974 	 10 	 9 
33.80 	 0.0000 	 0.5989 	 10 	 9 
33.90 	 0.0000 	 0.5997 	 10 	 9 
34.00 	 0.0000 	 0.5989 	 10 	 9 
34.10 	 3.3333 	 0.6006 	 10 	 9 
34.20 	 0.0000 	 0.5999 	 10 	 6 
34.30 	 0.0000 	 0.6003 	 10 	 6 
34.40 	 0.0000 	 0.6011 	 10 	 6 
34.50 	 0.0000 	 0.6008 	 10 	 6 
34.60 	 3.3333 	 0.5960 	 10 	 6 
34.70 	 0.0000 	 0.5961 	 10 	 6 
34.80 	 0.0000 	 0.5943 	 10 	 6 
34.90 	 0.0000 	 0.5952 	 10 	 6 
35.00 	 3.3333 	 0.5932 	 10 	 8 
35.10 	 0.0000 	 0.5931 	 10 	 9 
35.20 	 0.0000 	 0.5935 	 10 	 9 
35.30 	 0.0000 	 0.5943 	 10 	 9 
35.40 	 0.0000 	 0.5942 	 10 	 9 
35.50 	 0.0000 	 0.5949 	 10 	 6 
35.60 	 3.3333 	 0.5946 	 10 	 7 
35.70 	 0.0000 	 0.5927 	 10 	 8 
35.80 	 0.0000 	 0.5932 	 10 	 8 
35.90 	 0.0000 	 0.5928 	 10 	 8 
36.00 	 0.0000 	 0.5878 	 10 	 8 
36.10 	 3.3333 	 0.5869 	 10 	 8 
36.20 	 0.0000 	 0.5856 	 10 	 8 
36.30 	 0.0000 	 0.5866 	 10 	 8 
36.40 	 0.0000 	 0.5843 	 10 	 8 
36.50 	 3.3333 	 0.5848 	 10 	 7 
36.60 	 0.0000 	 0.5848 	 10 	 7 
36.70 	 0.0000 	 0.5841 	 10 	 7 
36.80 	 0.0000 	 0.5827 	 10 	 7 
36.90 	 0.0000 	 0.5828 	 10 	 7 
37.00 	 0.0000 	 0.5817 	 10 	 7 
37.10 	 3.3333 	 0.5795 	 10 	 7 
37.20 	 0.0000 	 0.5806 	 10 	 8 
37.30 	 0.0000 	 0.5803 	 10 	 8 
37.40 	 0.0000 	 0.5811 	 10 	 8 
37.50 	 3.3333 	 0.5803 	 10 	 8 
37.60 	 0.0000 	 0.5798 	 10 	 8 
37.70 	 0.0000 	 0.5791 	 10 	 8 
37.80 	 0.0000 	 0.5792 	 10 	 8 
37.90 	 3.3333 	 0.5787 	 10 	 8 
38.00 	 0.0000 	 0.5781 	 10 	 10 
38.10 	 0.0000 	 0.5780 	 10 	 10 
38.20 	 0.0000 	 0.5777 	 10 	 9 
38.30 	 0.0000 	 0.5779 	 10 	 9 
38.40 	 0.0000 	 0.5784 	 10 	 9 
38.50 	 0.0000 	 0.5778 	 10 	 9 
38.60 	 3.3333 	 0.5777 	 10 	 6 
38.70 	 0.0000 	 0.5772 	 10 	 6 
38.80 	 0.0000 	 0.5780 	 10 	 6 
38.90 	 0.0000 	 0.5806 	 10 	 6 
39.00 	 3.3333 	 0.5810 	 10 	 6 
39.10 	 0.0000 	 0.5822 	 10 	 6 
39.20 	 0.0000 	 0.5828 	 10 	 6 
39.30 	 0.0000 	 0.5819 	 10 	 6 
39.40 	 3.3333 	 0.5812 	 10 	 10 
39.50 	 0.0000 	 0.5820 	 10 	 10 
39.60 	 0.0000 	 0.5831 	 10 	 9 
39.70 	 0.0000 	 0.5834 	 10 	 9 
39.80 	 0.0000 	 0.5841 	 10 	 9 
39.90 	 0.0000 	 0.5834 	 10 	 9 
40.00 	 0.0000 	 0.5818 	 10 	 9 
40.10 	 3.3333 	 0.5835 	 10 	 6 
40.20 	 0.0000 	 0.5829 	 10 	 6 
40.30 	 0.0000 	 0.5838 	 10 	 6 
40.40 	 3.3333 	 0.5849 	 10 	 6 
40.50 	 0.0000 	 0.5863 	 10 	 6 
40.60 	 0.0000 	 0.5863 	 10 	 6 
40.70 	 0.0000 	 0.5851 	 10 	 6 
40.80 	 3.3333 	 0.5851 	 10 	 5 
40.90 	 0.0000 	 0.5854 	 10 	 8 
41.00 	 0.0000 	 0.5856 	 10 	 5 
41.10 	 0.0000 	 0.5871 	 10 	 9 
41.20 	 0.0000 	 0.5868 	 10 	 9 
41.30 	 0.0000 	 0.5853 	 10 	 9 
41.40 	 0.0000 	 0.5855 	 10 	 9 
41.50 	 0.0000 	 0.5847 	 10 	 9 
41.60 	 3.3333 	 0.5832 	 10 	 9 
41.70 	 0.0000 	 0.5798 	 10 	 8 
41.80 	 0.0000 	 0.5787 	 10 	 8 
41.90 	 3.3333 	 0.5795 	 10 	 8 
42.00 	 0.0000 	 0.5795 	 10 	 8 
42.10 	 0.0000 	 0.5795 	 10 	 8 
42.20 	 0.0000 	 0.5805 	 10 	 8 
42.30 	 3.3333 	 0.5796 	 10 	 8 
42.40 	 0.0000 	 0.5795 	 10 	 8 
42.50 	 0.0000 	 0.5807 	 10 	 8 
42.60 	 0.0000 	 0.5812 	 10 	 5 
42.70 	 0.0000 	 0.5820 	 10 	 5 
42.80 	 0.0000 	 0.5825 	 10 	 5 
42.90 	 0.0000 	 0.5808 	 10 	 7 
43.00 	 3.3333 	 0.5811 	 10 	 6 
43.10 	 0.0000 	 0.5803 	 10 	 9 
43.20 	 0.0000 	 0.5794 	 10 	 4 
43.30 	 0.0000 	 0.5803 	 10 	 4 
43.40 	 3.3333 	 0.5797 	 10 	 4 
43.50 	 0.0000 	 0.5789 	 10 	 4 
43.60 	 0.0000 	 0.5793 	 10 	 6 
43.70 	 0.0000 	 0.5783 	 10 	 6 
43.80 	 3.3333 	 0.5784 	 10 	 5 
43.90 	 0.0000 	 0.5789 	 10 	 5 
44.00 	 0.0000 	 0.5792 	 10 	 5 
44.10 	 0.0000 	 0.5807 	 10 	 7 
44.20 	 0.0000 	 0.5813 	 10 	 4 
44.30 	 0.0000 	 0.5821 	 10 	 4 
44.40 	 0.0000 	 0.5829 	 10 	 4 
44.50 	 0.0000 	 0.5830 	 10 	 6 
44.60 	 3.3333 	 0.5845 	 10 	 6 
44.70 	 0.0000 	 0.5858 	 10 	 6 
44.80 	 0.0000 	 0.5874 	 10 	 6 
44.90 	 3.3333 	 0.5892 	 10 	 6 
45.00 	 0.0000 	 0.5883 	 10 	 6 
45.10 	 0.0000 	 0.5879 	 10 	 9 
45.20 	 3.3333 	 0.5879 	 10 	 6 
45.30 	 0.0000 	 0.5887 	 10 	 9 
45.40 	 0.0000 	 0.5894 	 10 	 5 
45.50 	 0.0000 	 0.5886 	 10 	 10 
45.60 	 0.0000 	 0.5880 	 10 	 5 
45.70 	 0.0000 	 0.5871 	 10 	 5 
45.80 	 0.0000 	 0.5890 	 10 	 5 
45.90 	 0.0000 	 0.5881 	 10 	 6 
46.00 	 0.0000 	 0.5893 	 10 	 6 
46.10 	 3.3333 	 0.5893 	 10 	 6 
46.20 	 0.0000 	 0.5912 	 10 	 4 
46.30 	 3.3333 	 0.5914 	 10 	 4 
46.40 	 0.0000 	 0.5930 	 10 	 4 
46.50 	 0.0000 	 0.5930 	 10 	 6 
46.60 	 0.0000 	 0.5918 	 10 	 6 
46.70 	 3.3333 	 0.5915 	 10 	 5 
46.80 	 0.0000 	 0.5918 	 10 	 5 
46.90 	 0.0000 	 0.5908 	 10 	 9 
47.00 	 0.0000 	 0.5910 	 10 	 9 
47.10 	 0.0000 	 0.5904 	 10 	 9 
47.20 	 0.0000 	 0.5887 	 10 	 9 
47.30 	 0.0000 	 0.5892 	 10 	 9 
47.40 	 0.0000 	 0.5889 	 10 	 4 
47.50 	 0.0000 	 0.5887 	 10 	 4 
47.60 	 3.3333 	 0.5899 	 10 	 4 
47.70 	 0.0000 	 0.5879 	 10 	 4 
47.80 	 3.3333 	 0.5870 	 10 	 4 
47.90 	 0.0000 	 0.5878 	 10 	 4 
48.00 	 0.0000 	 0.5876 	 10 	 4 
48.10 	 0.0000 	 0.5851 	 10 	 5 
48.20 	 3.3333 	 0.5850 	 10 	 5 
48.30 	 0.0000 	 0.5839 	 10 	 5 
48.40 	 0.0000 	 0.5838 	 10 	 5 
48.50 	 0.0000 	 0.5838 	 10 	 5 
48.60 	 0.0000 	 0.5821 	 10 	 9 
48.70 	 0.0000 	 0.5818 	 10 	 9 
48.80 	 0.0000 	 0.5810 	 10 	 9 
48.90 	 0.0000 	 0.5816 	 10 	 4 
49.00 	 0.0000 	 0.5809 	 10 	 4 
49.10 	 3.3333 	 0.5812 	 10 	 4 
49.20 	 0.0000 	 0.5817 	 10 	 4 
49.30 	 3.3333 	 0.5804 	 10 	 4 
49.40 	 0.0000 	 0.5801 	 10 	 9 
49.50 	 0.0000 	 0.5797 	 10 	 7 
49.60 	 3.3333 	 0.5786 	 10 	 3 
49.70 	 0.0000 	 0.5793 	 10 	 3 
49.80 	 0.0000 	 0.5802 	 10 	 3 
49.90 	 0.0000 	 0.5792 	 10 	 3 
50.00 	 0.0000 	 0.5803 	 10 	 3 
50.10 	 0.0000 	 0.5801 	 10 	 8 
50.20 	 0.0000 	 0.5806 	 10 	 8 
50.30 	 0.0000 	 0.5799 	 10 	 4 
50.40 	 0.0000 	 0.5800 	 10 	 10 
50.50 	 0.0000 	 0.5816 	 10 	 10 
50.60 	 0.0000 	 0.5826 	 10 	 10 
50.70 	 6.6667 	 0.5824 	 10 	 10 
50.80 	 0.0000 	 0.5818 	 10 	 10 
50.90 	 0.0000 	 0.5823 	 10 	 9 
51.00 	 0.0000 	 0.5825 	 10 	 9 
51.10 	 3.3333 	 0.5828 	 10 	 9 
51.20 	 0.0000 	 0.5829 	 10 	 9 
51.30 	 0.0000 	 0.5815 	 10 	 10 
51.40 	 0.0000 	 0.5830 	 10 	 10 
51.50 	 0.0000 	 0.5829 	 10 	 10 
51.60 	 0.0000 	 0.5818 	 10 	 8 
51.70 	 0.0000 	 0.5830 	 10 	 8 
51.80 	 0.0000 	 0.5827 	 10 	 8 
51.90 	 0.0000 	 0.5840 	 10 	 8 
52.00 	 0.0000 	 0.5830 	 10 	 10 
52.10 	 0.0000 	 0.5845 	 10 	 4 
52.20 	 6.6667 	 0.5838 	 10 	 4 
52.30 	 0.0000 	 0.5848 	 10 	 9 
52.40 	 0.0000 	 0.5834 	 10 	 9 
52.50 	 3.3333 	 0.5856 	 10 	 9 
52.60 	 0.0000 	 0.5849 	 10 	 9 
52.70 	 0.0000 	 0.5853 	 10 	 9 
52.80 	 0.0000 	 0.5866 	 10 	 9 
52.90 	 0.0000 	 0.5856 	 10 	 9 
53.00 	 0.0000 	 0.5850 	 10 	 10 
53.10 	 0.0000 	 0.5857 	 10 	 10 
53.20 	 0.0000 	 0.5852 	 10 	 8 
53.30 	 0.0000 	 0.5855 	 10 	 4 
53.40 	 0.0000 	 0.5870 	 10 	 4 
53.50 	 0.0000 	 0.5875 	 10 	 4 
53.60 	 0.0000 	 0.5873 	 10 	 9 
53.70 	 3.3333 	 0.5870 	 10 	 9 
53.80 	 3.3333 	 0.5889 	 10 	 9 
53.90 	 0.0000 	 0.5866 	 10 	 9 
54.00 	 3.3333 	 0.5877 	 10 	 9 
54.10 	 0.0000 	 0.5881 	 10 	 9 
54.20 	 0.0000 	 0.5886 	 10 	 9 
54.30 	 0.0000 	 0.5883 	 10 	 9 
54.40 	 0.0000 	 0.5902 	 10 	 5 
54.50 	 0.0000 	 0.5890 	 10 	 5 
54.60 	 0.0000 	 0.5885 	 10 	 8 
54.70 	 0.0000 	 0.5899 	 10 	 4 
54.80 	 0.0000 	 0.5910 	 10 	 8 
54.90 	 0.0000 	 0.5908 	 10 	 9 
55.00 	 0.0000 	 0.5910 	 10 	 9 
55.10 	 3.3333 	 0.5904 	 10 	 9 
55.20 	 0.0000 	 0.5914 	 10 	 4 
55.30 	 0.0000 	 0.5929 	 10 	 9 
55.40 	 3.3333 	 0.5921 	 10 	 9 
55.50 	 3.3333 	 0.5922 	 10 	 9 
55.60 	 0.0000 	 0.5934 	 10 	 3 
55.70 	 0.0000 	 0.5946 	 10 	 3 
55.80 	 0.0000 	 0.5952 	 10 	 8 
55.90 	 0.0000 	 0.5943 	 10 	 8 
56.00 	 0.0000 	 0.5948 	 10 	 8 
56.10 	 0.0000 	 0.5952 	 10 	 9 
56.20 	 0.0000 	 0.5958 	 10 	 9 
56.30 	 0.0000 	 0.5959 	 10 	 9 
56.40 	 0.0000 	 0.5963 	 10 	 8 
56.50 	 3.3333 	 0.5968 	 10 	 8 
56.60 	 0.0000 	 0.5960 	 10 	 8 
56.70 	 0.0000 	 0.5956 	 10 	 4 
56.80 	 0.0000 	 0.5957 	 10 	 7 
56.90 	 3.3333 	 0.5969 	 10 	 3 
57.00 	 0.0000 	 0.5962 	 10 	 8 
57.10 	 3.3333 	 0.5975 	 10 	 8 
57.20 	 0.0000 	 0.5975 	 10 	 8 
57.30 	 0.0000 	 0.5975 	 10 	 9 
57.40 	 0.0000 	 0.5970 	 10 	 9 
57.50 	 0.0000 	 0.5977 	 10 	 3 
57.60 	 0.0000 	 0.5973 	 10 	 4 
57.70 	 0.0000 	 0.5976 	 10 	 2 
57.80 	 0.0000 	 0.5990 	 10 	 2 
57.90 	 3.3333 	 0.5984 	 10 	 2 
58.00 	 0.0000 	 0.5981 	 10 	 2 
58.10 	 0.0000 	 0.5998 	 10 	 2 
58.20 	 0.0000 	 0.5981 	 10 	 8 
58.30 	 0.0000 	 0.5979 	 10 	 8 
58.40 	 3.3333 	 0.5981 	 10 	 8 
58.50 	 0.0000 	 0.5987 	 10 	 9 
58.60 	 0.0000 	 0.5976 	 10 	 9 
58.70 	 3.3333 	 0.5978 	 10 	 6 
58.80 	 0.0000 	 0.5992 	 10 	 3 
58.90 	 0.0000 	 0.5986 	 10 	 3 
59.00 	 0.0000 	 0.5987 	 10 	 6 
59.10 	 0.0000 	 0.5982 	 10 	 4 
59.20 	 0.0000 	 0.5986 	 10 	 4 
59.30 	 0.0000 	 0.5983 	 10 	 4 
59.40 	 3.3333 	 0.5987 	 10 	 8 
59.50 	 0.0000 	 0.5985 	 10 	 8 
59.60 	 0.0000 	 0.5987 	 10 	 8 
59.70 	 0.0000 	 0.5988 	 10 	 9 
59.80 	 3.3333 	 0.5981 	 10 	 3 
59.90 	 0.0000 	 0.5983 	 10 	 3 
60.00 	 0.0000 	 0.5981 	 10 	 6 
60.10 	 0.0000 	 0.5983 	 10 	 6 
60.20 	 0.0000 	 0.5983 	 10 	 6 
60.30 	 0.0000 	 0.5977 	 10 	 6 
60.40 	 3.3333 	 0.5985 	 10 	 6 
60.50 	 0.0000 	 0.5968 	 10 	 2 
60.60 	 3.3333 	 0.5962 	 10 	 8 
60.70 	 0.0000 	 0.5966 	 10 	 8 
60.80 	 0.0000 	 0.5969 	 10 	 2 
60.90 	 3.3333 	 0.5963 	 10 	 5 
61.00 	 0.0000 	 0.5956 	 10 	 5 
61.10 	 0.0000 	 0.5959 	 10 	 5 
61.20 	 0.0000 	 0.5954 	 10 	 3 
61.30 	 0.0000 	 0.5950 	 10 	 6 
61.40 	 0.0000 	 0.5963 	 10 	 6 
61.50 	 0.0000 	 0.5958 	 10 	 6 
61.60 	 0.0000 	 0.5951 	 10 	 3 
61.70 	 0.0000 	 0.5957 	 10 	 6 
61.80 	 0.0000 	 0.5956 	 10 	 8 
61.90 	 0.0000 	 0.5951 	 10 	 8 
62.00 	 3.3333 	 0.5961 	 10 	 2 
62.10 	 0.0000 	 0.5957 	 10 	 2 
62.20 	 3.3333 	 0.5951 	 10 	 2 
62.30 	 0.0000 	 0.5954 	 10 	 2 
62.40 	 3.3333 	 0.5963 	 10 	 2 
62.50 	 0.0000 	 0.5967 	 10 	 4 
62.60 	 0.0000 	 0.5962 	 10 	 6 
62.70 	 0.0000 	 0.5949 	 10 	 4 
62.80 	 0.0000 	 0.5954 	 10 	 4 
62.90 	 0.0000 	 0.5950 	 10 	 3 
63.00 	 0.0000 	 0.5882 	 10 	 4 
63.10 	 3.3333 	 0.5878 	 10 	 1 
63.20 	 0.0000 	 0.5866 	 10 	 4 
63.30 	 0.0000 	 0.5869 	 10 	 4 
63.40 	 0.0000 	 0.5838 	 10 	 5 
63.50 	 0.0000 	 0.5809 	 10 	 5 
63.60 	 0.0000 	 0.5789 	 10 	 4 
63.70 	 0.0000 	 0.5756 	 10 	 2 
63.80 	 3.3333 	 0.5638 	 10 	 4 
63.90 	 3.3333 	 0.5634 	 10 	 4 
64.00 	 0.0000 	 0.5611 	 10 	 2 
64.10 	 0.0000 	 0.5606 	 10 	 3 
64.20 	 0.0000 	 0.5600 	 10 	 3 
64.30 	 0.0000 	 0.5579 	 10 	 4 
64.40 	 0.0000 	 0.5520 	 10 	 4 
64.50 	 0.0000 	 0.5518 	 10 	 8 
64.60 	 3.3333 	 0.5524 	 10 	 8 
64.70 	 0.0000 	 0.5511 	 10 	 8 
64.80 	 0.0000 	 0.5501 	 10 	 8 
64.90 	 0.0000 	 0.5513 	 10 	 8 
65.00 	 0.0000 	 0.5453 	 10 	 2 
65.10 	 0.0000 	 0.5456 	 10 	 3 
65.20 	 0.0000 	 0.5465 	 10 	 3 
65.30 	 3.3333 	 0.5469 	 10 	 3 
65.40 	 0.0000 	 0.5423 	 10 	 3 
65.50 	 0.0000 	 0.5443 	 10 	 3 
65.60 	 0.0000 	 0.5462 	 10 	 4 
65.70 	 3.3333 	 0.5471 	 10 	 4 
65.80 	 0.0000 	 0.5491 	 10 	 4 
65.90 	 0.0000 	 0.5512 	 10 	 4 
66.00 	 3.3333 	 0.5517 	 10 	 3 
66.10 	 0.0000 	 0.5538 	 10 	 3 
66.20 	 0.0000 	 0.5556 	 10 	 9 
66.30 	 0.0000 	 0.5559 	 10 	 9 
66.40 	 0.0000 	 0.5554 	 10 	 2 
66.50 	 0.0000 	 0.5568 	 10 	 3 
66.60 	 0.0000 	 0.5567 	 10 	 2 
66.70 	 0.0000 	 0.5571 	 10 	 2 
66.80 	 3.3333 	 0.5570 	 10 	 2 
66.90 	 0.0000 	 0.5571 	 10 	 2 
67.00 	 0.0000 	 0.5575 	 10 	 4 
67.10 	 0.0000 	 0.5579 	 10 	 4 
67.20 	 0.0000 	 0.5576 	 10 	 4 
67.30 	 0.0000 	 0.5559 	 10 	 4 
67.40 	 0.0000 	 0.5565 	 10 	 3 
67.50 	 6.6667 	 0.5562 	 10 	 3 
67.60 	 0.0000 	 0.5549 	 10 	 3 
67.70 	 0.0000 	 0.5550 	 10 	 3 
67.80 	 0.0000 	 0.5531 	 10 	 3 
67.90 	 0.0000 	 0.5530 	 10 	 3 
68.00 	 0.0000 	 0.5508 	 10 	 3 
68.10 	 3.3333 	 0.5502 	 10 	 9 
68.20 	 0.0000 	 0.5514 	 10 	 10 
68.30 	 0.0000 	 0.5507 	 10 	 10 
68.40 	 0.0000 	 0.5499 	 10 	 10 
68.50 	 0.0000 	 0.5508 	 10 	 4 
68.60 	 0.0000 	 0.5509 	 10 	 4 
68.70 	 0.0000 	 0.5495 	 10 	 4 
68.80 	 0.0000 	 0.5510 	 10 	 3 
68.90 	 3.3333 	 0.5509 	 10 	 3 
69.00 	 3.3333 	 0.5518 	 10 	 1 
69.10 	 0.0000 	 0.5517 	 10 	 1 
69.20 	 0.0000 	 0.5513 	 10 	 9 
69.30 	 0.0000 	 0.5515 	 10 	 9 
69.40 	 0.0000 	 0.5520 	 10 	 3 
69.50 	 3.3333 	 0.5532 	 10 	 9 
69.60 	 0.0000 	 0.5551 	 10 	 10 
69.70 	 0.0000 	 0.5557 	 10 	 1 
69.80 	 0.0000 	 0.5561 	 10 	 1 
69.90 	 0.0000 	 0.5556 	 10 	 1 
70.00 	 0.0000 	 0.5575 	 10 	 1 
70.10 	 0.0000 	 0.5578 	 10 	 3 
70.20 	 0.0000 	 0.5591 	 10 	 3 
70.30 	 0.0000 	 0.5598 	 10 	 3 
70.40 	 3.3333 	 0.5609 	 10 	 1 
70.50 	 3.3333 	 0.5617 	 10 	 1 
70.60 	 0.0000 	 0.5614 	 10 	 1 
70.70 	 0.0000 	 0.5607 	 10 	 1 
70.80 	 0.0000 	 0.5625 	 10 	 1 
70.90 	 0.0000 	 0.5625 	 10 	 9 
71.00 	 0.0000 	 0.5636 	 10 	 9 
71.10 	 0.0000 	 0.5647 	 10 	 9 
71.20 	 0.0000 	 0.5663 	 10 	 9 
71.30 	 0.0000 	 0.5678 	 10 	 9 
71.40 	 0.0000 	 0.5674 	 10 	 9 
71.50 	 0.0000 	 0.5687 	 10 	 9 
71.60 	 0.0000 	 0.5686 	 10 	 3 
71.70 	 0.0000 	 0.5704 	 10 	 3 
71.80 	 3.3333 	 0.5714 	 10 	 1 
71.90 	 0.0000 	 0.5711 	 10 	 1 
72.00 	 3.3333 	 0.5724 	 10 	 1 
72.10 	 0.0000 	 0.5736 	 10 	 1 
72.20 	 0.0000 	 0.5744 	 10 	 1 
72.30 	 0.0000 	 0.5752 	 10 	 1 
72.40 	 0.0000 	 0.5765 	 10 	 9 
72.50 	 0.0000 	 0.5772 	 10 	 9 
72.60 	 0.0000 	 0.5782 	 10 	 9 
72.70 	 0.0000 	 0.5786 	 10 	 9 
72.80 	 0.0000 	 0.5790 	 10 	 1 
72.90 	 0.0000 	 0.5788 	 10 	 1 
73.00 	 0.0000 	 0.5807 	 10 	 1 
73.10 	 0.0000 	 0.5817 	 10 	 3 
73.20 	 0.0000 	 0.5825 	 10 	 9 
73.30 	 3.3333 	 0.5827 	 10 	 9 
73.40 	 0.0000 	 0.5828 	 10 	 9 
73.50 	 3.3333 	 0.5840 	 10 	 1 
73.60 	 0.0000 	 0.5840 	 10 	 1 
73.70 	 0.0000 	 0.5851 	 10 	 1 
73.80 	 0.0000 	 0.5856 	 10 	 8 
73.90 	 0.0000 	 0.5870 	 10 	 8 
74.00 	 0.0000 	 0.5873 	 10 	 8 
74.10 	 0.0000 	 0.5884 	 10 	 8 
74.20 	 0.0000 	 0.5880 	 10 	 8 
74.30 	 0.0000 	 0.5873 	 10 	 8 
74.40 	 0.0000 	 0.5850 	 10 	 9 
74.50 	 3.3333 	 0.5842 	 10 	 1 
74.60 	 0.0000 	 0.5771 	 10 	 1 
74.70 	 0.0000 	 0.5756 	 10 	 1 
74.80 	 3.3333 	 0.5747 	 10 	 1 
74.90 	 0.0000 	 0.5732 	 10 	 1 
75.00 	 0.0000 	 0.5675 	 10 	 1 
75.10 	 0.0000 	 0.5675 	 10 	 1 
75.20 	 0.0000 	 0.5674 	 10 	 8 
75.30 	 0.0000 	 0.5674 	 10 	 8 
75.40 	 0.0000 	 0.5673 	 10 	 8 
75.50 	 0.0000 	 0.5691 	 10 	 8 
75.60 	 0.0000 	 0.5693 	 10 	 1 
75.70 	 0.0000 	 0.5701 	 10 	 1 
75.80 	 0.0000 	 0.5717 	 10 	 7 
75.90 	 0.0000 	 0.5723 	 10 	 7 
76.00 	 3.3333 	 0.5766 	 10 	 1 
76.10 	 0.0000 	 0.5769 	 10 	 3 
76.20 	 0.0000 	 0.5785 	 10 	 3 
76.30 	 0.0000 	 0.5824 	 10 	 3 
76.40 	 0.0000 	 0.5820 	 10 	 3 
76.50 	 0.0000 	 0.5833 	 10 	 5 
76.60 	 0.0000 	 0.5841 	 10 	 5 
76.70 	 0.0000 	 0.5846 	 10 	 9 
76.80 	 0.0000 	 0.5869 	 10 	 9 
76.90 	 0.0000 	 0.5873 	 10 	 9 
77.00 	 0.0000 	 0.5868 	 10 	 9 
77.10 	 0.0000 	 0.5874 	 10 	 10 
77.20 	 0.0000 	 0.5887 	 10 	 10 
77.30 	 3.3333 	 0.5909 	 10 	 10 
77.40 	 3.3333 	 0.5910 	 10 	 10 
77.50 	 3.3333 	 0.5926 	 10 	 1 
77.60 	 0.0000 	 0.5929 	 10 	 10 
77.70 	 0.0000 	 0.5936 	 10 	 1 
77.80 	 0.0000 	 0.5948 	 10 	 6 
77.90 	 0.0000 	 0.5963 	 10 	 6 
78.00 	 0.0000 	 0.5973 	 10 	 6 
78.10 	 0.0000 	 0.5975 	 10 	 6 
78.20 	 0.0000 	 0.6003 	 10 	 6 
78.30 	 3.3333 	 0.6010 	 10 	 6 
78.40 	 0.0000 	 0.6016 	 10 	 6 
78.50 	 0.0000 	 0.6030 	 10 	 2 
78.60 	 0.0000 	 0.6020 	 10 	 10 
78.70 	 3.3333 	 0.6024 	 10 	 10 
78.80 	 0.0000 	 0.6033 	 10 	 3 
78.90 	 0.0000 	 0.6034 	 10 	 5 
79.00 	 0.0000 	 0.6045 	 10 	 6 
79.10 	 0.0000 	 0.6053 	 10 	 6 
79.20 	 3.3333 	 0.6051 	 10 	 6 
79.30 	 0.0000 	 0.6058 	 10 	 6 
79.40 	 0.0000 	 0.6071 	 10 	 6 
79.50 	 0.0000 	 0.6076 	 10 	 10 
79.60 	 0.0000 	 0.6080 	 10 	 6 
79.70 	 0.0000 	 0.6076 	 10 	 9 
79.80 	 3.3333 	 0.6085 	 10 	 1 
79.90 	 0.0000 	 0.6070 	 10 	 1 
80.00 	 0.0000 	 0.6054 	 10 	 2 
80.10 	 0.0000 	 0.6065 	 10 	 2 
80.20 	 0.0000 	 0.6051 	 10 	 9 
80.30 	 0.0000 	 0.6058 	 10 	 9 
80.40 	 3.3333 	 0.6046 	 10 	 10 
80.50 	 0.0000 	 0.6054 	 10 	 3 
80.60 	 0.0000 	 0.6046 	 10 	 3 
80.70 	 0.0000 	 0.6036 	 10 	 4 
80.80 	 3.3333 	 0.6048 	 10 	 1 
80.90 	 0.0000 	 0.6040 	 10 	 4 
81.00 	 0.0000 	 0.6043 	 10 	 2 
81.10 	 0.0000 	 0.6050 	 10 	 2 
81.20 	 0.0000 	 0.6051 	 10 	 2 
81.30 	 3.3333 	 0.6024 	 10 	 2 
81.40 	 0.0000 	 0.6046 	 10 	 2 
81.50 	 0.0000 	 0.6047 	 10 	 2 
81.60 	 0.0000 	 0.6045 	 10 	 3 
81.70 	 0.0000 	 0.6053 	 10 	 9 
81.80 	 0.0000 	 0.6069 	 10 	 9 
81.90 	 0.0000 	 0.6066 	 10 	 9 
82.00 	 0.0000 	 0.6072 	 10 	 9 
82.10 	 0.0000 	 0.6093 	 10 	 4 
82.20 	 0.0000 	 0.6089 	 10 	 4 
82.30 	 6.6667 	 0.6097 	 10 	 4 
82.40 	 0.0000 	 0.6111 	 10 	 4 
82.50 	 0.0000 	 0.6101 	 10 	 9 
82.60 	 0.0000 	 0.6104 	 10 	 2 
82.70 	 3.3333 	 0.6106 	 10 	 2 
82.80 	 0.0000 	 0.6097 	 10 	 2 
82.90 	 0.0000 	 0.6101 	 10 	 3 
83.00 	 0.0000 	 0.6107 	 10 	 3 
83.10 	 0.0000 	 0.6105 	 10 	 3 
83.20 	 0.0000 	 0.6101 	 10 	 3 
83.30 	 0.0000 	 0.6098 	 10 	 2 
83.40 	 0.0000 	 0.6109 	 10 	 2 
83.50 	 0.0000 	 0.6108 	 10 	 2 
83.60 	 0.0000 	 0.6090 	 10 	 2 
83.70 	 0.0000 	 0.6110 	 10 	 9 
83.80 	 0.0000 	 0.6111 	 10 	 9 
83.90 	 0.0000 	 0.6110 	 10 	 3 
84.00 	 3.3333 	 0.6115 	 10 	 2 
84.10 	 6.6667 	 0.6119 	 10 	 1 
84.20 	 0.0000 	 0.6115 	 10 	 3 
84.30 	 0.0000 	 0.6109 	 10 	 3 
84.40 	 0.0000 	 0.6110 	 10 	 3 
84.50 	 0.0000 	 0.6101 	 10 	 3 
84.60 	 0.0000 	 0.6116 	 10 	 3 
84.70 	 0.0000 	 0.6121 	 10 	 2 
84.80 	 0.0000 	 0.6110 	 10 	 8 
84.90 	 0.0000 	 0.6110 	 10 	 9 
85.00 	 0.0000 	 0.6124 	 10 	 2 
85.10 	 0.0000 	 0.6124 	 10 	 3 
85.20 	 0.0000 	 0.6133 	 10 	 3 
85.30 	 3.3333 	 0.6125 	 10 	 3 
85.40 	 0.0000 	 0.6120 	 10 	 3 
85.50 	 3.3333 	 0.6118 	 10 	 2 
85.60 	 0.0000 	 0.6128 	 10 	 2 
85.70 	 0.0000 	 0.6121 	 10 	 3 
85.80 	 0.0000 	 0.6132 	 10 	 9 
85.90 	 0.0000 	 0.6135 	 10 	 9 
86.00 	 3.3333 	 0.6127 	 10 	 9 
86.10 	 0.0000 	 0.6133 	 10 	 9 
86.20 	 3.3333 	 0.6135 	 10 	 1 
86.30 	 0.0000 	 0.6133 	 10 	 1 
86.40 	 0.0000 	 0.6145 	 10 	 1 
86.50 	 0.0000 	 0.6131 	 10 	 1 
86.60 	 0.0000 	 0.6130 	 10 	 1 
86.70 	 0.0000 	 0.6133 	 10 	 1 
86.80 	 0.0000 	 0.6142 	 10 	 1 
86.90 	 0.0000 	 0.6140 	 10 	 9 
87.00 	 0.0000 	 0.6127 	 10 	 9 
87.10 	 3.3333 	 0.6127 	 10 	 9 
87.20 	 0.0000 	 0.6117 	 10 	 1 
87.30 	 0.0000 	 0.6108 	 10 	 2 
87.40 	 0.0000 	 0.6110 	 10 	 2 
87.50 	 0.0000 	 0.6089 	 10 	 2 
87.60 	 3.3333 	 0.6022 	 10 	 1 
87.70 	 0.0000 	 0.6016 	 10 	 1 
87.80 	 0.0000 	 0.6010 	 10 	 1 
87.90 	 0.0000 	 0.6009 	 10 	 1 
88.00 	 3.3333 	 0.6011 	 10 	 1 
88.10 	 0.0000 	 0.6004 	 10 	 1 
88.20 	 0.0000 	 0.6002 	 10 	 1 
88.30 	 0.0000 	 0.6000 	 10 	 1 
88.40 	 0.0000 	 0.5987 	 10 	 1 
88.50 	 0.0000 	 0.5984 	 10 	 1 
88.60 	 0.0000 	 0.5962 	 10 	 2 
88.70 	 3.3333 	 0.5894 	 10 	 6 
88.80 	 0.0000 	 0.5879 	 10 	 6 
88.90 	 0.0000 	 0.5852 	 10 	 3 
89.00 	 3.3333 	 0.5844 	 10 	 1 
89.10 	 0.0000 	 0.5826 	 10 	 1 
89.20 	 0.0000 	 0.5814 	 10 	 8 
89.30 	 0.0000 	 0.5793 	 10 	 8 
89.40 	 0.0000 	 0.5798 	 10 	 2 
89.50 	 0.0000 	 0.5770 	 10 	 2 
89.60 	 0.0000 	 0.5772 	 10 	 2 
89.70 	 0.0000 	 0.5773 	 10 	 2 
89.80 	 0.0000 	 0.5775 	 10 	 2 
89.90 	 0.0000 	 0.5793 	 10 	 2 
90.00 	 0.0000 	 0.5793 	 10 	 9 
90.10 	 0.0000 	 0.5794 	 10 	 6 
90.20 	 3.3333 	 0.5803 	 10 	 6 
90.30 	 0.0000 	 0.5827 	 10 	 3 
90.40 	 3.3333 	 0.5824 	 10 	 1 
90.50 	 0.0000 	 0.5840 	 10 	 1 
90.60 	 0.0000 	 0.5861 	 10 	 4 
90.70 	 0.0000 	 0.5864 	 10 	 2 
90.80 	 0.0000 	 0.5866 	 10 	 2 
90.90 	 0.0000 	 0.5866 	 10 	 2 
91.00 	 3.3333 	 0.5876 	 10 	 2 
91.10 	 0.0000 	 0.5874 	 10 	 2 
91.20 	 0.0000 	 0.5883 	 10 	 2 
91.30 	 0.0000 	 0.5871 	 10 	 2 
91.40 	 0.0000 	 0.5859 	 10 	 2 
91.50 	 0.0000 	 0.5851 	 10 	 6 
91.60 	 0.0000 	 0.5841 	 10 	 6 
91.70 	 0.0000 	 0.5851 	 10 	 6 
91.80 	 3.3333 	 0.5841 	 10 	 4 
91.90 	 3.3333 	 0.5830 	 10 	 4 
92.00 	 0.0000 	 0.5844 	 10 	 4 
92.10 	 0.0000 	 0.5854 	 10 	 4 
92.20 	 0.0000 	 0.5853 	 10 	 4 
92.30 	 0.0000 	 0.5854 	 10 	 4 
92.40 	 0.0000 	 0.5863 	 10 	 4 
92.50 	 0.0000 	 0.5869 	 10 	 3 
92.60 	 3.3333 	 0.5862 	 10 	 1 
92.70 	 0.0000 	 0.5866 	 10 	 3 
92.80 	 0.0000 	 0.5862 	 10 	 4 
92.90 	 3.3333 	 0.5878 	 10 	 6 
93.00 	 0.0000 	 0.5877 	 10 	 6 
93.10 	 0.0000 	 0.5888 	 10 	 3 
93.20 	 0.0000 	 0.5886 	 10 	 3 
93.30 	 0.0000 	 0.5891 	 10 	 3 
93.40 	 0.0000 	 0.5897 	 10 	 4 
93.50 	 0.0000 	 0.5897 	 10 	 4 
93.60 	 0.0000 	 0.5895 	 10 	 4 
93.70 	 0.0000 	 0.5897 	 10 	 2 
93.80 	 0.0000 	 0.5903 	 10 	 2 
93.90 	 0.0000 	 0.5910 	 10 	 3 
94.00 	 3.3333 	 0.5904 	 10 	 3 
94.10 	 3.3333 	 0.5913 	 10 	 1 
94.20 	 0.0000 	 0.5898 	 10 	 1 
94.30 	 0.0000 	 0.5891 	 10 	 9 
94.40 	 0.0000 	 0.5884 	 10 	 9 
94.50 	 0.0000 	 0.5877 	 10 	 9 
94.60 	 0.0000 	 0.5875 	 10 	 9 
94.70 	 0.0000 	 0.5874 	 10 	 9 
94.80 	 0.0000 	 0.5849 	 10 	 4 
94.90 	 3.3333 	 0.5850 	 10 	 4 
95.00 	 0.0000 	 0.5863 	 10 	 2 
95.10 	 0.0000 	 0.5856 	 10 	 2 
95.20 	 0.0000 	 0.5840 	 10 	 2 
95.30 	 0.0000 	 0.5848 	 10 	 2 
95.40 	 3.3333 	 0.5842 	 10 	 2 
95.50 	 0.0000 	 0.5826 	 10 	 2 
95.60 	 0.0000 	 0.5835 	 10 	 2 
95.70 	 0.0000 	 0.5827 	 10 	 9 
95.80 	 0.0000 	 0.5815 	 10 	 4 
95.90 	 0.0000 	 0.5819 	 10 	 4 
96.00 	 0.0000 	 0.5821 	 10 	 4 
96.10 	 0.0000 	 0.5816 	 10 	 2 
96.20 	 3.3333 	 0.5816 	 10 	 2 
96.30 	 0.0000 	 0.5819 	 10 	 2 
96.40 	 0.0000 	 0.5811 	 10 	 2 
96.50 	 3.3333 	 0.5809 	 10 	 2 
96.60 	 0.0000 	 0.5819 	 10 	 2 
96.70 	 0.0000 	 0.5813 	 10 	 2 
96.80 	 0.0000 	 0.5806 	 10 	 8 
96.90 	 0.0000 	 0.5808 	 10 	 9 
97.00 	 3.3333 	 0.5750 	 10 	 9 
97.10 	 0.0000 	 0.5744 	 10 	 1 
97.20 	 0.0000 	 0.5752 	 10 	 1 
97.30 	 0.0000 	 0.5744 	 10 	 2 
97.40 	 0.0000 	 0.5759 	 10 	 2 
97.50 	 0.0000 	 0.5756 	 10 	 2 
97.60 	 0.0000 	 0.5745 	 10 	 2 
97.70 	 0.0000 	 0.5725 	 10 	 2 
97.80 	 0.0000 	 0.5674 	 10 	 2 
97.90 	 0.0000 	 0.5656 	 10 	 2 
98.00 	 0.0000 	 0.5641 	 10 	 2 
98.10 	 3.3333 	 0.5644 	 10 	 2 
98.20 	 0.0000 	 0.5642 	 10 	 8 
98.30 	 3.3333 	 0.5635 	 10 	 1 
98.40 	 0.0000 	 0.5631 	 10 	 1 
98.50 	 3.3333 	 0.5635 	 10 	 1 
98.60 	 0.0000 	 0.5624 	 10 	 1 
98.70 	 0.0000 	 0.5619 	 10 	 1 
98.80 	 0.0000 	 0.5613 	 10 	 2 
98.90 	 0.0000 	 0.5615 	 10 	 1 
99.00 	 0.0000 	 0.5608 	 10 	 1 
99.10 	 0.0000 	 0.5616 	 10 	 2 
99.20 	 0.0000 	 0.5619 	 10 	 3 
99.30 	 0.0000 	 0.5606 	 10 	 8 
99.40 	 0.0000 	 0.5620 	 10 	 8 
99.50 	 0.0000 	 0.5621 	 10 	 8 
99.60 	 6.6667 	 0.5617 	 10 	 1 
99.70 	 0.0000 	 0.5612 	 10 	 1 
99.80 	 0.0000 	 0.5607 	 10 	 1 
99.90 	 0.0000 	 0.5607 	 10 	 1 
100.00 	 0.0000 	 0.5605 	 10 	 1 
