# Optimal flow and avg speed dependent on time 
 # Aggressives: 0 
 # Velocity factor: 0 
0.10 	 0.0000 	 0.6650 	 17 	 0 
0.20 	 3.3333 	 0.6647 	 17 	 0 
0.30 	 0.0000 	 0.6646 	 17 	 0 
0.40 	 0.0000 	 0.6643 	 17 	 0 
0.50 	 0.0000 	 0.6642 	 17 	 17 
0.60 	 0.0000 	 0.6644 	 17 	 17 
0.70 	 3.3333 	 0.6637 	 17 	 0 
0.80 	 0.0000 	 0.6631 	 17 	 0 
0.90 	 0.0000 	 0.6634 	 17 	 0 
1.00 	 0.0000 	 0.6625 	 17 	 17 
1.10 	 0.0000 	 0.6620 	 17 	 17 
1.20 	 3.3333 	 0.6616 	 17 	 0 
1.30 	 0.0000 	 0.6612 	 17 	 0 
1.40 	 0.0000 	 0.6614 	 17 	 0 
1.50 	 0.0000 	 0.6607 	 17 	 17 
1.60 	 0.0000 	 0.6604 	 17 	 17 
1.70 	 3.3333 	 0.6600 	 17 	 17 
1.80 	 0.0000 	 0.6593 	 17 	 17 
1.90 	 0.0000 	 0.6594 	 17 	 17 
2.00 	 0.0000 	 0.6587 	 17 	 17 
2.10 	 0.0000 	 0.6590 	 17 	 17 
2.20 	 3.3333 	 0.6588 	 17 	 17 
2.30 	 0.0000 	 0.6581 	 17 	 17 
2.40 	 0.0000 	 0.6585 	 17 	 17 
2.50 	 0.0000 	 0.6581 	 17 	 17 
2.60 	 0.0000 	 0.6570 	 17 	 17 
2.70 	 3.3333 	 0.6565 	 17 	 17 
2.80 	 0.0000 	 0.6564 	 17 	 17 
2.90 	 0.0000 	 0.6558 	 17 	 17 
3.00 	 0.0000 	 0.6554 	 17 	 17 
3.10 	 0.0000 	 0.6556 	 17 	 17 
3.20 	 3.3333 	 0.6553 	 17 	 17 
3.30 	 0.0000 	 0.6553 	 17 	 17 
3.40 	 0.0000 	 0.6547 	 17 	 17 
3.50 	 0.0000 	 0.6545 	 17 	 17 
3.60 	 0.0000 	 0.6555 	 17 	 17 
3.70 	 3.3333 	 0.6553 	 17 	 17 
3.80 	 0.0000 	 0.6549 	 17 	 17 
3.90 	 0.0000 	 0.6552 	 17 	 17 
4.00 	 0.0000 	 0.6539 	 17 	 17 
4.10 	 0.0000 	 0.6541 	 17 	 17 
4.20 	 3.3333 	 0.6544 	 17 	 17 
4.30 	 0.0000 	 0.6542 	 17 	 17 
4.40 	 0.0000 	 0.6540 	 17 	 17 
4.50 	 0.0000 	 0.6527 	 17 	 17 
4.60 	 0.0000 	 0.6533 	 17 	 17 
4.70 	 3.3333 	 0.6526 	 17 	 17 
4.80 	 0.0000 	 0.6532 	 17 	 17 
4.90 	 0.0000 	 0.6531 	 17 	 17 
5.00 	 0.0000 	 0.6525 	 17 	 17 
5.10 	 0.0000 	 0.6521 	 17 	 17 
5.20 	 3.3333 	 0.6518 	 17 	 17 
5.30 	 0.0000 	 0.6508 	 17 	 17 
5.40 	 0.0000 	 0.6505 	 17 	 17 
5.50 	 0.0000 	 0.6500 	 17 	 17 
5.60 	 0.0000 	 0.6493 	 17 	 17 
5.70 	 3.3333 	 0.6493 	 17 	 17 
5.80 	 0.0000 	 0.6487 	 17 	 17 
5.90 	 0.0000 	 0.6488 	 17 	 17 
6.00 	 0.0000 	 0.6485 	 17 	 17 
6.10 	 0.0000 	 0.6487 	 17 	 17 
6.20 	 3.3333 	 0.6485 	 17 	 17 
6.30 	 0.0000 	 0.6475 	 17 	 17 
6.40 	 0.0000 	 0.6478 	 17 	 17 
6.50 	 0.0000 	 0.6471 	 17 	 17 
6.60 	 0.0000 	 0.6465 	 17 	 17 
6.70 	 3.3333 	 0.6466 	 17 	 17 
6.80 	 0.0000 	 0.6463 	 17 	 17 
6.90 	 0.0000 	 0.6456 	 17 	 17 
7.00 	 0.0000 	 0.6450 	 17 	 17 
7.10 	 0.0000 	 0.6453 	 17 	 17 
7.20 	 3.3333 	 0.6417 	 17 	 17 
7.30 	 0.0000 	 0.6423 	 17 	 17 
7.40 	 0.0000 	 0.6416 	 17 	 17 
7.50 	 0.0000 	 0.6406 	 17 	 17 
7.60 	 0.0000 	 0.6407 	 17 	 17 
7.70 	 3.3333 	 0.6407 	 17 	 17 
7.80 	 0.0000 	 0.6405 	 17 	 17 
7.90 	 0.0000 	 0.6406 	 17 	 17 
8.00 	 0.0000 	 0.6398 	 17 	 17 
8.10 	 0.0000 	 0.6389 	 17 	 17 
8.20 	 3.3333 	 0.6385 	 17 	 17 
8.30 	 0.0000 	 0.6373 	 17 	 17 
8.40 	 0.0000 	 0.6367 	 17 	 17 
8.50 	 0.0000 	 0.6357 	 17 	 17 
8.60 	 0.0000 	 0.6353 	 17 	 17 
8.70 	 3.3333 	 0.6344 	 17 	 17 
8.80 	 0.0000 	 0.6326 	 17 	 17 
8.90 	 0.0000 	 0.6318 	 17 	 17 
9.00 	 0.0000 	 0.6308 	 17 	 17 
9.10 	 0.0000 	 0.6302 	 17 	 17 
9.20 	 3.3333 	 0.6288 	 17 	 17 
9.30 	 0.0000 	 0.6282 	 17 	 17 
9.40 	 0.0000 	 0.6283 	 17 	 17 
9.50 	 0.0000 	 0.6277 	 17 	 17 
9.60 	 0.0000 	 0.6270 	 17 	 17 
9.70 	 3.3333 	 0.6258 	 17 	 17 
9.80 	 0.0000 	 0.6254 	 17 	 17 
9.90 	 0.0000 	 0.6250 	 17 	 17 
10.00 	 0.0000 	 0.6244 	 17 	 17 
10.10 	 0.0000 	 0.6234 	 17 	 17 
10.20 	 3.3333 	 0.6228 	 17 	 16 
10.30 	 0.0000 	 0.6224 	 17 	 16 
10.40 	 0.0000 	 0.6223 	 17 	 16 
10.50 	 0.0000 	 0.6218 	 17 	 16 
10.60 	 0.0000 	 0.6215 	 17 	 17 
10.70 	 3.3333 	 0.6217 	 17 	 17 
10.80 	 0.0000 	 0.6209 	 17 	 17 
10.90 	 0.0000 	 0.6208 	 17 	 17 
11.00 	 0.0000 	 0.6201 	 17 	 17 
11.10 	 0.0000 	 0.6201 	 17 	 17 
11.20 	 3.3333 	 0.6199 	 17 	 17 
11.30 	 0.0000 	 0.6193 	 17 	 17 
11.40 	 0.0000 	 0.6192 	 17 	 17 
11.50 	 0.0000 	 0.6191 	 17 	 17 
11.60 	 0.0000 	 0.6189 	 17 	 16 
11.70 	 3.3333 	 0.6185 	 17 	 16 
11.80 	 0.0000 	 0.6185 	 17 	 16 
11.90 	 0.0000 	 0.6180 	 17 	 16 
12.00 	 0.0000 	 0.6172 	 17 	 16 
12.10 	 0.0000 	 0.6170 	 17 	 16 
12.20 	 3.3333 	 0.6167 	 17 	 17 
12.30 	 0.0000 	 0.6175 	 17 	 17 
12.40 	 0.0000 	 0.6171 	 17 	 17 
12.50 	 0.0000 	 0.6169 	 17 	 17 
12.60 	 3.3333 	 0.6174 	 17 	 17 
12.70 	 0.0000 	 0.6168 	 17 	 17 
12.80 	 0.0000 	 0.6159 	 17 	 17 
12.90 	 0.0000 	 0.6152 	 17 	 17 
13.00 	 0.0000 	 0.6148 	 17 	 17 
13.10 	 0.0000 	 0.6149 	 17 	 16 
13.20 	 3.3333 	 0.6151 	 17 	 16 
13.30 	 0.0000 	 0.6159 	 17 	 16 
13.40 	 0.0000 	 0.6163 	 17 	 16 
13.50 	 0.0000 	 0.6157 	 17 	 16 
13.60 	 0.0000 	 0.6159 	 17 	 16 
13.70 	 3.3333 	 0.6150 	 17 	 17 
13.80 	 0.0000 	 0.6151 	 17 	 17 
13.90 	 0.0000 	 0.6151 	 17 	 17 
14.00 	 0.0000 	 0.6149 	 17 	 16 
14.10 	 3.3333 	 0.6151 	 17 	 16 
14.20 	 0.0000 	 0.6147 	 17 	 16 
14.30 	 0.0000 	 0.6140 	 17 	 17 
14.40 	 0.0000 	 0.6147 	 17 	 17 
14.50 	 0.0000 	 0.6146 	 17 	 17 
14.60 	 3.3333 	 0.6135 	 17 	 16 
14.70 	 0.0000 	 0.6134 	 17 	 16 
14.80 	 0.0000 	 0.6134 	 17 	 16 
14.90 	 0.0000 	 0.6139 	 17 	 16 
15.00 	 0.0000 	 0.6128 	 17 	 16 
15.10 	 0.0000 	 0.6128 	 17 	 17 
15.20 	 3.3333 	 0.6118 	 17 	 17 
15.30 	 0.0000 	 0.6128 	 17 	 17 
15.40 	 0.0000 	 0.6125 	 17 	 15 
15.50 	 0.0000 	 0.6125 	 17 	 15 
15.60 	 3.3333 	 0.6116 	 17 	 15 
15.70 	 0.0000 	 0.6116 	 17 	 15 
15.80 	 0.0000 	 0.6118 	 17 	 16 
15.90 	 0.0000 	 0.6118 	 17 	 16 
16.00 	 0.0000 	 0.6120 	 17 	 16 
16.10 	 0.0000 	 0.6114 	 17 	 16 
16.20 	 3.3333 	 0.6112 	 17 	 16 
16.30 	 0.0000 	 0.6123 	 17 	 16 
16.40 	 0.0000 	 0.6112 	 17 	 16 
16.50 	 0.0000 	 0.6103 	 17 	 17 
16.60 	 0.0000 	 0.6096 	 17 	 17 
16.70 	 0.0000 	 0.6090 	 17 	 17 
16.80 	 0.0000 	 0.6087 	 17 	 15 
16.90 	 0.0000 	 0.6087 	 17 	 15 
17.00 	 3.3333 	 0.6085 	 17 	 15 
17.10 	 0.0000 	 0.6085 	 17 	 15 
17.20 	 3.3333 	 0.6083 	 17 	 15 
17.30 	 0.0000 	 0.6086 	 17 	 15 
17.40 	 0.0000 	 0.6086 	 17 	 15 
17.50 	 0.0000 	 0.6079 	 17 	 16 
17.60 	 0.0000 	 0.6086 	 17 	 16 
17.70 	 0.0000 	 0.6080 	 17 	 16 
17.80 	 0.0000 	 0.6084 	 17 	 16 
17.90 	 0.0000 	 0.6085 	 17 	 16 
18.00 	 0.0000 	 0.6077 	 17 	 17 
18.10 	 0.0000 	 0.6083 	 17 	 15 
18.20 	 3.3333 	 0.6072 	 17 	 15 
18.30 	 0.0000 	 0.6065 	 17 	 15 
18.40 	 0.0000 	 0.6064 	 17 	 16 
18.50 	 0.0000 	 0.6063 	 17 	 16 
18.60 	 3.3333 	 0.6060 	 17 	 16 
18.70 	 0.0000 	 0.6054 	 17 	 16 
18.80 	 0.0000 	 0.6052 	 17 	 16 
18.90 	 0.0000 	 0.6053 	 17 	 16 
19.00 	 0.0000 	 0.6053 	 17 	 16 
19.10 	 3.3333 	 0.6046 	 17 	 16 
19.20 	 0.0000 	 0.6048 	 17 	 16 
19.30 	 0.0000 	 0.6043 	 17 	 16 
19.40 	 0.0000 	 0.6036 	 17 	 16 
19.50 	 0.0000 	 0.6032 	 17 	 16 
19.60 	 0.0000 	 0.6036 	 17 	 16 
19.70 	 0.0000 	 0.6031 	 17 	 16 
19.80 	 0.0000 	 0.6029 	 17 	 16 
19.90 	 0.0000 	 0.6021 	 17 	 16 
20.00 	 3.3333 	 0.6018 	 17 	 16 
20.10 	 0.0000 	 0.6019 	 17 	 16 
20.20 	 0.0000 	 0.6018 	 17 	 16 
20.30 	 3.3333 	 0.6012 	 17 	 16 
20.40 	 0.0000 	 0.6013 	 17 	 16 
20.50 	 0.0000 	 0.6009 	 17 	 16 
20.60 	 0.0000 	 0.6010 	 17 	 16 
20.70 	 0.0000 	 0.6006 	 17 	 16 
20.80 	 0.0000 	 0.5999 	 17 	 16 
20.90 	 0.0000 	 0.5992 	 17 	 16 
21.00 	 0.0000 	 0.5982 	 17 	 16 
21.10 	 0.0000 	 0.5972 	 17 	 16 
21.20 	 0.0000 	 0.5966 	 17 	 16 
21.30 	 3.3333 	 0.5969 	 17 	 16 
21.40 	 0.0000 	 0.5960 	 17 	 16 
21.50 	 0.0000 	 0.5961 	 17 	 16 
21.60 	 0.0000 	 0.5956 	 17 	 16 
21.70 	 0.0000 	 0.5946 	 17 	 16 
21.80 	 3.3333 	 0.5938 	 17 	 16 
21.90 	 0.0000 	 0.5932 	 17 	 16 
22.00 	 0.0000 	 0.5926 	 17 	 16 
22.10 	 0.0000 	 0.5922 	 17 	 16 
22.20 	 0.0000 	 0.5920 	 17 	 14 
22.30 	 0.0000 	 0.5921 	 17 	 16 
22.40 	 0.0000 	 0.5915 	 17 	 14 
22.50 	 0.0000 	 0.5917 	 17 	 14 
22.60 	 0.0000 	 0.5918 	 17 	 16 
22.70 	 3.3333 	 0.5917 	 17 	 16 
22.80 	 0.0000 	 0.5912 	 17 	 16 
22.90 	 0.0000 	 0.5907 	 17 	 16 
23.00 	 0.0000 	 0.5909 	 17 	 16 
23.10 	 0.0000 	 0.5911 	 17 	 16 
23.20 	 0.0000 	 0.5905 	 17 	 16 
23.30 	 3.3333 	 0.5912 	 17 	 16 
23.40 	 0.0000 	 0.5916 	 17 	 16 
23.50 	 0.0000 	 0.5910 	 17 	 16 
23.60 	 0.0000 	 0.5899 	 17 	 16 
23.70 	 0.0000 	 0.5893 	 17 	 16 
23.80 	 0.0000 	 0.5893 	 17 	 16 
23.90 	 3.3333 	 0.5891 	 17 	 16 
24.00 	 0.0000 	 0.5882 	 17 	 16 
24.10 	 0.0000 	 0.5882 	 17 	 16 
24.20 	 0.0000 	 0.5880 	 17 	 15 
24.30 	 3.3333 	 0.5884 	 17 	 15 
24.40 	 0.0000 	 0.5881 	 17 	 15 
24.50 	 0.0000 	 0.5877 	 17 	 15 
24.60 	 0.0000 	 0.5869 	 17 	 15 
24.70 	 0.0000 	 0.5857 	 17 	 16 
24.80 	 0.0000 	 0.5852 	 17 	 16 
24.90 	 0.0000 	 0.5853 	 17 	 16 
25.00 	 0.0000 	 0.5850 	 17 	 16 
25.10 	 0.0000 	 0.5853 	 17 	 16 
25.20 	 0.0000 	 0.5854 	 17 	 16 
25.30 	 0.0000 	 0.5860 	 17 	 14 
25.40 	 0.0000 	 0.5851 	 17 	 14 
25.50 	 0.0000 	 0.5843 	 17 	 16 
25.60 	 3.3333 	 0.5836 	 17 	 16 
25.70 	 3.3333 	 0.5833 	 17 	 15 
25.80 	 0.0000 	 0.5829 	 17 	 15 
25.90 	 0.0000 	 0.5826 	 17 	 15 
26.00 	 0.0000 	 0.5825 	 17 	 15 
26.10 	 0.0000 	 0.5822 	 17 	 16 
26.20 	 0.0000 	 0.5815 	 17 	 16 
26.30 	 0.0000 	 0.5805 	 17 	 16 
26.40 	 0.0000 	 0.5803 	 17 	 16 
26.50 	 0.0000 	 0.5796 	 17 	 16 
26.60 	 0.0000 	 0.5781 	 17 	 16 
26.70 	 0.0000 	 0.5775 	 17 	 16 
26.80 	 0.0000 	 0.5770 	 17 	 14 
26.90 	 3.3333 	 0.5756 	 17 	 14 
27.00 	 0.0000 	 0.5745 	 17 	 13 
27.10 	 3.3333 	 0.5734 	 17 	 16 
27.20 	 0.0000 	 0.5724 	 17 	 16 
27.30 	 0.0000 	 0.5718 	 17 	 15 
27.40 	 0.0000 	 0.5707 	 17 	 13 
27.50 	 0.0000 	 0.5700 	 17 	 13 
27.60 	 0.0000 	 0.5693 	 17 	 16 
27.70 	 0.0000 	 0.5689 	 17 	 16 
27.80 	 0.0000 	 0.5686 	 17 	 16 
27.90 	 0.0000 	 0.5683 	 17 	 16 
28.00 	 0.0000 	 0.5691 	 17 	 16 
28.10 	 0.0000 	 0.5681 	 17 	 16 
28.20 	 0.0000 	 0.5678 	 17 	 16 
28.30 	 6.6667 	 0.5671 	 17 	 16 
28.40 	 0.0000 	 0.5670 	 17 	 16 
28.50 	 0.0000 	 0.5667 	 17 	 17 
28.60 	 0.0000 	 0.5661 	 17 	 15 
28.70 	 0.0000 	 0.5653 	 17 	 17 
28.80 	 0.0000 	 0.5645 	 17 	 17 
28.90 	 0.0000 	 0.5639 	 17 	 15 
29.00 	 0.0000 	 0.5631 	 17 	 13 
29.10 	 0.0000 	 0.5620 	 17 	 13 
29.20 	 0.0000 	 0.5616 	 17 	 13 
29.30 	 0.0000 	 0.5606 	 17 	 16 
29.40 	 0.0000 	 0.5600 	 17 	 17 
29.50 	 3.3333 	 0.5601 	 17 	 17 
29.60 	 0.0000 	 0.5588 	 17 	 14 
29.70 	 3.3333 	 0.5580 	 17 	 14 
29.80 	 0.0000 	 0.5576 	 17 	 14 
29.90 	 0.0000 	 0.5572 	 17 	 14 
30.00 	 0.0000 	 0.5571 	 17 	 15 
30.10 	 0.0000 	 0.5566 	 17 	 15 
30.20 	 0.0000 	 0.5556 	 17 	 17 
30.30 	 0.0000 	 0.5559 	 17 	 17 
30.40 	 0.0000 	 0.5553 	 17 	 13 
30.50 	 0.0000 	 0.5558 	 17 	 13 
30.60 	 0.0000 	 0.5557 	 17 	 13 
30.70 	 0.0000 	 0.5559 	 17 	 16 
30.80 	 3.3333 	 0.5558 	 17 	 17 
30.90 	 0.0000 	 0.5561 	 17 	 17 
31.00 	 0.0000 	 0.5557 	 17 	 17 
31.10 	 0.0000 	 0.5554 	 17 	 17 
31.20 	 3.3333 	 0.5543 	 17 	 17 
31.30 	 0.0000 	 0.5542 	 17 	 17 
31.40 	 0.0000 	 0.5545 	 17 	 17 
31.50 	 0.0000 	 0.5531 	 17 	 15 
31.60 	 0.0000 	 0.5532 	 17 	 15 
31.70 	 0.0000 	 0.5539 	 17 	 15 
31.80 	 0.0000 	 0.5542 	 17 	 17 
31.90 	 0.0000 	 0.5544 	 17 	 16 
32.00 	 0.0000 	 0.5550 	 17 	 17 
32.10 	 3.3333 	 0.5558 	 17 	 17 
32.20 	 0.0000 	 0.5563 	 17 	 17 
32.30 	 0.0000 	 0.5562 	 17 	 17 
32.40 	 0.0000 	 0.5566 	 17 	 17 
32.50 	 0.0000 	 0.5562 	 17 	 17 
32.60 	 3.3333 	 0.5561 	 17 	 17 
32.70 	 0.0000 	 0.5571 	 17 	 17 
32.80 	 0.0000 	 0.5574 	 17 	 17 
32.90 	 0.0000 	 0.5582 	 17 	 13 
33.00 	 0.0000 	 0.5588 	 17 	 13 
33.10 	 0.0000 	 0.5581 	 17 	 13 
33.20 	 0.0000 	 0.5581 	 17 	 13 
33.30 	 0.0000 	 0.5576 	 17 	 13 
33.40 	 0.0000 	 0.5573 	 17 	 13 
33.50 	 0.0000 	 0.5568 	 17 	 13 
33.60 	 3.3333 	 0.5579 	 17 	 13 
33.70 	 0.0000 	 0.5582 	 17 	 17 
33.80 	 0.0000 	 0.5585 	 17 	 17 
33.90 	 0.0000 	 0.5571 	 17 	 17 
34.00 	 3.3333 	 0.5558 	 17 	 17 
34.10 	 0.0000 	 0.5543 	 17 	 17 
34.20 	 0.0000 	 0.5535 	 17 	 12 
34.30 	 0.0000 	 0.5527 	 17 	 12 
34.40 	 0.0000 	 0.5511 	 17 	 12 
34.50 	 0.0000 	 0.5497 	 17 	 12 
34.60 	 0.0000 	 0.5489 	 17 	 15 
34.70 	 0.0000 	 0.5487 	 17 	 13 
34.80 	 0.0000 	 0.5481 	 17 	 13 
34.90 	 0.0000 	 0.5479 	 17 	 13 
35.00 	 0.0000 	 0.5478 	 17 	 13 
35.10 	 0.0000 	 0.5477 	 17 	 13 
35.20 	 0.0000 	 0.5476 	 17 	 13 
35.30 	 0.0000 	 0.5472 	 17 	 13 
35.40 	 0.0000 	 0.5470 	 17 	 13 
35.50 	 0.0000 	 0.5464 	 17 	 13 
35.60 	 0.0000 	 0.5465 	 17 	 13 
35.70 	 0.0000 	 0.5469 	 17 	 13 
35.80 	 0.0000 	 0.5470 	 17 	 14 
35.90 	 0.0000 	 0.5464 	 17 	 12 
36.00 	 0.0000 	 0.5471 	 17 	 12 
36.10 	 3.3333 	 0.5476 	 17 	 13 
36.20 	 0.0000 	 0.5482 	 17 	 13 
36.30 	 3.3333 	 0.5482 	 17 	 13 
36.40 	 0.0000 	 0.5479 	 17 	 13 
36.50 	 0.0000 	 0.5484 	 17 	 13 
36.60 	 0.0000 	 0.5483 	 17 	 13 
36.70 	 0.0000 	 0.5482 	 17 	 13 
36.80 	 0.0000 	 0.5474 	 17 	 13 
36.90 	 0.0000 	 0.5472 	 17 	 13 
37.00 	 0.0000 	 0.5466 	 17 	 13 
37.10 	 0.0000 	 0.5458 	 17 	 14 
37.20 	 0.0000 	 0.5455 	 17 	 12 
37.30 	 0.0000 	 0.5454 	 17 	 12 
37.40 	 0.0000 	 0.5456 	 17 	 12 
37.50 	 0.0000 	 0.5456 	 17 	 12 
37.60 	 0.0000 	 0.5456 	 17 	 12 
37.70 	 3.3333 	 0.5453 	 17 	 12 
37.80 	 0.0000 	 0.5451 	 17 	 12 
37.90 	 0.0000 	 0.5443 	 17 	 16 
38.00 	 3.3333 	 0.5446 	 17 	 16 
38.10 	 0.0000 	 0.5440 	 17 	 13 
38.20 	 0.0000 	 0.5439 	 17 	 13 
38.30 	 0.0000 	 0.5430 	 17 	 16 
38.40 	 0.0000 	 0.5429 	 17 	 13 
38.50 	 0.0000 	 0.5420 	 17 	 16 
38.60 	 0.0000 	 0.5413 	 17 	 16 
38.70 	 0.0000 	 0.5413 	 17 	 16 
38.80 	 0.0000 	 0.5409 	 17 	 16 
38.90 	 3.3333 	 0.5397 	 17 	 12 
39.00 	 0.0000 	 0.5394 	 17 	 12 
39.10 	 0.0000 	 0.5384 	 17 	 12 
39.20 	 0.0000 	 0.5377 	 17 	 12 
39.30 	 0.0000 	 0.5358 	 17 	 12 
39.40 	 3.3333 	 0.5354 	 17 	 12 
39.50 	 0.0000 	 0.5346 	 17 	 12 
39.60 	 0.0000 	 0.5336 	 17 	 12 
39.70 	 0.0000 	 0.5344 	 17 	 13 
39.80 	 0.0000 	 0.5338 	 17 	 13 
39.90 	 0.0000 	 0.5338 	 17 	 16 
40.00 	 0.0000 	 0.5326 	 17 	 16 
40.10 	 3.3333 	 0.5323 	 17 	 16 
40.20 	 0.0000 	 0.5317 	 17 	 16 
40.30 	 0.0000 	 0.5310 	 17 	 16 
40.40 	 0.0000 	 0.5317 	 17 	 12 
40.50 	 0.0000 	 0.5314 	 17 	 12 
40.60 	 0.0000 	 0.5301 	 17 	 12 
40.70 	 0.0000 	 0.5292 	 17 	 12 
40.80 	 0.0000 	 0.5280 	 17 	 12 
40.90 	 0.0000 	 0.5266 	 17 	 12 
41.00 	 0.0000 	 0.5250 	 17 	 12 
41.10 	 0.0000 	 0.5240 	 17 	 12 
41.20 	 0.0000 	 0.5237 	 17 	 12 
41.30 	 0.0000 	 0.5231 	 17 	 16 
41.40 	 0.0000 	 0.5219 	 17 	 12 
41.50 	 0.0000 	 0.5206 	 17 	 16 
41.60 	 3.3333 	 0.5201 	 17 	 16 
41.70 	 0.0000 	 0.5206 	 17 	 16 
41.80 	 0.0000 	 0.5202 	 17 	 16 
41.90 	 3.3333 	 0.5201 	 17 	 16 
42.00 	 3.3333 	 0.5199 	 17 	 12 
42.10 	 0.0000 	 0.5195 	 17 	 13 
42.20 	 0.0000 	 0.5193 	 17 	 11 
42.30 	 0.0000 	 0.5192 	 17 	 12 
42.40 	 0.0000 	 0.5197 	 17 	 12 
42.50 	 0.0000 	 0.5185 	 17 	 12 
42.60 	 0.0000 	 0.5184 	 17 	 12 
42.70 	 0.0000 	 0.5187 	 17 	 12 
42.80 	 0.0000 	 0.5191 	 17 	 12 
42.90 	 0.0000 	 0.5197 	 17 	 12 
43.00 	 0.0000 	 0.5196 	 17 	 12 
43.10 	 0.0000 	 0.5193 	 17 	 16 
43.20 	 0.0000 	 0.5195 	 17 	 16 
43.30 	 3.3333 	 0.5194 	 17 	 17 
43.40 	 3.3333 	 0.5192 	 17 	 12 
43.50 	 0.0000 	 0.5180 	 17 	 12 
43.60 	 0.0000 	 0.5173 	 17 	 13 
43.70 	 0.0000 	 0.5177 	 17 	 11 
43.80 	 0.0000 	 0.5167 	 17 	 11 
43.90 	 0.0000 	 0.5158 	 17 	 11 
44.00 	 0.0000 	 0.5153 	 17 	 12 
44.10 	 0.0000 	 0.5119 	 17 	 12 
44.20 	 3.3333 	 0.5111 	 17 	 12 
44.30 	 0.0000 	 0.5108 	 17 	 12 
44.40 	 0.0000 	 0.5105 	 17 	 12 
44.50 	 0.0000 	 0.5094 	 17 	 12 
44.60 	 0.0000 	 0.5091 	 17 	 17 
44.70 	 0.0000 	 0.5091 	 17 	 17 
44.80 	 0.0000 	 0.5091 	 17 	 11 
44.90 	 0.0000 	 0.5089 	 17 	 11 
45.00 	 0.0000 	 0.5081 	 17 	 11 
45.10 	 0.0000 	 0.5070 	 17 	 11 
45.20 	 0.0000 	 0.5057 	 17 	 11 
45.30 	 0.0000 	 0.5054 	 17 	 11 
45.40 	 3.3333 	 0.5050 	 17 	 17 
45.50 	 0.0000 	 0.5053 	 17 	 17 
45.60 	 3.3333 	 0.5065 	 17 	 17 
45.70 	 0.0000 	 0.5055 	 17 	 12 
45.80 	 0.0000 	 0.5045 	 17 	 12 
45.90 	 0.0000 	 0.5039 	 17 	 12 
46.00 	 3.3333 	 0.5022 	 17 	 12 
46.10 	 0.0000 	 0.5008 	 17 	 12 
46.20 	 0.0000 	 0.5006 	 17 	 17 
46.30 	 0.0000 	 0.5006 	 17 	 11 
46.40 	 0.0000 	 0.5012 	 17 	 11 
46.50 	 0.0000 	 0.5004 	 17 	 11 
46.60 	 0.0000 	 0.5008 	 17 	 11 
46.70 	 0.0000 	 0.4995 	 17 	 11 
46.80 	 0.0000 	 0.4985 	 17 	 11 
46.90 	 0.0000 	 0.4979 	 17 	 11 
47.00 	 0.0000 	 0.4974 	 17 	 12 
47.10 	 0.0000 	 0.4982 	 17 	 16 
47.20 	 3.3333 	 0.4987 	 17 	 17 
47.30 	 0.0000 	 0.5000 	 17 	 11 
47.40 	 0.0000 	 0.4995 	 17 	 12 
47.50 	 0.0000 	 0.4991 	 17 	 17 
47.60 	 0.0000 	 0.4985 	 17 	 12 
47.70 	 0.0000 	 0.4972 	 17 	 12 
47.80 	 0.0000 	 0.4968 	 17 	 17 
47.90 	 0.0000 	 0.4974 	 17 	 17 
48.00 	 0.0000 	 0.4975 	 17 	 17 
48.10 	 0.0000 	 0.4976 	 17 	 17 
48.20 	 3.3333 	 0.4970 	 17 	 17 
48.30 	 0.0000 	 0.4969 	 17 	 17 
48.40 	 0.0000 	 0.4958 	 17 	 17 
48.50 	 0.0000 	 0.4953 	 17 	 17 
48.60 	 0.0000 	 0.4950 	 17 	 17 
48.70 	 3.3333 	 0.4951 	 17 	 17 
48.80 	 0.0000 	 0.4953 	 17 	 17 
48.90 	 0.0000 	 0.4961 	 17 	 17 
49.00 	 0.0000 	 0.4953 	 17 	 12 
49.10 	 0.0000 	 0.4952 	 17 	 12 
49.20 	 0.0000 	 0.4953 	 17 	 12 
49.30 	 0.0000 	 0.4944 	 17 	 12 
49.40 	 0.0000 	 0.4935 	 17 	 10 
49.50 	 3.3333 	 0.4941 	 17 	 10 
49.60 	 0.0000 	 0.4951 	 17 	 10 
49.70 	 0.0000 	 0.4943 	 17 	 10 
49.80 	 0.0000 	 0.4946 	 17 	 10 
49.90 	 3.3333 	 0.4949 	 17 	 10 
50.00 	 0.0000 	 0.4947 	 17 	 17 
50.10 	 0.0000 	 0.4947 	 17 	 17 
50.20 	 0.0000 	 0.4935 	 17 	 17 
50.30 	 0.0000 	 0.4934 	 17 	 17 
50.40 	 0.0000 	 0.4944 	 17 	 11 
50.50 	 0.0000 	 0.4944 	 17 	 11 
50.60 	 0.0000 	 0.4945 	 17 	 17 
50.70 	 0.0000 	 0.4947 	 17 	 17 
50.80 	 0.0000 	 0.4948 	 17 	 10 
50.90 	 0.0000 	 0.4939 	 17 	 10 
51.00 	 0.0000 	 0.4927 	 17 	 10 
51.10 	 0.0000 	 0.4930 	 17 	 10 
51.20 	 0.0000 	 0.4926 	 17 	 10 
51.30 	 3.3333 	 0.4924 	 17 	 10 
51.40 	 0.0000 	 0.4917 	 17 	 10 
51.50 	 3.3333 	 0.4929 	 17 	 10 
51.60 	 0.0000 	 0.4925 	 17 	 10 
51.70 	 0.0000 	 0.4922 	 17 	 10 
51.80 	 0.0000 	 0.4915 	 17 	 10 
51.90 	 0.0000 	 0.4905 	 17 	 10 
52.00 	 0.0000 	 0.4909 	 17 	 11 
52.10 	 0.0000 	 0.4908 	 17 	 11 
52.20 	 0.0000 	 0.4908 	 17 	 11 
52.30 	 0.0000 	 0.4905 	 17 	 10 
52.40 	 0.0000 	 0.4901 	 17 	 10 
52.50 	 0.0000 	 0.4904 	 17 	 10 
52.60 	 0.0000 	 0.4908 	 17 	 10 
52.70 	 0.0000 	 0.4896 	 17 	 10 
52.80 	 0.0000 	 0.4896 	 17 	 10 
52.90 	 0.0000 	 0.4891 	 17 	 10 
53.00 	 3.3333 	 0.4887 	 17 	 10 
53.10 	 0.0000 	 0.4890 	 17 	 10 
53.20 	 0.0000 	 0.4888 	 17 	 10 
53.30 	 0.0000 	 0.4883 	 17 	 10 
53.40 	 0.0000 	 0.4880 	 17 	 10 
53.50 	 0.0000 	 0.4871 	 17 	 10 
53.60 	 0.0000 	 0.4867 	 17 	 11 
53.70 	 0.0000 	 0.4868 	 17 	 11 
53.80 	 0.0000 	 0.4867 	 17 	 11 
53.90 	 3.3333 	 0.4859 	 17 	 10 
54.00 	 0.0000 	 0.4854 	 17 	 10 
54.10 	 0.0000 	 0.4859 	 17 	 10 
54.20 	 0.0000 	 0.4853 	 17 	 10 
54.30 	 0.0000 	 0.4840 	 17 	 10 
54.40 	 0.0000 	 0.4829 	 17 	 10 
54.50 	 3.3333 	 0.4827 	 17 	 10 
54.60 	 0.0000 	 0.4816 	 17 	 10 
54.70 	 0.0000 	 0.4812 	 17 	 16 
54.80 	 0.0000 	 0.4802 	 17 	 16 
54.90 	 0.0000 	 0.4798 	 17 	 16 
55.00 	 0.0000 	 0.4797 	 17 	 16 
55.10 	 0.0000 	 0.4799 	 17 	 10 
55.20 	 0.0000 	 0.4795 	 17 	 16 
55.30 	 0.0000 	 0.4795 	 17 	 16 
55.40 	 0.0000 	 0.4800 	 17 	 16 
55.50 	 0.0000 	 0.4799 	 17 	 10 
55.60 	 0.0000 	 0.4799 	 17 	 10 
55.70 	 6.6667 	 0.4797 	 17 	 10 
55.80 	 0.0000 	 0.4802 	 17 	 10 
55.90 	 0.0000 	 0.4793 	 17 	 10 
56.00 	 0.0000 	 0.4785 	 17 	 16 
56.10 	 0.0000 	 0.4777 	 17 	 16 
56.20 	 0.0000 	 0.4781 	 17 	 16 
56.30 	 0.0000 	 0.4780 	 17 	 16 
56.40 	 0.0000 	 0.4776 	 17 	 16 
56.50 	 0.0000 	 0.4780 	 17 	 16 
56.60 	 0.0000 	 0.4775 	 17 	 9 
56.70 	 0.0000 	 0.4775 	 17 	 9 
56.80 	 0.0000 	 0.4780 	 17 	 16 
56.90 	 0.0000 	 0.4778 	 17 	 16 
57.00 	 0.0000 	 0.4774 	 17 	 10 
57.10 	 6.6667 	 0.4774 	 17 	 10 
57.20 	 0.0000 	 0.4768 	 17 	 10 
57.30 	 0.0000 	 0.4762 	 17 	 10 
57.40 	 0.0000 	 0.4760 	 17 	 10 
57.50 	 0.0000 	 0.4751 	 17 	 10 
57.60 	 0.0000 	 0.4749 	 17 	 10 
57.70 	 0.0000 	 0.4744 	 17 	 16 
57.80 	 0.0000 	 0.4750 	 17 	 16 
57.90 	 0.0000 	 0.4724 	 17 	 16 
58.00 	 0.0000 	 0.4721 	 17 	 10 
58.10 	 0.0000 	 0.4707 	 17 	 9 
58.20 	 0.0000 	 0.4704 	 17 	 9 
58.30 	 3.3333 	 0.4692 	 17 	 16 
58.40 	 0.0000 	 0.4685 	 17 	 16 
58.50 	 3.3333 	 0.4685 	 17 	 10 
58.60 	 0.0000 	 0.4686 	 17 	 10 
58.70 	 0.0000 	 0.4676 	 17 	 10 
58.80 	 0.0000 	 0.4667 	 17 	 10 
58.90 	 0.0000 	 0.4620 	 17 	 10 
59.00 	 0.0000 	 0.4615 	 17 	 10 
59.10 	 0.0000 	 0.4606 	 17 	 10 
59.20 	 0.0000 	 0.4602 	 17 	 10 
59.30 	 0.0000 	 0.4605 	 17 	 15 
59.40 	 3.3333 	 0.4595 	 17 	 16 
59.50 	 0.0000 	 0.4592 	 17 	 9 
59.60 	 0.0000 	 0.4587 	 17 	 9 
59.70 	 0.0000 	 0.4577 	 17 	 9 
59.80 	 3.3333 	 0.4577 	 17 	 9 
59.90 	 0.0000 	 0.4574 	 17 	 16 
60.00 	 0.0000 	 0.4569 	 17 	 16 
60.10 	 0.0000 	 0.4562 	 17 	 10 
60.20 	 0.0000 	 0.4567 	 17 	 16 
60.30 	 0.0000 	 0.4559 	 17 	 16 
60.40 	 0.0000 	 0.4551 	 17 	 16 
60.50 	 0.0000 	 0.4540 	 17 	 12 
60.60 	 0.0000 	 0.4534 	 17 	 16 
60.70 	 0.0000 	 0.4538 	 17 	 15 
60.80 	 0.0000 	 0.4534 	 17 	 15 
60.90 	 6.6667 	 0.4524 	 17 	 15 
61.00 	 0.0000 	 0.4524 	 17 	 16 
61.10 	 0.0000 	 0.4526 	 17 	 17 
61.20 	 0.0000 	 0.4528 	 17 	 17 
61.30 	 0.0000 	 0.4518 	 17 	 17 
61.40 	 0.0000 	 0.4514 	 17 	 17 
61.50 	 0.0000 	 0.4512 	 17 	 17 
61.60 	 0.0000 	 0.4504 	 17 	 17 
61.70 	 0.0000 	 0.4506 	 17 	 10 
61.80 	 0.0000 	 0.4507 	 17 	 11 
61.90 	 0.0000 	 0.4510 	 17 	 11 
62.00 	 0.0000 	 0.4505 	 17 	 17 
62.10 	 0.0000 	 0.4494 	 17 	 12 
62.20 	 0.0000 	 0.4489 	 17 	 9 
62.30 	 6.6667 	 0.4492 	 17 	 15 
62.40 	 0.0000 	 0.4491 	 17 	 15 
62.50 	 0.0000 	 0.4482 	 17 	 15 
62.60 	 0.0000 	 0.4481 	 17 	 17 
62.70 	 0.0000 	 0.4480 	 17 	 17 
62.80 	 0.0000 	 0.4477 	 17 	 8 
62.90 	 0.0000 	 0.4473 	 17 	 8 
63.00 	 0.0000 	 0.4478 	 17 	 16 
63.10 	 0.0000 	 0.4475 	 17 	 16 
63.20 	 0.0000 	 0.4485 	 17 	 17 
63.30 	 0.0000 	 0.4480 	 17 	 17 
63.40 	 3.3333 	 0.4484 	 17 	 17 
63.50 	 0.0000 	 0.4491 	 17 	 8 
63.60 	 0.0000 	 0.4486 	 17 	 8 
63.70 	 3.3333 	 0.4485 	 17 	 12 
63.80 	 0.0000 	 0.4472 	 17 	 8 
63.90 	 0.0000 	 0.4477 	 17 	 8 
64.00 	 0.0000 	 0.4490 	 17 	 15 
64.10 	 0.0000 	 0.4489 	 17 	 11 
64.20 	 0.0000 	 0.4486 	 17 	 11 
64.30 	 0.0000 	 0.4488 	 17 	 11 
64.40 	 0.0000 	 0.4495 	 17 	 8 
64.50 	 0.0000 	 0.4507 	 17 	 8 
64.60 	 0.0000 	 0.4513 	 17 	 8 
64.70 	 0.0000 	 0.4522 	 17 	 8 
64.80 	 3.3333 	 0.4527 	 17 	 8 
64.90 	 3.3333 	 0.4540 	 17 	 8 
65.00 	 0.0000 	 0.4549 	 17 	 16 
65.10 	 0.0000 	 0.4551 	 17 	 11 
65.20 	 0.0000 	 0.4550 	 17 	 11 
65.30 	 0.0000 	 0.4548 	 17 	 16 
65.40 	 0.0000 	 0.4526 	 17 	 16 
65.50 	 0.0000 	 0.4533 	 17 	 14 
65.60 	 0.0000 	 0.4528 	 17 	 11 
65.70 	 0.0000 	 0.4530 	 17 	 11 
65.80 	 0.0000 	 0.4537 	 17 	 11 
65.90 	 0.0000 	 0.4528 	 17 	 11 
66.00 	 0.0000 	 0.4514 	 17 	 8 
66.10 	 0.0000 	 0.4510 	 17 	 8 
66.20 	 0.0000 	 0.4498 	 17 	 8 
66.30 	 3.3333 	 0.4486 	 17 	 8 
66.40 	 0.0000 	 0.4471 	 17 	 8 
66.50 	 0.0000 	 0.4470 	 17 	 8 
66.60 	 0.0000 	 0.4469 	 17 	 8 
66.70 	 0.0000 	 0.4463 	 17 	 11 
66.80 	 0.0000 	 0.4458 	 17 	 11 
66.90 	 0.0000 	 0.4437 	 17 	 16 
67.00 	 0.0000 	 0.4434 	 17 	 16 
67.10 	 0.0000 	 0.4433 	 17 	 14 
67.20 	 0.0000 	 0.4433 	 17 	 11 
67.30 	 0.0000 	 0.4435 	 17 	 11 
67.40 	 0.0000 	 0.4439 	 17 	 11 
67.50 	 0.0000 	 0.4443 	 17 	 8 
67.60 	 0.0000 	 0.4443 	 17 	 8 
67.70 	 3.3333 	 0.4436 	 17 	 8 
67.80 	 0.0000 	 0.4437 	 17 	 8 
67.90 	 0.0000 	 0.4430 	 17 	 8 
68.00 	 0.0000 	 0.4426 	 17 	 8 
68.10 	 0.0000 	 0.4424 	 17 	 8 
68.20 	 0.0000 	 0.4423 	 17 	 16 
68.30 	 0.0000 	 0.4425 	 17 	 11 
68.40 	 0.0000 	 0.4431 	 17 	 16 
68.50 	 3.3333 	 0.4436 	 17 	 16 
68.60 	 0.0000 	 0.4437 	 17 	 16 
68.70 	 0.0000 	 0.4434 	 17 	 11 
68.80 	 0.0000 	 0.4437 	 17 	 11 
68.90 	 0.0000 	 0.4440 	 17 	 11 
69.00 	 0.0000 	 0.4444 	 17 	 11 
69.10 	 3.3333 	 0.4456 	 17 	 11 
69.20 	 0.0000 	 0.4464 	 17 	 11 
69.30 	 0.0000 	 0.4451 	 17 	 11 
69.40 	 0.0000 	 0.4459 	 17 	 11 
69.50 	 0.0000 	 0.4465 	 17 	 17 
69.60 	 0.0000 	 0.4458 	 17 	 8 
69.70 	 0.0000 	 0.4468 	 17 	 8 
69.80 	 0.0000 	 0.4476 	 17 	 10 
69.90 	 0.0000 	 0.4484 	 17 	 16 
70.00 	 3.3333 	 0.4489 	 17 	 16 
70.10 	 0.0000 	 0.4483 	 17 	 16 
70.20 	 0.0000 	 0.4498 	 17 	 16 
70.30 	 0.0000 	 0.4497 	 17 	 14 
70.40 	 0.0000 	 0.4498 	 17 	 17 
70.50 	 0.0000 	 0.4494 	 17 	 16 
70.60 	 0.0000 	 0.4498 	 17 	 16 
70.70 	 0.0000 	 0.4504 	 17 	 8 
70.80 	 3.3333 	 0.4509 	 17 	 8 
70.90 	 0.0000 	 0.4512 	 17 	 8 
71.00 	 0.0000 	 0.4519 	 17 	 16 
71.10 	 3.3333 	 0.4521 	 17 	 16 
71.20 	 0.0000 	 0.4525 	 17 	 8 
71.30 	 0.0000 	 0.4534 	 17 	 16 
71.40 	 0.0000 	 0.4539 	 17 	 10 
71.50 	 0.0000 	 0.4547 	 17 	 10 
71.60 	 0.0000 	 0.4559 	 17 	 16 
71.70 	 0.0000 	 0.4573 	 17 	 17 
71.80 	 0.0000 	 0.4583 	 17 	 17 
71.90 	 0.0000 	 0.4593 	 17 	 14 
72.00 	 0.0000 	 0.4604 	 17 	 8 
72.10 	 0.0000 	 0.4617 	 17 	 16 
72.20 	 3.3333 	 0.4622 	 17 	 16 
72.30 	 0.0000 	 0.4628 	 17 	 16 
72.40 	 3.3333 	 0.4635 	 17 	 16 
72.50 	 0.0000 	 0.4648 	 17 	 16 
72.60 	 0.0000 	 0.4648 	 17 	 16 
72.70 	 0.0000 	 0.4656 	 17 	 16 
72.80 	 0.0000 	 0.4661 	 17 	 16 
72.90 	 0.0000 	 0.4663 	 17 	 16 
73.00 	 0.0000 	 0.4673 	 17 	 16 
73.10 	 0.0000 	 0.4681 	 17 	 10 
73.20 	 0.0000 	 0.4678 	 17 	 11 
73.30 	 0.0000 	 0.4673 	 17 	 11 
73.40 	 0.0000 	 0.4677 	 17 	 11 
73.50 	 0.0000 	 0.4678 	 17 	 11 
73.60 	 0.0000 	 0.4675 	 17 	 15 
73.70 	 3.3333 	 0.4669 	 17 	 15 
73.80 	 0.0000 	 0.4666 	 17 	 16 
73.90 	 0.0000 	 0.4667 	 17 	 16 
74.00 	 0.0000 	 0.4665 	 17 	 16 
74.10 	 0.0000 	 0.4664 	 17 	 16 
74.20 	 0.0000 	 0.4667 	 17 	 16 
74.30 	 0.0000 	 0.4662 	 17 	 16 
74.40 	 0.0000 	 0.4654 	 17 	 15 
74.50 	 0.0000 	 0.4647 	 17 	 15 
74.60 	 0.0000 	 0.4649 	 17 	 10 
74.70 	 3.3333 	 0.4643 	 17 	 17 
74.80 	 0.0000 	 0.4647 	 17 	 11 
74.90 	 0.0000 	 0.4643 	 17 	 12 
75.00 	 0.0000 	 0.4646 	 17 	 13 
75.10 	 0.0000 	 0.4636 	 17 	 13 
75.20 	 3.3333 	 0.4628 	 17 	 9 
75.30 	 0.0000 	 0.4617 	 17 	 15 
75.40 	 0.0000 	 0.4614 	 17 	 15 
75.50 	 0.0000 	 0.4618 	 17 	 16 
75.60 	 0.0000 	 0.4621 	 17 	 16 
75.70 	 0.0000 	 0.4622 	 17 	 16 
75.80 	 0.0000 	 0.4621 	 17 	 16 
75.90 	 0.0000 	 0.4619 	 17 	 16 
76.00 	 0.0000 	 0.4612 	 17 	 16 
76.10 	 0.0000 	 0.4609 	 17 	 9 
76.20 	 0.0000 	 0.4606 	 17 	 16 
76.30 	 0.0000 	 0.4598 	 17 	 16 
76.40 	 0.0000 	 0.4598 	 17 	 16 
76.50 	 3.3333 	 0.4606 	 17 	 12 
76.60 	 0.0000 	 0.4611 	 17 	 13 
76.70 	 0.0000 	 0.4611 	 17 	 16 
76.80 	 0.0000 	 0.4605 	 17 	 16 
76.90 	 3.3333 	 0.4599 	 17 	 16 
77.00 	 0.0000 	 0.4593 	 17 	 16 
77.10 	 0.0000 	 0.4586 	 17 	 16 
77.20 	 0.0000 	 0.4588 	 17 	 16 
77.30 	 3.3333 	 0.4591 	 17 	 16 
77.40 	 0.0000 	 0.4594 	 17 	 16 
77.50 	 0.0000 	 0.4592 	 17 	 9 
77.60 	 0.0000 	 0.4605 	 17 	 9 
77.70 	 0.0000 	 0.4588 	 17 	 9 
77.80 	 0.0000 	 0.4582 	 17 	 16 
77.90 	 0.0000 	 0.4576 	 17 	 16 
78.00 	 0.0000 	 0.4577 	 17 	 11 
78.10 	 0.0000 	 0.4579 	 17 	 16 
78.20 	 0.0000 	 0.4584 	 17 	 16 
78.30 	 0.0000 	 0.4588 	 17 	 16 
78.40 	 3.3333 	 0.4590 	 17 	 14 
78.50 	 0.0000 	 0.4587 	 17 	 16 
78.60 	 0.0000 	 0.4574 	 17 	 16 
78.70 	 0.0000 	 0.4569 	 17 	 16 
78.80 	 3.3333 	 0.4565 	 17 	 16 
78.90 	 0.0000 	 0.4572 	 17 	 9 
79.00 	 0.0000 	 0.4570 	 17 	 9 
79.10 	 0.0000 	 0.4567 	 17 	 9 
79.20 	 0.0000 	 0.4566 	 17 	 9 
79.30 	 0.0000 	 0.4565 	 17 	 16 
79.40 	 0.0000 	 0.4565 	 17 	 16 
79.50 	 0.0000 	 0.4561 	 17 	 16 
79.60 	 0.0000 	 0.4550 	 17 	 11 
79.70 	 3.3333 	 0.4549 	 17 	 11 
79.80 	 0.0000 	 0.4548 	 17 	 16 
79.90 	 0.0000 	 0.4557 	 17 	 16 
80.00 	 0.0000 	 0.4555 	 17 	 14 
80.10 	 0.0000 	 0.4551 	 17 	 8 
80.20 	 3.3333 	 0.4543 	 17 	 8 
80.30 	 0.0000 	 0.4536 	 17 	 8 
80.40 	 0.0000 	 0.4532 	 17 	 9 
80.50 	 0.0000 	 0.4528 	 17 	 9 
80.60 	 0.0000 	 0.4523 	 17 	 9 
80.70 	 0.0000 	 0.4520 	 17 	 9 
80.80 	 0.0000 	 0.4529 	 17 	 16 
80.90 	 3.3333 	 0.4531 	 17 	 9 
81.00 	 0.0000 	 0.4522 	 17 	 16 
81.10 	 0.0000 	 0.4517 	 17 	 16 
81.20 	 0.0000 	 0.4506 	 17 	 11 
81.30 	 0.0000 	 0.4498 	 17 	 11 
81.40 	 3.3333 	 0.4503 	 17 	 11 
81.50 	 0.0000 	 0.4506 	 17 	 11 
81.60 	 0.0000 	 0.4510 	 17 	 11 
81.70 	 0.0000 	 0.4506 	 17 	 8 
81.80 	 0.0000 	 0.4505 	 17 	 15 
81.90 	 0.0000 	 0.4498 	 17 	 15 
82.00 	 0.0000 	 0.4488 	 17 	 15 
82.10 	 0.0000 	 0.4479 	 17 	 9 
82.20 	 0.0000 	 0.4478 	 17 	 16 
82.30 	 0.0000 	 0.4470 	 17 	 16 
82.40 	 0.0000 	 0.4470 	 17 	 11 
82.50 	 0.0000 	 0.4470 	 17 	 11 
82.60 	 0.0000 	 0.4458 	 17 	 11 
82.70 	 3.3333 	 0.4462 	 17 	 11 
82.80 	 3.3333 	 0.4456 	 17 	 8 
82.90 	 0.0000 	 0.4454 	 17 	 11 
83.00 	 0.0000 	 0.4462 	 17 	 8 
83.10 	 0.0000 	 0.4459 	 17 	 8 
83.20 	 0.0000 	 0.4463 	 17 	 8 
83.30 	 0.0000 	 0.4465 	 17 	 8 
83.40 	 0.0000 	 0.4455 	 17 	 8 
83.50 	 0.0000 	 0.4462 	 17 	 15 
83.60 	 0.0000 	 0.4468 	 17 	 15 
83.70 	 0.0000 	 0.4473 	 17 	 15 
83.80 	 0.0000 	 0.4474 	 17 	 11 
83.90 	 3.3333 	 0.4484 	 17 	 11 
84.00 	 0.0000 	 0.4484 	 17 	 11 
84.10 	 0.0000 	 0.4489 	 17 	 11 
84.20 	 3.3333 	 0.4486 	 17 	 11 
84.30 	 0.0000 	 0.4490 	 17 	 11 
84.40 	 0.0000 	 0.4462 	 17 	 11 
84.50 	 0.0000 	 0.4445 	 17 	 11 
84.60 	 0.0000 	 0.4468 	 17 	 11 
84.70 	 0.0000 	 0.4473 	 17 	 11 
84.80 	 0.0000 	 0.4487 	 17 	 13 
84.90 	 0.0000 	 0.4489 	 17 	 11 
85.00 	 0.0000 	 0.4487 	 17 	 11 
85.10 	 0.0000 	 0.4491 	 17 	 15 
85.20 	 0.0000 	 0.4493 	 17 	 15 
85.30 	 0.0000 	 0.4491 	 17 	 11 
85.40 	 6.6667 	 0.4495 	 17 	 11 
85.50 	 0.0000 	 0.4497 	 17 	 11 
85.60 	 0.0000 	 0.4493 	 17 	 11 
85.70 	 0.0000 	 0.4488 	 17 	 11 
85.80 	 0.0000 	 0.4479 	 17 	 11 
85.90 	 0.0000 	 0.4477 	 17 	 11 
86.00 	 0.0000 	 0.4468 	 17 	 11 
86.10 	 0.0000 	 0.4474 	 17 	 11 
86.20 	 0.0000 	 0.4482 	 17 	 11 
86.30 	 0.0000 	 0.4483 	 17 	 8 
86.40 	 0.0000 	 0.4484 	 17 	 17 
86.50 	 3.3333 	 0.4488 	 17 	 17 
86.60 	 0.0000 	 0.4485 	 17 	 17 
86.70 	 0.0000 	 0.4480 	 17 	 17 
86.80 	 3.3333 	 0.4473 	 17 	 17 
86.90 	 0.0000 	 0.4474 	 17 	 17 
87.00 	 0.0000 	 0.4473 	 17 	 17 
87.10 	 0.0000 	 0.4475 	 17 	 17 
87.20 	 0.0000 	 0.4476 	 17 	 17 
87.30 	 0.0000 	 0.4474 	 17 	 17 
87.40 	 0.0000 	 0.4471 	 17 	 17 
87.50 	 0.0000 	 0.4465 	 17 	 10 
87.60 	 0.0000 	 0.4467 	 17 	 10 
87.70 	 0.0000 	 0.4463 	 17 	 11 
87.80 	 0.0000 	 0.4467 	 17 	 17 
87.90 	 3.3333 	 0.4475 	 17 	 17 
88.00 	 0.0000 	 0.4473 	 17 	 17 
88.10 	 0.0000 	 0.4476 	 17 	 14 
88.20 	 3.3333 	 0.4473 	 17 	 14 
88.30 	 0.0000 	 0.4481 	 17 	 17 
88.40 	 0.0000 	 0.4471 	 17 	 17 
88.50 	 0.0000 	 0.4476 	 17 	 17 
88.60 	 0.0000 	 0.4477 	 17 	 17 
88.70 	 0.0000 	 0.4481 	 17 	 8 
88.80 	 0.0000 	 0.4481 	 17 	 9 
88.90 	 0.0000 	 0.4492 	 17 	 10 
89.00 	 0.0000 	 0.4490 	 17 	 10 
89.10 	 0.0000 	 0.4487 	 17 	 10 
89.20 	 0.0000 	 0.4479 	 17 	 10 
89.30 	 3.3333 	 0.4471 	 17 	 11 
89.40 	 0.0000 	 0.4476 	 17 	 12 
89.50 	 0.0000 	 0.4484 	 17 	 10 
89.60 	 0.0000 	 0.4491 	 17 	 10 
89.70 	 0.0000 	 0.4491 	 17 	 13 
89.80 	 0.0000 	 0.4488 	 17 	 14 
89.90 	 0.0000 	 0.4492 	 17 	 14 
90.00 	 0.0000 	 0.4499 	 17 	 17 
90.10 	 0.0000 	 0.4497 	 17 	 17 
90.20 	 0.0000 	 0.4494 	 17 	 8 
90.30 	 0.0000 	 0.4496 	 17 	 8 
90.40 	 0.0000 	 0.4494 	 17 	 8 
90.50 	 3.3333 	 0.4501 	 17 	 10 
90.60 	 3.3333 	 0.4501 	 17 	 10 
90.70 	 0.0000 	 0.4505 	 17 	 10 
90.80 	 0.0000 	 0.4503 	 17 	 10 
90.90 	 0.0000 	 0.4490 	 17 	 11 
91.00 	 0.0000 	 0.4484 	 17 	 10 
91.10 	 0.0000 	 0.4480 	 17 	 16 
91.20 	 0.0000 	 0.4485 	 17 	 13 
91.30 	 0.0000 	 0.4483 	 17 	 13 
91.40 	 0.0000 	 0.4485 	 17 	 14 
91.50 	 0.0000 	 0.4487 	 17 	 16 
91.60 	 0.0000 	 0.4482 	 17 	 17 
91.70 	 0.0000 	 0.4474 	 17 	 17 
91.80 	 0.0000 	 0.4461 	 17 	 17 
91.90 	 0.0000 	 0.4463 	 17 	 16 
92.00 	 0.0000 	 0.4468 	 17 	 16 
92.10 	 3.3333 	 0.4473 	 17 	 16 
92.20 	 0.0000 	 0.4476 	 17 	 16 
92.30 	 0.0000 	 0.4478 	 17 	 16 
92.40 	 0.0000 	 0.4479 	 17 	 10 
92.50 	 0.0000 	 0.4468 	 17 	 16 
92.60 	 3.3333 	 0.4467 	 17 	 16 
92.70 	 0.0000 	 0.4466 	 17 	 16 
92.80 	 0.0000 	 0.4461 	 17 	 13 
92.90 	 0.0000 	 0.4463 	 17 	 13 
93.00 	 0.0000 	 0.4469 	 17 	 14 
93.10 	 0.0000 	 0.4465 	 17 	 16 
93.20 	 0.0000 	 0.4464 	 17 	 16 
93.30 	 0.0000 	 0.4450 	 17 	 16 
93.40 	 0.0000 	 0.4439 	 17 	 16 
93.50 	 0.0000 	 0.4431 	 17 	 16 
93.60 	 0.0000 	 0.4427 	 17 	 16 
93.70 	 0.0000 	 0.4425 	 17 	 16 
93.80 	 0.0000 	 0.4433 	 17 	 16 
93.90 	 0.0000 	 0.4433 	 17 	 16 
94.00 	 3.3333 	 0.4436 	 17 	 16 
94.10 	 0.0000 	 0.4426 	 17 	 11 
94.20 	 0.0000 	 0.4413 	 17 	 11 
94.30 	 0.0000 	 0.4406 	 17 	 12 
94.40 	 0.0000 	 0.4400 	 17 	 13 
94.50 	 0.0000 	 0.4410 	 17 	 13 
94.60 	 3.3333 	 0.4415 	 17 	 13 
94.70 	 0.0000 	 0.4424 	 17 	 14 
94.80 	 0.0000 	 0.4437 	 17 	 14 
94.90 	 0.0000 	 0.4444 	 17 	 16 
95.00 	 0.0000 	 0.4442 	 17 	 16 
95.10 	 0.0000 	 0.4442 	 17 	 16 
95.20 	 0.0000 	 0.4443 	 17 	 16 
95.30 	 0.0000 	 0.4453 	 17 	 16 
95.40 	 3.3333 	 0.4457 	 17 	 16 
95.50 	 0.0000 	 0.4462 	 17 	 16 
95.60 	 0.0000 	 0.4458 	 17 	 16 
95.70 	 0.0000 	 0.4456 	 17 	 16 
95.80 	 0.0000 	 0.4448 	 17 	 16 
95.90 	 0.0000 	 0.4441 	 17 	 16 
96.00 	 0.0000 	 0.4435 	 17 	 16 
96.10 	 0.0000 	 0.4439 	 17 	 16 
96.20 	 0.0000 	 0.4452 	 17 	 13 
96.30 	 0.0000 	 0.4458 	 17 	 16 
96.40 	 3.3333 	 0.4460 	 17 	 16 
96.50 	 3.3333 	 0.4451 	 17 	 16 
96.60 	 0.0000 	 0.4450 	 17 	 16 
96.70 	 0.0000 	 0.4444 	 17 	 16 
96.80 	 0.0000 	 0.4438 	 17 	 16 
96.90 	 0.0000 	 0.4433 	 17 	 16 
97.00 	 0.0000 	 0.4435 	 17 	 16 
97.10 	 0.0000 	 0.4443 	 17 	 16 
97.20 	 0.0000 	 0.4445 	 17 	 16 
97.30 	 0.0000 	 0.4452 	 17 	 16 
97.40 	 0.0000 	 0.4449 	 17 	 16 
97.50 	 0.0000 	 0.4446 	 17 	 16 
97.60 	 0.0000 	 0.4443 	 17 	 12 
97.70 	 0.0000 	 0.4442 	 17 	 13 
97.80 	 0.0000 	 0.4443 	 17 	 13 
97.90 	 6.6667 	 0.4449 	 17 	 16 
98.00 	 0.0000 	 0.4458 	 17 	 16 
98.10 	 0.0000 	 0.4463 	 17 	 16 
98.20 	 0.0000 	 0.4463 	 17 	 16 
98.30 	 0.0000 	 0.4449 	 17 	 16 
98.40 	 0.0000 	 0.4450 	 17 	 16 
98.50 	 0.0000 	 0.4445 	 17 	 16 
98.60 	 0.0000 	 0.4444 	 17 	 16 
98.70 	 0.0000 	 0.4444 	 17 	 16 
98.80 	 0.0000 	 0.4447 	 17 	 16 
98.90 	 0.0000 	 0.4447 	 17 	 16 
99.00 	 0.0000 	 0.4437 	 17 	 16 
99.10 	 0.0000 	 0.4429 	 17 	 12 
99.20 	 3.3333 	 0.4390 	 17 	 12 
99.30 	 0.0000 	 0.4386 	 17 	 13 
99.40 	 0.0000 	 0.4381 	 17 	 13 
99.50 	 0.0000 	 0.4380 	 17 	 13 
99.60 	 0.0000 	 0.4378 	 17 	 15 
99.70 	 0.0000 	 0.4374 	 17 	 15 
99.80 	 0.0000 	 0.4374 	 17 	 15 
99.90 	 0.0000 	 0.4332 	 17 	 15 
100.00 	 0.0000 	 0.4323 	 17 	 15 
