# Optimal flow and avg speed dependent on time 
 # Aggressives: 0 
 # Velocity factor: 0.5 
0.10 	 0.0000 	 0.6798 	 14 	 0 
0.20 	 3.3333 	 0.6790 	 14 	 0 
0.30 	 0.0000 	 0.6796 	 14 	 0 
0.40 	 0.0000 	 0.6789 	 14 	 0 
0.50 	 0.0000 	 0.6782 	 14 	 0 
0.60 	 3.3333 	 0.6761 	 14 	 1 
0.70 	 0.0000 	 0.6758 	 14 	 1 
0.80 	 0.0000 	 0.6753 	 14 	 1 
0.90 	 0.0000 	 0.6754 	 14 	 0 
1.00 	 3.3333 	 0.6762 	 14 	 1 
1.10 	 0.0000 	 0.6757 	 14 	 1 
1.20 	 0.0000 	 0.6757 	 14 	 1 
1.30 	 0.0000 	 0.6737 	 14 	 0 
1.40 	 0.0000 	 0.6745 	 14 	 0 
1.50 	 0.0000 	 0.6755 	 14 	 0 
1.60 	 0.0000 	 0.6768 	 14 	 0 
1.70 	 3.3333 	 0.6759 	 14 	 0 
1.80 	 0.0000 	 0.6764 	 14 	 0 
1.90 	 0.0000 	 0.6761 	 14 	 0 
2.00 	 0.0000 	 0.6766 	 14 	 13 
2.10 	 3.3333 	 0.6763 	 14 	 13 
2.20 	 0.0000 	 0.6772 	 14 	 13 
2.30 	 0.0000 	 0.6769 	 14 	 0 
2.40 	 0.0000 	 0.6786 	 14 	 0 
2.50 	 3.3333 	 0.6787 	 14 	 13 
2.60 	 0.0000 	 0.6785 	 14 	 1 
2.70 	 0.0000 	 0.6798 	 14 	 1 
2.80 	 0.0000 	 0.6797 	 14 	 0 
2.90 	 0.0000 	 0.6788 	 14 	 0 
3.00 	 0.0000 	 0.6788 	 14 	 0 
3.10 	 3.3333 	 0.6787 	 14 	 1 
3.20 	 0.0000 	 0.6803 	 14 	 0 
3.30 	 0.0000 	 0.6818 	 14 	 0 
3.40 	 0.0000 	 0.6836 	 14 	 0 
3.50 	 3.3333 	 0.6841 	 14 	 1 
3.60 	 0.0000 	 0.6839 	 14 	 1 
3.70 	 0.0000 	 0.6847 	 14 	 1 
3.80 	 0.0000 	 0.6852 	 14 	 0 
3.90 	 3.3333 	 0.6826 	 14 	 1 
4.00 	 0.0000 	 0.6824 	 14 	 1 
4.10 	 0.0000 	 0.6840 	 14 	 13 
4.20 	 0.0000 	 0.6845 	 14 	 13 
4.30 	 0.0000 	 0.6849 	 14 	 13 
4.40 	 0.0000 	 0.6850 	 14 	 13 
4.50 	 0.0000 	 0.6859 	 14 	 13 
4.60 	 3.3333 	 0.6863 	 14 	 13 
4.70 	 0.0000 	 0.6868 	 14 	 13 
4.80 	 0.0000 	 0.6890 	 14 	 12 
4.90 	 0.0000 	 0.6887 	 14 	 13 
5.00 	 3.3333 	 0.6883 	 14 	 13 
5.10 	 0.0000 	 0.6891 	 14 	 13 
5.20 	 0.0000 	 0.6889 	 14 	 13 
5.30 	 0.0000 	 0.6882 	 14 	 13 
5.40 	 3.3333 	 0.6887 	 14 	 13 
5.50 	 0.0000 	 0.6876 	 14 	 11 
5.60 	 0.0000 	 0.6883 	 14 	 11 
5.70 	 0.0000 	 0.6882 	 14 	 13 
5.80 	 0.0000 	 0.6887 	 14 	 13 
5.90 	 0.0000 	 0.6882 	 14 	 12 
6.00 	 3.3333 	 0.6901 	 14 	 13 
6.10 	 0.0000 	 0.6885 	 14 	 13 
6.20 	 0.0000 	 0.6892 	 14 	 13 
6.30 	 0.0000 	 0.6903 	 14 	 13 
6.40 	 3.3333 	 0.6922 	 14 	 13 
6.50 	 0.0000 	 0.6924 	 14 	 13 
6.60 	 0.0000 	 0.6922 	 14 	 13 
6.70 	 0.0000 	 0.6935 	 14 	 13 
6.80 	 3.3333 	 0.6938 	 14 	 13 
6.90 	 0.0000 	 0.6951 	 14 	 13 
7.00 	 0.0000 	 0.6948 	 14 	 13 
7.10 	 0.0000 	 0.6964 	 14 	 13 
7.20 	 0.0000 	 0.6964 	 14 	 13 
7.30 	 0.0000 	 0.6962 	 14 	 13 
7.40 	 0.0000 	 0.6956 	 14 	 13 
7.50 	 3.3333 	 0.6965 	 14 	 13 
7.60 	 0.0000 	 0.6962 	 14 	 13 
7.70 	 0.0000 	 0.6957 	 14 	 13 
7.80 	 0.0000 	 0.6941 	 14 	 13 
7.90 	 3.3333 	 0.6921 	 14 	 13 
8.00 	 0.0000 	 0.6895 	 14 	 13 
8.10 	 0.0000 	 0.6875 	 14 	 13 
8.20 	 0.0000 	 0.6855 	 14 	 13 
8.30 	 3.3333 	 0.6835 	 14 	 13 
8.40 	 0.0000 	 0.6793 	 14 	 13 
8.50 	 0.0000 	 0.6786 	 14 	 13 
8.60 	 0.0000 	 0.6773 	 14 	 13 
8.70 	 0.0000 	 0.6754 	 14 	 13 
8.80 	 0.0000 	 0.6735 	 14 	 13 
8.90 	 3.3333 	 0.6713 	 14 	 13 
9.00 	 0.0000 	 0.6702 	 14 	 13 
9.10 	 0.0000 	 0.6693 	 14 	 13 
9.20 	 0.0000 	 0.6710 	 14 	 13 
9.30 	 0.0000 	 0.6708 	 14 	 13 
9.40 	 3.3333 	 0.6705 	 14 	 13 
9.50 	 0.0000 	 0.6703 	 14 	 13 
9.60 	 0.0000 	 0.6711 	 14 	 13 
9.70 	 0.0000 	 0.6719 	 14 	 13 
9.80 	 3.3333 	 0.6727 	 14 	 13 
9.90 	 0.0000 	 0.6738 	 14 	 13 
10.00 	 0.0000 	 0.6757 	 14 	 13 
10.10 	 0.0000 	 0.6766 	 14 	 13 
10.20 	 0.0000 	 0.6781 	 14 	 13 
10.30 	 3.3333 	 0.6778 	 14 	 13 
10.40 	 0.0000 	 0.6777 	 14 	 13 
10.50 	 0.0000 	 0.6765 	 14 	 13 
10.60 	 0.0000 	 0.6773 	 14 	 13 
10.70 	 0.0000 	 0.6781 	 14 	 13 
10.80 	 3.3333 	 0.6795 	 14 	 13 
10.90 	 0.0000 	 0.6757 	 14 	 13 
11.00 	 0.0000 	 0.6748 	 14 	 13 
11.10 	 0.0000 	 0.6758 	 14 	 13 
11.20 	 3.3333 	 0.6773 	 14 	 13 
11.30 	 0.0000 	 0.6786 	 14 	 13 
11.40 	 0.0000 	 0.6791 	 14 	 13 
11.50 	 0.0000 	 0.6794 	 14 	 13 
11.60 	 0.0000 	 0.6815 	 14 	 13 
11.70 	 3.3333 	 0.6831 	 14 	 13 
11.80 	 0.0000 	 0.6869 	 14 	 13 
11.90 	 0.0000 	 0.6867 	 14 	 13 
12.00 	 0.0000 	 0.6878 	 14 	 12 
12.10 	 0.0000 	 0.6877 	 14 	 12 
12.20 	 0.0000 	 0.6894 	 14 	 13 
12.30 	 3.3333 	 0.6890 	 14 	 13 
12.40 	 0.0000 	 0.6883 	 14 	 13 
12.50 	 0.0000 	 0.6877 	 14 	 13 
12.60 	 0.0000 	 0.6888 	 14 	 13 
12.70 	 3.3333 	 0.6877 	 14 	 13 
12.80 	 0.0000 	 0.6880 	 14 	 13 
12.90 	 0.0000 	 0.6837 	 14 	 13 
13.00 	 0.0000 	 0.6848 	 14 	 13 
13.10 	 0.0000 	 0.6826 	 14 	 12 
13.20 	 3.3333 	 0.6830 	 14 	 13 
13.30 	 0.0000 	 0.6841 	 14 	 12 
13.40 	 0.0000 	 0.6828 	 14 	 12 
13.50 	 0.0000 	 0.6831 	 14 	 13 
13.60 	 0.0000 	 0.6828 	 14 	 13 
13.70 	 3.3333 	 0.6831 	 14 	 13 
13.80 	 0.0000 	 0.6836 	 14 	 13 
13.90 	 0.0000 	 0.6838 	 14 	 13 
14.00 	 0.0000 	 0.6839 	 14 	 13 
14.10 	 3.3333 	 0.6830 	 14 	 13 
14.20 	 0.0000 	 0.6838 	 14 	 13 
14.30 	 0.0000 	 0.6859 	 14 	 13 
14.40 	 0.0000 	 0.6858 	 14 	 13 
14.50 	 0.0000 	 0.6867 	 14 	 13 
14.60 	 3.3333 	 0.6842 	 14 	 13 
14.70 	 0.0000 	 0.6846 	 14 	 13 
14.80 	 0.0000 	 0.6842 	 14 	 13 
14.90 	 0.0000 	 0.6852 	 14 	 12 
15.00 	 0.0000 	 0.6835 	 14 	 13 
15.10 	 0.0000 	 0.6830 	 14 	 13 
15.20 	 3.3333 	 0.6834 	 14 	 13 
15.30 	 0.0000 	 0.6839 	 14 	 13 
15.40 	 0.0000 	 0.6828 	 14 	 13 
15.50 	 0.0000 	 0.6833 	 14 	 13 
15.60 	 3.3333 	 0.6834 	 14 	 13 
15.70 	 0.0000 	 0.6831 	 14 	 12 
15.80 	 0.0000 	 0.6828 	 14 	 13 
15.90 	 3.3333 	 0.6837 	 14 	 13 
16.00 	 0.0000 	 0.6845 	 14 	 13 
16.10 	 0.0000 	 0.6846 	 14 	 13 
16.20 	 0.0000 	 0.6845 	 14 	 13 
16.30 	 0.0000 	 0.6861 	 14 	 13 
16.40 	 0.0000 	 0.6871 	 14 	 13 
16.50 	 0.0000 	 0.6884 	 14 	 13 
16.60 	 0.0000 	 0.6900 	 14 	 13 
16.70 	 3.3333 	 0.6916 	 14 	 13 
16.80 	 0.0000 	 0.6914 	 14 	 13 
16.90 	 0.0000 	 0.6939 	 14 	 13 
17.00 	 3.3333 	 0.6950 	 14 	 13 
17.10 	 0.0000 	 0.6966 	 14 	 13 
17.20 	 0.0000 	 0.6968 	 14 	 13 
17.30 	 3.3333 	 0.6974 	 14 	 13 
17.40 	 0.0000 	 0.6987 	 14 	 13 
17.50 	 0.0000 	 0.6998 	 14 	 13 
17.60 	 0.0000 	 0.7010 	 14 	 13 
17.70 	 0.0000 	 0.7029 	 14 	 13 
17.80 	 0.0000 	 0.7034 	 14 	 13 
17.90 	 0.0000 	 0.7038 	 14 	 13 
18.00 	 0.0000 	 0.7063 	 14 	 13 
18.10 	 3.3333 	 0.7080 	 14 	 13 
18.20 	 0.0000 	 0.7075 	 14 	 13 
18.30 	 0.0000 	 0.7089 	 14 	 13 
18.40 	 0.0000 	 0.7098 	 14 	 13 
18.50 	 3.3333 	 0.7108 	 14 	 13 
18.60 	 0.0000 	 0.7111 	 14 	 13 
18.70 	 3.3333 	 0.7128 	 14 	 13 
18.80 	 0.0000 	 0.7141 	 14 	 13 
18.90 	 0.0000 	 0.7153 	 14 	 13 
19.00 	 0.0000 	 0.7156 	 14 	 13 
19.10 	 0.0000 	 0.7158 	 14 	 12 
19.20 	 0.0000 	 0.7166 	 14 	 12 
19.30 	 0.0000 	 0.7177 	 14 	 13 
19.40 	 0.0000 	 0.7178 	 14 	 13 
19.50 	 0.0000 	 0.7185 	 14 	 13 
19.60 	 3.3333 	 0.7199 	 14 	 13 
19.70 	 0.0000 	 0.7198 	 14 	 13 
19.80 	 0.0000 	 0.7214 	 14 	 13 
19.90 	 0.0000 	 0.7216 	 14 	 13 
20.00 	 6.6667 	 0.7231 	 14 	 13 
20.10 	 0.0000 	 0.7243 	 14 	 13 
20.20 	 0.0000 	 0.7252 	 14 	 12 
20.30 	 0.0000 	 0.7266 	 14 	 12 
20.40 	 0.0000 	 0.7273 	 14 	 12 
20.50 	 0.0000 	 0.7283 	 14 	 13 
20.60 	 0.0000 	 0.7276 	 14 	 13 
20.70 	 0.0000 	 0.7291 	 14 	 13 
20.80 	 0.0000 	 0.7304 	 14 	 13 
20.90 	 0.0000 	 0.7311 	 14 	 13 
21.00 	 3.3333 	 0.7325 	 14 	 13 
21.10 	 0.0000 	 0.7334 	 14 	 12 
21.20 	 3.3333 	 0.7325 	 14 	 12 
21.30 	 0.0000 	 0.7312 	 14 	 12 
21.40 	 3.3333 	 0.7256 	 14 	 12 
21.50 	 0.0000 	 0.7239 	 14 	 13 
21.60 	 0.0000 	 0.7238 	 14 	 13 
21.70 	 0.0000 	 0.7235 	 14 	 13 
21.80 	 0.0000 	 0.7215 	 14 	 13 
21.90 	 0.0000 	 0.7208 	 14 	 13 
22.00 	 0.0000 	 0.7206 	 14 	 11 
22.10 	 0.0000 	 0.7184 	 14 	 11 
22.20 	 0.0000 	 0.7170 	 14 	 11 
22.30 	 0.0000 	 0.7151 	 14 	 11 
22.40 	 3.3333 	 0.7148 	 14 	 11 
22.50 	 3.3333 	 0.7138 	 14 	 13 
22.60 	 0.0000 	 0.7130 	 14 	 13 
22.70 	 0.0000 	 0.7104 	 14 	 13 
22.80 	 0.0000 	 0.7084 	 14 	 13 
22.90 	 3.3333 	 0.7059 	 14 	 13 
23.00 	 0.0000 	 0.7028 	 14 	 12 
23.10 	 0.0000 	 0.7004 	 14 	 12 
23.20 	 0.0000 	 0.6947 	 14 	 12 
23.30 	 0.0000 	 0.6923 	 14 	 12 
23.40 	 0.0000 	 0.6875 	 14 	 12 
23.50 	 3.3333 	 0.6841 	 14 	 13 
23.60 	 0.0000 	 0.6799 	 14 	 13 
23.70 	 0.0000 	 0.6763 	 14 	 11 
23.80 	 0.0000 	 0.6726 	 14 	 11 
23.90 	 3.3333 	 0.6647 	 14 	 13 
24.00 	 0.0000 	 0.6613 	 14 	 13 
24.10 	 0.0000 	 0.6609 	 14 	 11 
24.20 	 0.0000 	 0.6600 	 14 	 11 
24.30 	 3.3333 	 0.6593 	 14 	 11 
24.40 	 0.0000 	 0.6603 	 14 	 11 
24.50 	 0.0000 	 0.6604 	 14 	 11 
24.60 	 0.0000 	 0.6610 	 14 	 12 
24.70 	 0.0000 	 0.6618 	 14 	 10 
24.80 	 0.0000 	 0.6631 	 14 	 10 
24.90 	 3.3333 	 0.6611 	 14 	 10 
25.00 	 0.0000 	 0.6630 	 14 	 11 
25.10 	 0.0000 	 0.6621 	 14 	 11 
25.20 	 0.0000 	 0.6613 	 14 	 11 
25.30 	 0.0000 	 0.6607 	 14 	 11 
25.40 	 3.3333 	 0.6590 	 14 	 11 
25.50 	 0.0000 	 0.6602 	 14 	 11 
25.60 	 0.0000 	 0.6625 	 14 	 11 
25.70 	 0.0000 	 0.6602 	 14 	 11 
25.80 	 3.3333 	 0.6609 	 14 	 11 
25.90 	 0.0000 	 0.6609 	 14 	 11 
26.00 	 0.0000 	 0.6616 	 14 	 11 
26.10 	 0.0000 	 0.6627 	 14 	 11 
26.20 	 0.0000 	 0.6610 	 14 	 11 
26.30 	 3.3333 	 0.6621 	 14 	 11 
26.40 	 0.0000 	 0.6640 	 14 	 10 
26.50 	 0.0000 	 0.6637 	 14 	 10 
26.60 	 0.0000 	 0.6620 	 14 	 12 
26.70 	 0.0000 	 0.6633 	 14 	 12 
26.80 	 3.3333 	 0.6640 	 14 	 12 
26.90 	 0.0000 	 0.6638 	 14 	 12 
27.00 	 3.3333 	 0.6647 	 14 	 13 
27.10 	 0.0000 	 0.6651 	 14 	 13 
27.20 	 0.0000 	 0.6640 	 14 	 13 
27.30 	 0.0000 	 0.6614 	 14 	 13 
27.40 	 0.0000 	 0.6615 	 14 	 13 
27.50 	 0.0000 	 0.6620 	 14 	 13 
27.60 	 0.0000 	 0.6624 	 14 	 11 
27.70 	 3.3333 	 0.6630 	 14 	 11 
27.80 	 0.0000 	 0.6615 	 14 	 11 
27.90 	 0.0000 	 0.6611 	 14 	 13 
28.00 	 0.0000 	 0.6615 	 14 	 10 
28.10 	 0.0000 	 0.6627 	 14 	 12 
28.20 	 0.0000 	 0.6613 	 14 	 12 
28.30 	 3.3333 	 0.6634 	 14 	 13 
28.40 	 3.3333 	 0.6637 	 14 	 13 
28.50 	 0.0000 	 0.6649 	 14 	 13 
28.60 	 0.0000 	 0.6649 	 14 	 13 
28.70 	 0.0000 	 0.6669 	 14 	 13 
28.80 	 0.0000 	 0.6663 	 14 	 13 
28.90 	 0.0000 	 0.6687 	 14 	 13 
29.00 	 0.0000 	 0.6699 	 14 	 13 
29.10 	 0.0000 	 0.6702 	 14 	 11 
29.20 	 3.3333 	 0.6710 	 14 	 13 
29.30 	 0.0000 	 0.6716 	 14 	 13 
29.40 	 0.0000 	 0.6734 	 14 	 13 
29.50 	 3.3333 	 0.6732 	 14 	 13 
29.60 	 0.0000 	 0.6729 	 14 	 13 
29.70 	 0.0000 	 0.6746 	 14 	 12 
29.80 	 0.0000 	 0.6750 	 14 	 13 
29.90 	 3.3333 	 0.6766 	 14 	 13 
30.00 	 0.0000 	 0.6770 	 14 	 13 
30.10 	 0.0000 	 0.6776 	 14 	 13 
30.20 	 0.0000 	 0.6786 	 14 	 13 
30.30 	 0.0000 	 0.6794 	 14 	 13 
30.40 	 0.0000 	 0.6808 	 14 	 13 
30.50 	 0.0000 	 0.6835 	 14 	 13 
30.60 	 3.3333 	 0.6828 	 14 	 13 
30.70 	 0.0000 	 0.6847 	 14 	 13 
30.80 	 0.0000 	 0.6847 	 14 	 12 
30.90 	 3.3333 	 0.6856 	 14 	 13 
31.00 	 0.0000 	 0.6874 	 14 	 13 
31.10 	 0.0000 	 0.6880 	 14 	 13 
31.20 	 0.0000 	 0.6873 	 14 	 13 
31.30 	 0.0000 	 0.6884 	 14 	 13 
31.40 	 3.3333 	 0.6889 	 14 	 13 
31.50 	 0.0000 	 0.6913 	 14 	 13 
31.60 	 0.0000 	 0.6923 	 14 	 13 
31.70 	 0.0000 	 0.6927 	 14 	 12 
31.80 	 0.0000 	 0.6941 	 14 	 12 
31.90 	 0.0000 	 0.6951 	 14 	 13 
32.00 	 3.3333 	 0.6955 	 14 	 13 
32.10 	 0.0000 	 0.6973 	 14 	 13 
32.20 	 0.0000 	 0.6981 	 14 	 13 
32.30 	 0.0000 	 0.6994 	 14 	 13 
32.40 	 3.3333 	 0.7003 	 14 	 13 
32.50 	 0.0000 	 0.7022 	 14 	 12 
32.60 	 0.0000 	 0.7032 	 14 	 12 
32.70 	 0.0000 	 0.7047 	 14 	 12 
32.80 	 3.3333 	 0.7066 	 14 	 12 
32.90 	 0.0000 	 0.7066 	 14 	 13 
33.00 	 0.0000 	 0.7101 	 14 	 13 
33.10 	 0.0000 	 0.7105 	 14 	 13 
33.20 	 0.0000 	 0.7131 	 14 	 13 
33.30 	 0.0000 	 0.7129 	 14 	 13 
33.40 	 0.0000 	 0.7167 	 14 	 13 
33.50 	 3.3333 	 0.7178 	 14 	 12 
33.60 	 0.0000 	 0.7208 	 14 	 12 
33.70 	 0.0000 	 0.7233 	 14 	 12 
33.80 	 3.3333 	 0.7257 	 14 	 13 
33.90 	 0.0000 	 0.7278 	 14 	 13 
34.00 	 0.0000 	 0.7303 	 14 	 13 
34.10 	 0.0000 	 0.7325 	 14 	 13 
34.20 	 0.0000 	 0.7332 	 14 	 13 
34.30 	 3.3333 	 0.7343 	 14 	 13 
34.40 	 0.0000 	 0.7349 	 14 	 11 
34.50 	 0.0000 	 0.7357 	 14 	 11 
34.60 	 3.3333 	 0.7365 	 14 	 12 
34.70 	 0.0000 	 0.7354 	 14 	 13 
34.80 	 0.0000 	 0.7360 	 14 	 13 
34.90 	 0.0000 	 0.7369 	 14 	 13 
35.00 	 0.0000 	 0.7380 	 14 	 13 
35.10 	 0.0000 	 0.7376 	 14 	 13 
35.20 	 0.0000 	 0.7361 	 14 	 13 
35.30 	 3.3333 	 0.7363 	 14 	 13 
35.40 	 0.0000 	 0.7359 	 14 	 11 
35.50 	 0.0000 	 0.7354 	 14 	 11 
35.60 	 3.3333 	 0.7274 	 14 	 11 
35.70 	 0.0000 	 0.7259 	 14 	 13 
35.80 	 0.0000 	 0.7235 	 14 	 11 
35.90 	 3.3333 	 0.7140 	 14 	 11 
36.00 	 0.0000 	 0.7108 	 14 	 13 
36.10 	 0.0000 	 0.7012 	 14 	 13 
36.20 	 0.0000 	 0.6982 	 14 	 13 
36.30 	 0.0000 	 0.6875 	 14 	 13 
36.40 	 0.0000 	 0.6851 	 14 	 11 
36.50 	 0.0000 	 0.6815 	 14 	 11 
36.60 	 0.0000 	 0.6794 	 14 	 10 
36.70 	 3.3333 	 0.6758 	 14 	 13 
36.80 	 0.0000 	 0.6722 	 14 	 11 
36.90 	 0.0000 	 0.6666 	 14 	 11 
37.00 	 3.3333 	 0.6648 	 14 	 11 
37.10 	 3.3333 	 0.6642 	 14 	 13 
37.20 	 0.0000 	 0.6627 	 14 	 11 
37.30 	 0.0000 	 0.6625 	 14 	 11 
37.40 	 0.0000 	 0.6614 	 14 	 11 
37.50 	 0.0000 	 0.6630 	 14 	 11 
37.60 	 0.0000 	 0.6598 	 14 	 11 
37.70 	 0.0000 	 0.6621 	 14 	 11 
37.80 	 0.0000 	 0.6622 	 14 	 11 
37.90 	 0.0000 	 0.6615 	 14 	 11 
38.00 	 0.0000 	 0.6642 	 14 	 11 
38.10 	 0.0000 	 0.6651 	 14 	 11 
38.20 	 6.6667 	 0.6650 	 14 	 11 
38.30 	 0.0000 	 0.6646 	 14 	 11 
38.40 	 0.0000 	 0.6651 	 14 	 11 
38.50 	 3.3333 	 0.6659 	 14 	 10 
38.60 	 0.0000 	 0.6664 	 14 	 10 
38.70 	 0.0000 	 0.6675 	 14 	 10 
38.80 	 0.0000 	 0.6666 	 14 	 11 
38.90 	 0.0000 	 0.6649 	 14 	 11 
39.00 	 0.0000 	 0.6643 	 14 	 11 
39.10 	 0.0000 	 0.6628 	 14 	 11 
39.20 	 0.0000 	 0.6626 	 14 	 11 
39.30 	 0.0000 	 0.6613 	 14 	 11 
39.40 	 0.0000 	 0.6614 	 14 	 11 
39.50 	 0.0000 	 0.6600 	 14 	 11 
39.60 	 3.3333 	 0.6592 	 14 	 12 
39.70 	 3.3333 	 0.6601 	 14 	 12 
39.80 	 0.0000 	 0.6574 	 14 	 12 
39.90 	 0.0000 	 0.6590 	 14 	 12 
40.00 	 3.3333 	 0.6570 	 14 	 12 
40.10 	 0.0000 	 0.6559 	 14 	 12 
40.20 	 0.0000 	 0.6553 	 14 	 12 
40.30 	 0.0000 	 0.6524 	 14 	 11 
40.40 	 0.0000 	 0.6511 	 14 	 12 
40.50 	 0.0000 	 0.6492 	 14 	 12 
40.60 	 0.0000 	 0.6472 	 14 	 11 
40.70 	 0.0000 	 0.6465 	 14 	 11 
40.80 	 0.0000 	 0.6457 	 14 	 11 
40.90 	 0.0000 	 0.6453 	 14 	 11 
41.00 	 0.0000 	 0.6463 	 14 	 11 
41.10 	 6.6667 	 0.6464 	 14 	 12 
41.20 	 0.0000 	 0.6467 	 14 	 12 
41.30 	 0.0000 	 0.6493 	 14 	 11 
41.40 	 3.3333 	 0.6506 	 14 	 11 
41.50 	 0.0000 	 0.6515 	 14 	 12 
41.60 	 0.0000 	 0.6523 	 14 	 12 
41.70 	 0.0000 	 0.6535 	 14 	 12 
41.80 	 0.0000 	 0.6555 	 14 	 12 
41.90 	 0.0000 	 0.6557 	 14 	 12 
42.00 	 0.0000 	 0.6584 	 14 	 12 
42.10 	 0.0000 	 0.6593 	 14 	 13 
42.20 	 3.3333 	 0.6638 	 14 	 13 
42.30 	 0.0000 	 0.6664 	 14 	 13 
42.40 	 0.0000 	 0.6685 	 14 	 13 
42.50 	 3.3333 	 0.6688 	 14 	 11 
42.60 	 0.0000 	 0.6690 	 14 	 11 
42.70 	 0.0000 	 0.6699 	 14 	 12 
42.80 	 3.3333 	 0.6721 	 14 	 12 
42.90 	 0.0000 	 0.6748 	 14 	 12 
43.00 	 0.0000 	 0.6756 	 14 	 12 
43.10 	 0.0000 	 0.6750 	 14 	 12 
43.20 	 0.0000 	 0.6735 	 14 	 12 
43.30 	 0.0000 	 0.6734 	 14 	 12 
43.40 	 0.0000 	 0.6687 	 14 	 12 
43.50 	 0.0000 	 0.6661 	 14 	 12 
43.60 	 0.0000 	 0.6636 	 14 	 12 
43.70 	 3.3333 	 0.6629 	 14 	 12 
43.80 	 0.0000 	 0.6581 	 14 	 12 
43.90 	 0.0000 	 0.6563 	 14 	 13 
44.00 	 3.3333 	 0.6527 	 14 	 13 
44.10 	 0.0000 	 0.6526 	 14 	 11 
44.20 	 3.3333 	 0.6516 	 14 	 11 
44.30 	 0.0000 	 0.6516 	 14 	 13 
44.40 	 0.0000 	 0.6516 	 14 	 12 
44.50 	 0.0000 	 0.6513 	 14 	 12 
44.60 	 0.0000 	 0.6514 	 14 	 12 
44.70 	 0.0000 	 0.6511 	 14 	 12 
44.80 	 0.0000 	 0.6510 	 14 	 12 
44.90 	 0.0000 	 0.6542 	 14 	 13 
45.00 	 0.0000 	 0.6523 	 14 	 11 
45.10 	 3.3333 	 0.6550 	 14 	 11 
45.20 	 0.0000 	 0.6558 	 14 	 11 
45.30 	 0.0000 	 0.6574 	 14 	 12 
45.40 	 3.3333 	 0.6575 	 14 	 12 
45.50 	 3.3333 	 0.6589 	 14 	 10 
45.60 	 0.0000 	 0.6597 	 14 	 10 
45.70 	 0.0000 	 0.6627 	 14 	 11 
45.80 	 0.0000 	 0.6624 	 14 	 12 
45.90 	 0.0000 	 0.6636 	 14 	 12 
46.00 	 0.0000 	 0.6646 	 14 	 13 
46.10 	 0.0000 	 0.6664 	 14 	 13 
46.20 	 0.0000 	 0.6686 	 14 	 13 
46.30 	 0.0000 	 0.6696 	 14 	 13 
46.40 	 0.0000 	 0.6704 	 14 	 13 
46.50 	 0.0000 	 0.6700 	 14 	 13 
46.60 	 0.0000 	 0.6718 	 14 	 13 
46.70 	 3.3333 	 0.6729 	 14 	 13 
46.80 	 3.3333 	 0.6736 	 14 	 11 
46.90 	 3.3333 	 0.6745 	 14 	 11 
47.00 	 0.0000 	 0.6754 	 14 	 13 
47.10 	 0.0000 	 0.6750 	 14 	 13 
47.20 	 0.0000 	 0.6740 	 14 	 12 
47.30 	 0.0000 	 0.6739 	 14 	 12 
47.40 	 0.0000 	 0.6729 	 14 	 12 
47.50 	 0.0000 	 0.6715 	 14 	 12 
47.60 	 0.0000 	 0.6686 	 14 	 12 
47.70 	 0.0000 	 0.6687 	 14 	 13 
47.80 	 0.0000 	 0.6662 	 14 	 13 
47.90 	 0.0000 	 0.6665 	 14 	 0 
48.00 	 0.0000 	 0.6680 	 14 	 0 
48.10 	 0.0000 	 0.6669 	 14 	 0 
48.20 	 6.6667 	 0.6703 	 14 	 12 
48.30 	 0.0000 	 0.6692 	 14 	 12 
48.40 	 3.3333 	 0.6712 	 14 	 12 
48.50 	 0.0000 	 0.6701 	 14 	 12 
48.60 	 0.0000 	 0.6723 	 14 	 13 
48.70 	 0.0000 	 0.6722 	 14 	 11 
48.80 	 0.0000 	 0.6732 	 14 	 11 
48.90 	 0.0000 	 0.6729 	 14 	 11 
49.00 	 0.0000 	 0.6729 	 14 	 11 
49.10 	 3.3333 	 0.6734 	 14 	 11 
49.20 	 0.0000 	 0.6764 	 14 	 13 
49.30 	 0.0000 	 0.6754 	 14 	 12 
49.40 	 0.0000 	 0.6748 	 14 	 12 
49.50 	 0.0000 	 0.6753 	 14 	 12 
49.60 	 0.0000 	 0.6752 	 14 	 12 
49.70 	 3.3333 	 0.6758 	 14 	 12 
49.80 	 0.0000 	 0.6740 	 14 	 13 
49.90 	 3.3333 	 0.6741 	 14 	 13 
50.00 	 0.0000 	 0.6732 	 14 	 13 
50.10 	 3.3333 	 0.6734 	 14 	 12 
50.20 	 0.0000 	 0.6734 	 14 	 13 
50.30 	 0.0000 	 0.6748 	 14 	 12 
50.40 	 0.0000 	 0.6741 	 14 	 13 
50.50 	 0.0000 	 0.6705 	 14 	 13 
50.60 	 0.0000 	 0.6706 	 14 	 13 
50.70 	 0.0000 	 0.6691 	 14 	 13 
50.80 	 0.0000 	 0.6672 	 14 	 13 
50.90 	 0.0000 	 0.6664 	 14 	 13 
51.00 	 0.0000 	 0.6680 	 14 	 13 
51.10 	 3.3333 	 0.6674 	 14 	 13 
51.20 	 0.0000 	 0.6666 	 14 	 13 
51.30 	 3.3333 	 0.6680 	 14 	 13 
51.40 	 0.0000 	 0.6659 	 14 	 12 
51.50 	 0.0000 	 0.6658 	 14 	 12 
51.60 	 0.0000 	 0.6669 	 14 	 12 
51.70 	 3.3333 	 0.6680 	 14 	 12 
51.80 	 0.0000 	 0.6686 	 14 	 13 
51.90 	 0.0000 	 0.6706 	 14 	 13 
52.00 	 0.0000 	 0.6691 	 14 	 13 
52.10 	 0.0000 	 0.6706 	 14 	 13 
52.20 	 0.0000 	 0.6704 	 14 	 13 
52.30 	 0.0000 	 0.6712 	 14 	 13 
52.40 	 0.0000 	 0.6711 	 14 	 13 
52.50 	 3.3333 	 0.6717 	 14 	 12 
52.60 	 0.0000 	 0.6721 	 14 	 12 
52.70 	 3.3333 	 0.6705 	 14 	 12 
52.80 	 3.3333 	 0.6709 	 14 	 13 
52.90 	 0.0000 	 0.6719 	 14 	 13 
53.00 	 0.0000 	 0.6699 	 14 	 13 
53.10 	 0.0000 	 0.6697 	 14 	 13 
53.20 	 0.0000 	 0.6704 	 14 	 13 
53.30 	 0.0000 	 0.6700 	 14 	 13 
53.40 	 0.0000 	 0.6694 	 14 	 12 
53.50 	 0.0000 	 0.6692 	 14 	 12 
53.60 	 0.0000 	 0.6704 	 14 	 12 
53.70 	 0.0000 	 0.6698 	 14 	 12 
53.80 	 0.0000 	 0.6695 	 14 	 12 
53.90 	 3.3333 	 0.6695 	 14 	 13 
54.00 	 0.0000 	 0.6705 	 14 	 13 
54.10 	 0.0000 	 0.6693 	 14 	 13 
54.20 	 0.0000 	 0.6698 	 14 	 13 
54.30 	 6.6667 	 0.6706 	 14 	 13 
54.40 	 0.0000 	 0.6710 	 14 	 11 
54.50 	 0.0000 	 0.6715 	 14 	 11 
54.60 	 0.0000 	 0.6750 	 14 	 12 
54.70 	 0.0000 	 0.6744 	 14 	 12 
54.80 	 0.0000 	 0.6766 	 14 	 12 
54.90 	 0.0000 	 0.6759 	 14 	 13 
55.00 	 0.0000 	 0.6772 	 14 	 13 
55.10 	 3.3333 	 0.6767 	 14 	 13 
55.20 	 3.3333 	 0.6786 	 14 	 13 
55.30 	 0.0000 	 0.6790 	 14 	 13 
55.40 	 0.0000 	 0.6802 	 14 	 11 
55.50 	 0.0000 	 0.6813 	 14 	 11 
55.60 	 0.0000 	 0.6812 	 14 	 11 
55.70 	 0.0000 	 0.6814 	 14 	 12 
55.80 	 3.3333 	 0.6839 	 14 	 12 
55.90 	 0.0000 	 0.6842 	 14 	 12 
56.00 	 0.0000 	 0.6861 	 14 	 13 
56.10 	 0.0000 	 0.6873 	 14 	 13 
56.20 	 0.0000 	 0.6876 	 14 	 13 
56.30 	 3.3333 	 0.6879 	 14 	 13 
56.40 	 0.0000 	 0.6886 	 14 	 11 
56.50 	 0.0000 	 0.6892 	 14 	 11 
56.60 	 3.3333 	 0.6898 	 14 	 11 
56.70 	 0.0000 	 0.6901 	 14 	 11 
56.80 	 0.0000 	 0.6901 	 14 	 11 
56.90 	 0.0000 	 0.6916 	 14 	 11 
57.00 	 0.0000 	 0.6918 	 14 	 11 
57.10 	 0.0000 	 0.6934 	 14 	 13 
57.20 	 0.0000 	 0.6927 	 14 	 13 
57.30 	 3.3333 	 0.6947 	 14 	 13 
57.40 	 0.0000 	 0.6941 	 14 	 13 
57.50 	 0.0000 	 0.6944 	 14 	 11 
57.60 	 3.3333 	 0.6958 	 14 	 11 
57.70 	 0.0000 	 0.6972 	 14 	 11 
57.80 	 0.0000 	 0.6973 	 14 	 11 
57.90 	 0.0000 	 0.6974 	 14 	 11 
58.00 	 0.0000 	 0.6971 	 14 	 11 
58.10 	 0.0000 	 0.6978 	 14 	 11 
58.20 	 3.3333 	 0.6977 	 14 	 13 
58.30 	 0.0000 	 0.6991 	 14 	 13 
58.40 	 3.3333 	 0.6995 	 14 	 13 
58.50 	 0.0000 	 0.7003 	 14 	 10 
58.60 	 0.0000 	 0.7002 	 14 	 11 
58.70 	 3.3333 	 0.7003 	 14 	 11 
58.80 	 0.0000 	 0.7021 	 14 	 11 
58.90 	 0.0000 	 0.7014 	 14 	 11 
59.00 	 0.0000 	 0.7025 	 14 	 11 
59.10 	 0.0000 	 0.7026 	 14 	 11 
59.20 	 0.0000 	 0.7032 	 14 	 12 
59.30 	 0.0000 	 0.7034 	 14 	 13 
59.40 	 0.0000 	 0.7042 	 14 	 13 
59.50 	 0.0000 	 0.7061 	 14 	 13 
59.60 	 3.3333 	 0.7059 	 14 	 11 
59.70 	 0.0000 	 0.7076 	 14 	 11 
59.80 	 0.0000 	 0.7082 	 14 	 11 
59.90 	 0.0000 	 0.7097 	 14 	 11 
60.00 	 0.0000 	 0.7101 	 14 	 11 
60.10 	 0.0000 	 0.7104 	 14 	 11 
60.20 	 0.0000 	 0.7105 	 14 	 12 
60.30 	 0.0000 	 0.7119 	 14 	 12 
60.40 	 0.0000 	 0.7131 	 14 	 13 
60.50 	 0.0000 	 0.7128 	 14 	 9 
60.60 	 0.0000 	 0.7142 	 14 	 9 
60.70 	 3.3333 	 0.7152 	 14 	 9 
60.80 	 0.0000 	 0.7154 	 14 	 11 
60.90 	 0.0000 	 0.7165 	 14 	 10 
61.00 	 0.0000 	 0.7162 	 14 	 11 
61.10 	 0.0000 	 0.7176 	 14 	 11 
61.20 	 0.0000 	 0.7178 	 14 	 11 
61.30 	 6.6667 	 0.7174 	 14 	 12 
61.40 	 0.0000 	 0.7177 	 14 	 12 
61.50 	 0.0000 	 0.7186 	 14 	 11 
61.60 	 0.0000 	 0.7185 	 14 	 11 
61.70 	 0.0000 	 0.7193 	 14 	 13 
61.80 	 0.0000 	 0.7185 	 14 	 9 
61.90 	 0.0000 	 0.7200 	 14 	 10 
62.00 	 0.0000 	 0.7199 	 14 	 10 
62.10 	 6.6667 	 0.7207 	 14 	 10 
62.20 	 0.0000 	 0.7211 	 14 	 11 
62.30 	 0.0000 	 0.7213 	 14 	 11 
62.40 	 0.0000 	 0.7211 	 14 	 9 
62.50 	 0.0000 	 0.7219 	 14 	 9 
62.60 	 0.0000 	 0.7228 	 14 	 9 
62.70 	 0.0000 	 0.7224 	 14 	 13 
62.80 	 0.0000 	 0.7225 	 14 	 9 
62.90 	 3.3333 	 0.7230 	 14 	 9 
63.00 	 0.0000 	 0.7226 	 14 	 10 
63.10 	 0.0000 	 0.7227 	 14 	 10 
63.20 	 3.3333 	 0.7227 	 14 	 10 
63.30 	 0.0000 	 0.7221 	 14 	 11 
63.40 	 0.0000 	 0.7225 	 14 	 11 
63.50 	 0.0000 	 0.7219 	 14 	 9 
63.60 	 0.0000 	 0.7212 	 14 	 9 
63.70 	 0.0000 	 0.7210 	 14 	 9 
63.80 	 3.3333 	 0.7207 	 14 	 13 
63.90 	 0.0000 	 0.7202 	 14 	 13 
64.00 	 0.0000 	 0.7202 	 14 	 9 
64.10 	 0.0000 	 0.7212 	 14 	 9 
64.20 	 3.3333 	 0.7196 	 14 	 10 
64.30 	 0.0000 	 0.7198 	 14 	 10 
64.40 	 0.0000 	 0.7188 	 14 	 11 
64.50 	 0.0000 	 0.7179 	 14 	 11 
64.60 	 3.3333 	 0.7157 	 14 	 11 
64.70 	 0.0000 	 0.7088 	 14 	 9 
64.80 	 0.0000 	 0.7057 	 14 	 9 
64.90 	 3.3333 	 0.6965 	 14 	 13 
65.00 	 0.0000 	 0.6855 	 14 	 13 
65.10 	 0.0000 	 0.6799 	 14 	 9 
65.20 	 0.0000 	 0.6735 	 14 	 9 
65.30 	 0.0000 	 0.6673 	 14 	 10 
65.40 	 3.3333 	 0.6632 	 14 	 11 
65.50 	 0.0000 	 0.6583 	 14 	 11 
65.60 	 0.0000 	 0.6558 	 14 	 11 
65.70 	 0.0000 	 0.6552 	 14 	 11 
65.80 	 3.3333 	 0.6542 	 14 	 11 
65.90 	 0.0000 	 0.6539 	 14 	 12 
66.00 	 0.0000 	 0.6520 	 14 	 13 
66.10 	 0.0000 	 0.6539 	 14 	 9 
66.20 	 3.3333 	 0.6526 	 14 	 13 
66.30 	 0.0000 	 0.6538 	 14 	 8 
66.40 	 0.0000 	 0.6540 	 14 	 9 
66.50 	 0.0000 	 0.6534 	 14 	 9 
66.60 	 0.0000 	 0.6545 	 14 	 8 
66.70 	 0.0000 	 0.6540 	 14 	 11 
66.80 	 3.3333 	 0.6550 	 14 	 11 
66.90 	 0.0000 	 0.6555 	 14 	 9 
67.00 	 0.0000 	 0.6529 	 14 	 9 
67.10 	 0.0000 	 0.6534 	 14 	 9 
67.20 	 0.0000 	 0.6539 	 14 	 9 
67.30 	 0.0000 	 0.6524 	 14 	 9 
67.40 	 0.0000 	 0.6504 	 14 	 9 
67.50 	 0.0000 	 0.6499 	 14 	 9 
67.60 	 0.0000 	 0.6490 	 14 	 9 
67.70 	 0.0000 	 0.6482 	 14 	 9 
67.80 	 3.3333 	 0.6460 	 14 	 11 
67.90 	 0.0000 	 0.6464 	 14 	 9 
68.00 	 0.0000 	 0.6473 	 14 	 9 
68.10 	 0.0000 	 0.6465 	 14 	 9 
68.20 	 0.0000 	 0.6478 	 14 	 9 
68.30 	 0.0000 	 0.6470 	 14 	 9 
68.40 	 0.0000 	 0.6493 	 14 	 13 
68.50 	 0.0000 	 0.6503 	 14 	 9 
68.60 	 0.0000 	 0.6519 	 14 	 9 
68.70 	 0.0000 	 0.6499 	 14 	 9 
68.80 	 3.3333 	 0.6519 	 14 	 9 
68.90 	 0.0000 	 0.6500 	 14 	 9 
69.00 	 0.0000 	 0.6496 	 14 	 9 
69.10 	 0.0000 	 0.6468 	 14 	 9 
69.20 	 0.0000 	 0.6472 	 14 	 8 
69.30 	 0.0000 	 0.6441 	 14 	 9 
69.40 	 0.0000 	 0.6431 	 14 	 13 
69.50 	 0.0000 	 0.6410 	 14 	 10 
69.60 	 3.3333 	 0.6384 	 14 	 10 
69.70 	 0.0000 	 0.6380 	 14 	 9 
69.80 	 3.3333 	 0.6384 	 14 	 9 
69.90 	 0.0000 	 0.6369 	 14 	 9 
70.00 	 0.0000 	 0.6361 	 14 	 9 
70.10 	 3.3333 	 0.6379 	 14 	 9 
70.20 	 0.0000 	 0.6384 	 14 	 10 
70.30 	 0.0000 	 0.6388 	 14 	 10 
70.40 	 0.0000 	 0.6386 	 14 	 10 
70.50 	 0.0000 	 0.6416 	 14 	 10 
70.60 	 0.0000 	 0.6421 	 14 	 10 
70.70 	 0.0000 	 0.6414 	 14 	 10 
70.80 	 3.3333 	 0.6390 	 14 	 8 
70.90 	 3.3333 	 0.6361 	 14 	 8 
71.00 	 0.0000 	 0.6374 	 14 	 8 
71.10 	 0.0000 	 0.6370 	 14 	 9 
71.20 	 0.0000 	 0.6369 	 14 	 9 
71.30 	 0.0000 	 0.6371 	 14 	 9 
71.40 	 3.3333 	 0.6370 	 14 	 9 
71.50 	 0.0000 	 0.6380 	 14 	 10 
71.60 	 0.0000 	 0.6391 	 14 	 10 
71.70 	 0.0000 	 0.6397 	 14 	 13 
71.80 	 0.0000 	 0.6399 	 14 	 10 
71.90 	 3.3333 	 0.6428 	 14 	 10 
72.00 	 0.0000 	 0.6444 	 14 	 10 
72.10 	 3.3333 	 0.6456 	 14 	 10 
72.20 	 0.0000 	 0.6466 	 14 	 10 
72.30 	 0.0000 	 0.6456 	 14 	 10 
72.40 	 0.0000 	 0.6462 	 14 	 8 
72.50 	 0.0000 	 0.6436 	 14 	 8 
72.60 	 0.0000 	 0.6419 	 14 	 8 
72.70 	 0.0000 	 0.6425 	 14 	 8 
72.80 	 0.0000 	 0.6395 	 14 	 13 
72.90 	 3.3333 	 0.6369 	 14 	 9 
73.00 	 3.3333 	 0.6333 	 14 	 9 
73.10 	 0.0000 	 0.6319 	 14 	 9 
73.20 	 0.0000 	 0.6312 	 14 	 9 
73.30 	 0.0000 	 0.6299 	 14 	 10 
73.40 	 0.0000 	 0.6293 	 14 	 10 
73.50 	 0.0000 	 0.6280 	 14 	 10 
73.60 	 0.0000 	 0.6277 	 14 	 11 
73.70 	 3.3333 	 0.6286 	 14 	 10 
73.80 	 0.0000 	 0.6252 	 14 	 10 
73.90 	 0.0000 	 0.6240 	 14 	 10 
74.00 	 0.0000 	 0.6246 	 14 	 11 
74.10 	 0.0000 	 0.6250 	 14 	 11 
74.20 	 0.0000 	 0.6252 	 14 	 6 
74.30 	 3.3333 	 0.6253 	 14 	 8 
74.40 	 0.0000 	 0.6239 	 14 	 8 
74.50 	 0.0000 	 0.6232 	 14 	 9 
74.60 	 3.3333 	 0.6236 	 14 	 8 
74.70 	 0.0000 	 0.6222 	 14 	 9 
74.80 	 0.0000 	 0.6228 	 14 	 9 
74.90 	 0.0000 	 0.6226 	 14 	 10 
75.00 	 0.0000 	 0.6237 	 14 	 9 
75.10 	 0.0000 	 0.6240 	 14 	 11 
75.20 	 0.0000 	 0.6249 	 14 	 11 
75.30 	 0.0000 	 0.6266 	 14 	 11 
75.40 	 3.3333 	 0.6266 	 14 	 11 
75.50 	 0.0000 	 0.6285 	 14 	 11 
75.60 	 0.0000 	 0.6285 	 14 	 11 
75.70 	 3.3333 	 0.6295 	 14 	 12 
75.80 	 0.0000 	 0.6285 	 14 	 12 
75.90 	 0.0000 	 0.6281 	 14 	 6 
76.00 	 0.0000 	 0.6302 	 14 	 6 
76.10 	 0.0000 	 0.6289 	 14 	 9 
76.20 	 0.0000 	 0.6290 	 14 	 8 
76.30 	 3.3333 	 0.6296 	 14 	 8 
76.40 	 0.0000 	 0.6311 	 14 	 8 
76.50 	 0.0000 	 0.6339 	 14 	 8 
76.60 	 0.0000 	 0.6339 	 14 	 11 
76.70 	 0.0000 	 0.6321 	 14 	 11 
76.80 	 0.0000 	 0.6339 	 14 	 11 
76.90 	 0.0000 	 0.6360 	 14 	 11 
77.00 	 0.0000 	 0.6368 	 14 	 11 
77.10 	 6.6667 	 0.6386 	 14 	 11 
77.20 	 0.0000 	 0.6401 	 14 	 11 
77.30 	 0.0000 	 0.6432 	 14 	 11 
77.40 	 0.0000 	 0.6445 	 14 	 12 
77.50 	 0.0000 	 0.6452 	 14 	 12 
77.60 	 0.0000 	 0.6453 	 14 	 12 
77.70 	 3.3333 	 0.6460 	 14 	 9 
77.80 	 0.0000 	 0.6463 	 14 	 9 
77.90 	 0.0000 	 0.6494 	 14 	 13 
78.00 	 3.3333 	 0.6482 	 14 	 13 
78.10 	 0.0000 	 0.6495 	 14 	 13 
78.20 	 0.0000 	 0.6491 	 14 	 13 
78.30 	 0.0000 	 0.6483 	 14 	 13 
78.40 	 0.0000 	 0.6504 	 14 	 11 
78.50 	 0.0000 	 0.6488 	 14 	 9 
78.60 	 0.0000 	 0.6508 	 14 	 9 
78.70 	 0.0000 	 0.6494 	 14 	 9 
78.80 	 3.3333 	 0.6500 	 14 	 10 
78.90 	 0.0000 	 0.6490 	 14 	 10 
79.00 	 3.3333 	 0.6524 	 14 	 13 
79.10 	 0.0000 	 0.6516 	 14 	 13 
79.20 	 0.0000 	 0.6522 	 14 	 13 
79.30 	 0.0000 	 0.6528 	 14 	 13 
79.40 	 0.0000 	 0.6540 	 14 	 13 
79.50 	 0.0000 	 0.6553 	 14 	 10 
79.60 	 0.0000 	 0.6558 	 14 	 10 
79.70 	 0.0000 	 0.6583 	 14 	 12 
79.80 	 0.0000 	 0.6594 	 14 	 13 
79.90 	 3.3333 	 0.6598 	 14 	 13 
80.00 	 3.3333 	 0.6613 	 14 	 13 
80.10 	 0.0000 	 0.6601 	 14 	 13 
80.20 	 0.0000 	 0.6628 	 14 	 13 
80.30 	 0.0000 	 0.6619 	 14 	 13 
80.40 	 0.0000 	 0.6640 	 14 	 13 
80.50 	 3.3333 	 0.6649 	 14 	 13 
80.60 	 0.0000 	 0.6674 	 14 	 13 
80.70 	 0.0000 	 0.6669 	 14 	 13 
80.80 	 3.3333 	 0.6691 	 14 	 13 
80.90 	 0.0000 	 0.6701 	 14 	 13 
81.00 	 0.0000 	 0.6725 	 14 	 13 
81.10 	 0.0000 	 0.6724 	 14 	 13 
81.20 	 0.0000 	 0.6745 	 14 	 13 
81.30 	 0.0000 	 0.6753 	 14 	 12 
81.40 	 0.0000 	 0.6771 	 14 	 13 
81.50 	 0.0000 	 0.6788 	 14 	 13 
81.60 	 3.3333 	 0.6794 	 14 	 13 
81.70 	 3.3333 	 0.6812 	 14 	 13 
81.80 	 0.0000 	 0.6826 	 14 	 13 
81.90 	 0.0000 	 0.6852 	 14 	 13 
82.00 	 0.0000 	 0.6869 	 14 	 13 
82.10 	 0.0000 	 0.6875 	 14 	 13 
82.20 	 0.0000 	 0.6895 	 14 	 13 
82.30 	 0.0000 	 0.6904 	 14 	 12 
82.40 	 0.0000 	 0.6921 	 14 	 13 
82.50 	 0.0000 	 0.6934 	 14 	 13 
82.60 	 0.0000 	 0.6956 	 14 	 13 
82.70 	 3.3333 	 0.6956 	 14 	 13 
82.80 	 0.0000 	 0.6978 	 14 	 13 
82.90 	 3.3333 	 0.6990 	 14 	 13 
83.00 	 0.0000 	 0.7007 	 14 	 11 
83.10 	 0.0000 	 0.7005 	 14 	 11 
83.20 	 0.0000 	 0.7023 	 14 	 13 
83.30 	 0.0000 	 0.7035 	 14 	 13 
83.40 	 0.0000 	 0.7043 	 14 	 13 
83.50 	 0.0000 	 0.7042 	 14 	 13 
83.60 	 3.3333 	 0.7053 	 14 	 13 
83.70 	 0.0000 	 0.7048 	 14 	 13 
83.80 	 3.3333 	 0.7054 	 14 	 11 
83.90 	 0.0000 	 0.7059 	 14 	 11 
84.00 	 0.0000 	 0.7067 	 14 	 13 
84.10 	 0.0000 	 0.7072 	 14 	 13 
84.20 	 0.0000 	 0.7078 	 14 	 13 
84.30 	 0.0000 	 0.7085 	 14 	 13 
84.40 	 0.0000 	 0.7084 	 14 	 13 
84.50 	 0.0000 	 0.7097 	 14 	 13 
84.60 	 3.3333 	 0.7105 	 14 	 13 
84.70 	 0.0000 	 0.7126 	 14 	 11 
84.80 	 0.0000 	 0.7110 	 14 	 11 
84.90 	 3.3333 	 0.7134 	 14 	 11 
85.00 	 0.0000 	 0.7123 	 14 	 11 
85.10 	 0.0000 	 0.7148 	 14 	 13 
85.20 	 0.0000 	 0.7153 	 14 	 13 
85.30 	 0.0000 	 0.7168 	 14 	 13 
85.40 	 0.0000 	 0.7168 	 14 	 13 
85.50 	 3.3333 	 0.7176 	 14 	 13 
85.60 	 0.0000 	 0.7186 	 14 	 11 
85.70 	 0.0000 	 0.7191 	 14 	 11 
85.80 	 0.0000 	 0.7185 	 14 	 11 
85.90 	 0.0000 	 0.7195 	 14 	 11 
86.00 	 3.3333 	 0.7203 	 14 	 13 
86.10 	 0.0000 	 0.7210 	 14 	 13 
86.20 	 0.0000 	 0.7208 	 14 	 13 
86.30 	 0.0000 	 0.7213 	 14 	 13 
86.40 	 0.0000 	 0.7198 	 14 	 13 
86.50 	 3.3333 	 0.7202 	 14 	 10 
86.60 	 0.0000 	 0.7194 	 14 	 10 
86.70 	 0.0000 	 0.7192 	 14 	 11 
86.80 	 0.0000 	 0.7191 	 14 	 11 
86.90 	 0.0000 	 0.7193 	 14 	 13 
87.00 	 0.0000 	 0.7189 	 14 	 13 
87.10 	 0.0000 	 0.7196 	 14 	 11 
87.20 	 3.3333 	 0.7192 	 14 	 13 
87.30 	 0.0000 	 0.7200 	 14 	 13 
87.40 	 3.3333 	 0.7202 	 14 	 10 
87.50 	 0.0000 	 0.7190 	 14 	 8 
87.60 	 0.0000 	 0.7196 	 14 	 8 
87.70 	 0.0000 	 0.7195 	 14 	 11 
87.80 	 0.0000 	 0.7185 	 14 	 13 
87.90 	 0.0000 	 0.7189 	 14 	 13 
88.00 	 0.0000 	 0.7180 	 14 	 11 
88.10 	 0.0000 	 0.7179 	 14 	 11 
88.20 	 0.0000 	 0.7183 	 14 	 13 
88.30 	 3.3333 	 0.7180 	 14 	 10 
88.40 	 3.3333 	 0.7178 	 14 	 10 
88.50 	 0.0000 	 0.7176 	 14 	 10 
88.60 	 0.0000 	 0.7165 	 14 	 10 
88.70 	 0.0000 	 0.7172 	 14 	 13 
88.80 	 0.0000 	 0.7157 	 14 	 13 
88.90 	 0.0000 	 0.7148 	 14 	 11 
89.00 	 0.0000 	 0.7156 	 14 	 11 
89.10 	 0.0000 	 0.7146 	 14 	 11 
89.20 	 0.0000 	 0.7144 	 14 	 11 
89.30 	 0.0000 	 0.7140 	 14 	 8 
89.40 	 6.6667 	 0.7128 	 14 	 8 
89.50 	 0.0000 	 0.7129 	 14 	 8 
89.60 	 0.0000 	 0.7119 	 14 	 8 
89.70 	 0.0000 	 0.7115 	 14 	 13 
89.80 	 0.0000 	 0.7112 	 14 	 9 
89.90 	 0.0000 	 0.7106 	 14 	 9 
90.00 	 0.0000 	 0.7099 	 14 	 9 
90.10 	 0.0000 	 0.7103 	 14 	 9 
90.20 	 0.0000 	 0.7089 	 14 	 10 
90.30 	 0.0000 	 0.7095 	 14 	 10 
90.40 	 3.3333 	 0.7078 	 14 	 10 
90.50 	 3.3333 	 0.7083 	 14 	 10 
90.60 	 0.0000 	 0.7076 	 14 	 9 
90.70 	 0.0000 	 0.7065 	 14 	 9 
90.80 	 0.0000 	 0.7060 	 14 	 9 
90.90 	 0.0000 	 0.7052 	 14 	 9 
91.00 	 0.0000 	 0.7046 	 14 	 9 
91.10 	 0.0000 	 0.7038 	 14 	 9 
91.20 	 0.0000 	 0.7042 	 14 	 10 
91.30 	 0.0000 	 0.7028 	 14 	 10 
91.40 	 3.3333 	 0.7028 	 14 	 10 
91.50 	 0.0000 	 0.7023 	 14 	 8 
91.60 	 0.0000 	 0.7008 	 14 	 9 
91.70 	 3.3333 	 0.7005 	 14 	 9 
91.80 	 0.0000 	 0.6999 	 14 	 9 
91.90 	 0.0000 	 0.6992 	 14 	 9 
92.00 	 0.0000 	 0.6989 	 14 	 9 
92.10 	 0.0000 	 0.6982 	 14 	 9 
92.20 	 0.0000 	 0.6978 	 14 	 10 
92.30 	 0.0000 	 0.6968 	 14 	 10 
92.40 	 3.3333 	 0.6965 	 14 	 10 
92.50 	 0.0000 	 0.6945 	 14 	 10 
92.60 	 0.0000 	 0.6954 	 14 	 9 
92.70 	 0.0000 	 0.6938 	 14 	 11 
92.80 	 3.3333 	 0.6930 	 14 	 9 
92.90 	 0.0000 	 0.6909 	 14 	 9 
93.00 	 0.0000 	 0.6834 	 14 	 9 
93.10 	 0.0000 	 0.6813 	 14 	 13 
93.20 	 0.0000 	 0.6779 	 14 	 10 
93.30 	 0.0000 	 0.6748 	 14 	 10 
93.40 	 0.0000 	 0.6711 	 14 	 10 
93.50 	 0.0000 	 0.6679 	 14 	 7 
93.60 	 0.0000 	 0.6655 	 14 	 7 
93.70 	 0.0000 	 0.6641 	 14 	 11 
93.80 	 0.0000 	 0.6637 	 14 	 11 
93.90 	 0.0000 	 0.6639 	 14 	 11 
94.00 	 0.0000 	 0.6632 	 14 	 11 
94.10 	 0.0000 	 0.6629 	 14 	 13 
94.20 	 0.0000 	 0.6616 	 14 	 8 
94.30 	 0.0000 	 0.6595 	 14 	 8 
94.40 	 0.0000 	 0.6588 	 14 	 8 
94.50 	 0.0000 	 0.6557 	 14 	 8 
94.60 	 0.0000 	 0.6513 	 14 	 10 
94.70 	 0.0000 	 0.6500 	 14 	 11 
94.80 	 0.0000 	 0.6507 	 14 	 11 
94.90 	 0.0000 	 0.6505 	 14 	 11 
95.00 	 0.0000 	 0.6496 	 14 	 8 
95.10 	 0.0000 	 0.6493 	 14 	 8 
95.20 	 3.3333 	 0.6492 	 14 	 8 
95.30 	 0.0000 	 0.6486 	 14 	 8 
95.40 	 0.0000 	 0.6484 	 14 	 8 
95.50 	 0.0000 	 0.6492 	 14 	 8 
95.60 	 0.0000 	 0.6481 	 14 	 8 
95.70 	 3.3333 	 0.6489 	 14 	 11 
95.80 	 0.0000 	 0.6490 	 14 	 11 
95.90 	 0.0000 	 0.6501 	 14 	 8 
96.00 	 0.0000 	 0.6504 	 14 	 8 
96.10 	 3.3333 	 0.6513 	 14 	 11 
96.20 	 0.0000 	 0.6514 	 14 	 7 
96.30 	 0.0000 	 0.6512 	 14 	 7 
96.40 	 0.0000 	 0.6511 	 14 	 7 
96.50 	 3.3333 	 0.6499 	 14 	 7 
96.60 	 0.0000 	 0.6497 	 14 	 8 
96.70 	 0.0000 	 0.6495 	 14 	 8 
96.80 	 0.0000 	 0.6477 	 14 	 8 
96.90 	 0.0000 	 0.6485 	 14 	 11 
97.00 	 3.3333 	 0.6491 	 14 	 11 
97.10 	 0.0000 	 0.6494 	 14 	 11 
97.20 	 3.3333 	 0.6505 	 14 	 8 
97.30 	 0.0000 	 0.6517 	 14 	 8 
97.40 	 0.0000 	 0.6518 	 14 	 8 
97.50 	 0.0000 	 0.6515 	 14 	 9 
97.60 	 0.0000 	 0.6533 	 14 	 8 
97.70 	 0.0000 	 0.6536 	 14 	 13 
97.80 	 0.0000 	 0.6547 	 14 	 11 
97.90 	 3.3333 	 0.6561 	 14 	 11 
98.00 	 3.3333 	 0.6580 	 14 	 11 
98.10 	 0.0000 	 0.6591 	 14 	 9 
98.20 	 0.0000 	 0.6582 	 14 	 9 
98.30 	 0.0000 	 0.6577 	 14 	 12 
98.40 	 0.0000 	 0.6565 	 14 	 8 
98.50 	 0.0000 	 0.6550 	 14 	 8 
98.60 	 0.0000 	 0.6546 	 14 	 8 
98.70 	 0.0000 	 0.6548 	 14 	 13 
98.80 	 6.6667 	 0.6571 	 14 	 13 
98.90 	 0.0000 	 0.6573 	 14 	 13 
99.00 	 0.0000 	 0.6564 	 14 	 13 
99.10 	 0.0000 	 0.6523 	 14 	 13 
99.20 	 0.0000 	 0.6505 	 14 	 12 
99.30 	 0.0000 	 0.6500 	 14 	 7 
99.40 	 0.0000 	 0.6485 	 14 	 7 
99.50 	 0.0000 	 0.6488 	 14 	 7 
99.60 	 0.0000 	 0.6485 	 14 	 9 
99.70 	 3.3333 	 0.6486 	 14 	 13 
99.80 	 3.3333 	 0.6493 	 14 	 13 
99.90 	 0.0000 	 0.6500 	 14 	 13 
100.00 	 0.0000 	 0.6510 	 14 	 13 
