# Optimal flow and avg speed dependent on time 
 # Aggressives: 0 
 # Velocity factor: 1 
0.10 	 3.3333 	 0.8511 	 9 	 8 
0.20 	 0.0000 	 0.8522 	 9 	 9 
0.30 	 0.0000 	 0.8531 	 9 	 9 
0.40 	 0.0000 	 0.8544 	 9 	 9 
0.50 	 0.0000 	 0.8564 	 9 	 9 
0.60 	 0.0000 	 0.8576 	 9 	 9 
0.70 	 0.0000 	 0.8580 	 9 	 9 
0.80 	 0.0000 	 0.8583 	 9 	 7 
0.90 	 0.0000 	 0.8586 	 9 	 9 
1.00 	 0.0000 	 0.8611 	 9 	 9 
1.10 	 0.0000 	 0.8621 	 9 	 9 
1.20 	 0.0000 	 0.8628 	 9 	 9 
1.30 	 0.0000 	 0.8643 	 9 	 9 
1.40 	 0.0000 	 0.8672 	 9 	 8 
1.50 	 0.0000 	 0.8692 	 9 	 8 
1.60 	 3.3333 	 0.8695 	 9 	 9 
1.70 	 0.0000 	 0.8711 	 9 	 9 
1.80 	 0.0000 	 0.8723 	 9 	 8 
1.90 	 0.0000 	 0.8732 	 9 	 8 
2.00 	 0.0000 	 0.8723 	 9 	 8 
2.10 	 0.0000 	 0.8714 	 9 	 9 
2.20 	 3.3333 	 0.8740 	 9 	 9 
2.30 	 0.0000 	 0.8760 	 10 	 8 
2.40 	 0.0000 	 0.8769 	 10 	 8 
2.50 	 0.0000 	 0.8801 	 10 	 9 
2.60 	 0.0000 	 0.8812 	 10 	 9 
2.70 	 0.0000 	 0.8841 	 10 	 8 
2.80 	 0.0000 	 0.8871 	 10 	 8 
2.90 	 6.6667 	 0.8901 	 10 	 8 
3.00 	 0.0000 	 0.8910 	 10 	 8 
3.10 	 0.0000 	 0.8952 	 10 	 9 
3.20 	 0.0000 	 0.8994 	 10 	 8 
3.30 	 0.0000 	 0.9028 	 10 	 8 
3.40 	 0.0000 	 0.9055 	 10 	 8 
3.50 	 3.3333 	 0.9083 	 10 	 8 
3.60 	 0.0000 	 0.9121 	 10 	 8 
3.70 	 3.3333 	 0.9156 	 10 	 8 
3.80 	 0.0000 	 0.9199 	 10 	 9 
3.90 	 0.0000 	 0.9234 	 10 	 9 
4.00 	 0.0000 	 0.9265 	 10 	 9 
4.10 	 0.0000 	 0.9305 	 10 	 9 
4.20 	 0.0000 	 0.9344 	 10 	 8 
4.30 	 6.6667 	 0.9388 	 10 	 8 
4.40 	 0.0000 	 0.9416 	 10 	 8 
4.50 	 0.0000 	 0.9447 	 10 	 9 
4.60 	 0.0000 	 0.9479 	 10 	 9 
4.70 	 0.0000 	 0.9495 	 10 	 9 
4.80 	 0.0000 	 0.9524 	 10 	 9 
4.90 	 0.0000 	 0.9545 	 10 	 9 
5.00 	 6.6667 	 0.9564 	 10 	 10 
5.10 	 0.0000 	 0.9587 	 10 	 10 
5.20 	 0.0000 	 0.9585 	 10 	 9 
5.30 	 0.0000 	 0.9581 	 10 	 9 
5.40 	 0.0000 	 0.9607 	 11 	 9 
5.50 	 0.0000 	 0.9627 	 11 	 10 
5.60 	 0.0000 	 0.9628 	 11 	 10 
5.70 	 3.3333 	 0.9623 	 11 	 9 
5.80 	 3.3333 	 0.9641 	 11 	 10 
5.90 	 0.0000 	 0.9662 	 11 	 9 
6.00 	 0.0000 	 0.9711 	 11 	 9 
6.10 	 0.0000 	 0.9734 	 11 	 10 
6.20 	 3.3333 	 0.9745 	 11 	 9 
6.30 	 0.0000 	 0.9776 	 11 	 9 
6.40 	 0.0000 	 0.9795 	 11 	 9 
6.50 	 3.3333 	 0.9819 	 11 	 9 
6.60 	 0.0000 	 0.9845 	 11 	 10 
6.70 	 0.0000 	 0.9841 	 11 	 10 
6.80 	 0.0000 	 0.9871 	 11 	 9 
6.90 	 0.0000 	 0.9881 	 11 	 9 
7.00 	 3.3333 	 0.9893 	 11 	 9 
7.10 	 0.0000 	 0.9890 	 11 	 10 
7.20 	 0.0000 	 0.9893 	 11 	 10 
7.30 	 3.3333 	 0.9884 	 11 	 10 
7.40 	 0.0000 	 0.9892 	 11 	 10 
7.50 	 0.0000 	 0.9892 	 11 	 11 
7.60 	 0.0000 	 0.9885 	 11 	 11 
7.70 	 0.0000 	 0.9881 	 11 	 10 
7.80 	 6.6667 	 0.9876 	 11 	 10 
7.90 	 0.0000 	 0.9881 	 12 	 10 
8.00 	 0.0000 	 0.9885 	 12 	 10 
8.10 	 0.0000 	 0.9875 	 12 	 11 
8.20 	 0.0000 	 0.9859 	 12 	 10 
8.30 	 0.0000 	 0.9855 	 12 	 11 
8.40 	 0.0000 	 0.9866 	 12 	 10 
8.50 	 3.3333 	 0.9879 	 12 	 10 
8.60 	 0.0000 	 0.9877 	 12 	 11 
8.70 	 6.6667 	 0.9862 	 12 	 11 
8.80 	 0.0000 	 0.9877 	 12 	 10 
8.90 	 0.0000 	 0.9906 	 12 	 10 
9.00 	 0.0000 	 0.9934 	 12 	 10 
9.10 	 0.0000 	 0.9942 	 12 	 11 
9.20 	 0.0000 	 0.9951 	 12 	 11 
9.30 	 0.0000 	 0.9954 	 12 	 11 
9.40 	 6.6667 	 0.9961 	 12 	 10 
9.50 	 0.0000 	 0.9966 	 12 	 10 
9.60 	 0.0000 	 0.9972 	 12 	 11 
9.70 	 0.0000 	 0.9965 	 12 	 11 
9.80 	 0.0000 	 0.9963 	 12 	 11 
9.90 	 0.0000 	 0.9958 	 12 	 11 
10.00 	 6.6667 	 0.9950 	 12 	 12 
10.10 	 0.0000 	 0.9945 	 12 	 12 
10.20 	 0.0000 	 0.9922 	 12 	 11 
10.30 	 0.0000 	 0.9905 	 12 	 11 
10.40 	 0.0000 	 0.9894 	 13 	 11 
10.50 	 0.0000 	 0.9881 	 13 	 11 
10.60 	 0.0000 	 0.9881 	 13 	 12 
10.70 	 3.3333 	 0.9874 	 13 	 11 
10.80 	 3.3333 	 0.9866 	 13 	 12 
10.90 	 0.0000 	 0.9867 	 13 	 12 
11.00 	 0.0000 	 0.9885 	 13 	 11 
11.10 	 0.0000 	 0.9889 	 13 	 12 
11.20 	 0.0000 	 0.9877 	 13 	 12 
11.30 	 0.0000 	 0.9877 	 13 	 11 
11.40 	 3.3333 	 0.9872 	 13 	 11 
11.50 	 0.0000 	 0.9880 	 13 	 11 
11.60 	 0.0000 	 0.9880 	 13 	 12 
11.70 	 3.3333 	 0.9865 	 13 	 12 
11.80 	 0.0000 	 0.9865 	 13 	 12 
11.90 	 3.3333 	 0.9846 	 13 	 11 
12.00 	 0.0000 	 0.9841 	 13 	 11 
12.10 	 0.0000 	 0.9838 	 13 	 11 
12.20 	 0.0000 	 0.9824 	 13 	 12 
12.30 	 0.0000 	 0.9817 	 13 	 12 
12.40 	 0.0000 	 0.9819 	 13 	 12 
12.50 	 0.0000 	 0.9820 	 13 	 12 
12.60 	 0.0000 	 0.9829 	 13 	 13 
12.70 	 6.6667 	 0.9846 	 13 	 13 
12.80 	 0.0000 	 0.9842 	 13 	 12 
12.90 	 0.0000 	 0.9844 	 14 	 12 
13.00 	 0.0000 	 0.9844 	 14 	 12 
13.10 	 0.0000 	 0.9847 	 14 	 13 
13.20 	 0.0000 	 0.9851 	 14 	 13 
13.30 	 0.0000 	 0.9851 	 14 	 13 
13.40 	 3.3333 	 0.9860 	 14 	 13 
13.50 	 0.0000 	 0.9868 	 14 	 12 
13.60 	 3.3333 	 0.9871 	 14 	 12 
13.70 	 0.0000 	 0.9849 	 14 	 13 
13.80 	 0.0000 	 0.9845 	 14 	 13 
13.90 	 0.0000 	 0.9847 	 14 	 12 
14.00 	 0.0000 	 0.9842 	 14 	 12 
14.10 	 3.3333 	 0.9849 	 14 	 13 
14.20 	 3.3333 	 0.9859 	 14 	 13 
14.30 	 0.0000 	 0.9850 	 14 	 13 
14.40 	 0.0000 	 0.9834 	 14 	 13 
14.50 	 0.0000 	 0.9832 	 14 	 12 
14.60 	 0.0000 	 0.9831 	 14 	 12 
14.70 	 0.0000 	 0.9827 	 14 	 12 
14.80 	 0.0000 	 0.9825 	 14 	 13 
14.90 	 0.0000 	 0.9829 	 14 	 13 
15.00 	 6.6667 	 0.9831 	 14 	 13 
15.10 	 0.0000 	 0.9843 	 14 	 14 
15.20 	 0.0000 	 0.9850 	 14 	 14 
15.30 	 0.0000 	 0.9853 	 14 	 13 
15.40 	 0.0000 	 0.9847 	 14 	 13 
15.50 	 0.0000 	 0.9848 	 15 	 13 
15.60 	 0.0000 	 0.9842 	 15 	 13 
15.70 	 3.3333 	 0.9844 	 15 	 14 
15.80 	 0.0000 	 0.9837 	 15 	 12 
15.90 	 0.0000 	 0.9834 	 15 	 13 
16.00 	 3.3333 	 0.9834 	 15 	 13 
16.10 	 0.0000 	 0.9840 	 15 	 13 
16.20 	 0.0000 	 0.9843 	 15 	 13 
16.30 	 0.0000 	 0.9837 	 15 	 14 
16.40 	 0.0000 	 0.9843 	 15 	 14 
16.50 	 3.3333 	 0.9837 	 15 	 13 
16.60 	 0.0000 	 0.9821 	 15 	 13 
16.70 	 0.0000 	 0.9814 	 15 	 13 
16.80 	 0.0000 	 0.9820 	 15 	 14 
16.90 	 3.3333 	 0.9823 	 15 	 14 
17.00 	 0.0000 	 0.9831 	 15 	 14 
17.10 	 0.0000 	 0.9836 	 15 	 14 
17.20 	 0.0000 	 0.9842 	 15 	 13 
17.30 	 0.0000 	 0.9846 	 15 	 13 
17.40 	 0.0000 	 0.9855 	 15 	 14 
17.50 	 3.3333 	 0.9863 	 15 	 14 
17.60 	 3.3333 	 0.9863 	 15 	 14 
17.70 	 0.0000 	 0.9867 	 15 	 15 
17.80 	 0.0000 	 0.9861 	 15 	 15 
17.90 	 0.0000 	 0.9856 	 15 	 14 
18.00 	 0.0000 	 0.9846 	 16 	 14 
18.10 	 0.0000 	 0.9842 	 16 	 14 
18.20 	 0.0000 	 0.9843 	 16 	 14 
18.30 	 3.3333 	 0.9834 	 16 	 13 
18.40 	 0.0000 	 0.9832 	 16 	 15 
18.50 	 0.0000 	 0.9837 	 16 	 14 
18.60 	 0.0000 	 0.9841 	 16 	 14 
18.70 	 3.3333 	 0.9834 	 16 	 14 
18.80 	 0.0000 	 0.9851 	 16 	 15 
18.90 	 3.3333 	 0.9868 	 16 	 15 
19.00 	 0.0000 	 0.9883 	 16 	 15 
19.10 	 0.0000 	 0.9890 	 16 	 14 
19.20 	 0.0000 	 0.9877 	 16 	 14 
19.30 	 0.0000 	 0.9897 	 16 	 14 
19.40 	 0.0000 	 0.9887 	 16 	 15 
19.50 	 0.0000 	 0.9905 	 16 	 15 
19.60 	 0.0000 	 0.9909 	 16 	 15 
19.70 	 6.6667 	 0.9914 	 16 	 14 
19.80 	 0.0000 	 0.9921 	 16 	 14 
19.90 	 0.0000 	 0.9908 	 16 	 15 
20.00 	 0.0000 	 0.9893 	 16 	 14 
20.10 	 0.0000 	 0.9889 	 16 	 15 
20.20 	 3.3333 	 0.9881 	 16 	 15 
20.30 	 0.0000 	 0.9880 	 16 	 16 
20.40 	 0.0000 	 0.9886 	 16 	 16 
20.50 	 0.0000 	 0.9877 	 17 	 15 
20.60 	 0.0000 	 0.9865 	 17 	 15 
20.70 	 0.0000 	 0.9863 	 17 	 15 
20.80 	 0.0000 	 0.9864 	 17 	 14 
20.90 	 0.0000 	 0.9852 	 17 	 16 
21.00 	 0.0000 	 0.9846 	 17 	 16 
21.10 	 0.0000 	 0.9849 	 17 	 15 
21.20 	 3.3333 	 0.9854 	 17 	 15 
21.30 	 0.0000 	 0.9846 	 17 	 15 
21.40 	 0.0000 	 0.9850 	 17 	 16 
21.50 	 0.0000 	 0.9832 	 17 	 16 
21.60 	 0.0000 	 0.9825 	 17 	 16 
21.70 	 0.0000 	 0.9825 	 17 	 16 
21.80 	 0.0000 	 0.9830 	 17 	 15 
21.90 	 0.0000 	 0.9839 	 17 	 16 
22.00 	 0.0000 	 0.9867 	 17 	 16 
22.10 	 0.0000 	 0.9882 	 17 	 16 
22.20 	 0.0000 	 0.9891 	 17 	 16 
22.30 	 0.0000 	 0.9900 	 17 	 15 
22.40 	 3.3333 	 0.9913 	 17 	 15 
22.50 	 0.0000 	 0.9919 	 17 	 16 
22.60 	 0.0000 	 0.9922 	 17 	 16 
22.70 	 0.0000 	 0.9917 	 17 	 16 
22.80 	 0.0000 	 0.9918 	 17 	 17 
22.90 	 3.3333 	 0.9908 	 17 	 17 
23.00 	 0.0000 	 0.9891 	 18 	 16 
23.10 	 3.3333 	 0.9879 	 18 	 16 
23.20 	 0.0000 	 0.9847 	 18 	 16 
23.30 	 0.0000 	 0.9847 	 18 	 16 
23.40 	 0.0000 	 0.9843 	 18 	 17 
23.50 	 0.0000 	 0.9841 	 18 	 17 
23.60 	 0.0000 	 0.9844 	 18 	 16 
23.70 	 3.3333 	 0.9849 	 18 	 16 
23.80 	 3.3333 	 0.9838 	 18 	 16 
23.90 	 0.0000 	 0.9844 	 18 	 17 
24.00 	 0.0000 	 0.9856 	 18 	 17 
24.10 	 0.0000 	 0.9878 	 18 	 17 
24.20 	 0.0000 	 0.9893 	 18 	 17 
24.30 	 0.0000 	 0.9887 	 18 	 16 
24.40 	 3.3333 	 0.9885 	 18 	 16 
24.50 	 0.0000 	 0.9892 	 18 	 17 
24.60 	 3.3333 	 0.9900 	 18 	 17 
24.70 	 0.0000 	 0.9905 	 18 	 17 
24.80 	 0.0000 	 0.9908 	 18 	 15 
24.90 	 0.0000 	 0.9899 	 18 	 16 
25.00 	 0.0000 	 0.9896 	 18 	 17 
25.10 	 0.0000 	 0.9890 	 18 	 17 
25.20 	 3.3333 	 0.9897 	 18 	 17 
25.30 	 0.0000 	 0.9899 	 18 	 18 
25.40 	 0.0000 	 0.9882 	 18 	 18 
25.50 	 3.3333 	 0.9874 	 18 	 18 
25.60 	 0.0000 	 0.9869 	 19 	 17 
25.70 	 3.3333 	 0.9872 	 19 	 17 
25.80 	 0.0000 	 0.9842 	 19 	 17 
25.90 	 0.0000 	 0.9824 	 19 	 18 
26.00 	 0.0000 	 0.9828 	 19 	 18 
26.10 	 0.0000 	 0.9822 	 19 	 17 
26.20 	 0.0000 	 0.9835 	 19 	 17 
26.30 	 3.3333 	 0.9826 	 19 	 17 
26.40 	 0.0000 	 0.9817 	 19 	 17 
26.50 	 3.3333 	 0.9836 	 19 	 18 
26.60 	 0.0000 	 0.9862 	 19 	 18 
26.70 	 0.0000 	 0.9872 	 19 	 16 
26.80 	 3.3333 	 0.9876 	 19 	 17 
26.90 	 0.0000 	 0.9881 	 19 	 17 
27.00 	 0.0000 	 0.9894 	 19 	 18 
27.10 	 0.0000 	 0.9903 	 19 	 18 
27.20 	 3.3333 	 0.9921 	 19 	 18 
27.30 	 0.0000 	 0.9936 	 19 	 16 
27.40 	 0.0000 	 0.9945 	 19 	 17 
27.50 	 3.3333 	 0.9946 	 19 	 18 
27.60 	 0.0000 	 0.9940 	 19 	 18 
27.70 	 0.0000 	 0.9924 	 19 	 18 
27.80 	 3.3333 	 0.9919 	 19 	 19 
27.90 	 0.0000 	 0.9901 	 19 	 19 
28.00 	 0.0000 	 0.9893 	 19 	 19 
28.10 	 0.0000 	 0.9871 	 0 	 18 
28.20 	 3.3333 	 0.9854 	 0 	 18 
28.30 	 0.0000 	 0.9833 	 0 	 18 
28.40 	 3.3333 	 0.9803 	 0 	 19 
28.50 	 0.0000 	 0.9813 	 0 	 19 
28.60 	 0.0000 	 0.9806 	 0 	 19 
28.70 	 0.0000 	 0.9799 	 0 	 18 
28.80 	 0.0000 	 0.9795 	 0 	 18 
28.90 	 0.0000 	 0.9799 	 0 	 18 
29.00 	 3.3333 	 0.9803 	 0 	 19 
29.10 	 0.0000 	 0.9809 	 0 	 19 
29.20 	 3.3333 	 0.9832 	 0 	 19 
29.30 	 0.0000 	 0.9835 	 0 	 0 
29.40 	 0.0000 	 0.9822 	 0 	 0 
29.50 	 0.0000 	 0.9833 	 0 	 19 
29.60 	 0.0000 	 0.9837 	 0 	 19 
29.70 	 3.3333 	 0.9835 	 0 	 19 
29.80 	 0.0000 	 0.9847 	 0 	 19 
29.90 	 3.3333 	 0.9862 	 0 	 17 
30.00 	 0.0000 	 0.9873 	 0 	 18 
30.10 	 0.0000 	 0.9884 	 0 	 0 
30.20 	 0.0000 	 0.9873 	 0 	 0 
30.30 	 3.3333 	 0.9876 	 0 	 19 
30.40 	 0.0000 	 0.9882 	 0 	 0 
30.50 	 0.0000 	 0.9856 	 0 	 0 
30.60 	 3.3333 	 0.9846 	 1 	 0 
30.70 	 0.0000 	 0.9839 	 1 	 19 
30.80 	 3.3333 	 0.9819 	 1 	 19 
30.90 	 0.0000 	 0.9807 	 1 	 0 
31.00 	 3.3333 	 0.9777 	 1 	 0 
31.10 	 0.0000 	 0.9770 	 1 	 0 
31.20 	 3.3333 	 0.9772 	 1 	 0 
31.30 	 0.0000 	 0.9764 	 1 	 19 
31.40 	 0.0000 	 0.9753 	 1 	 19 
31.50 	 0.0000 	 0.9750 	 1 	 19 
31.60 	 0.0000 	 0.9761 	 1 	 0 
31.70 	 3.3333 	 0.9783 	 1 	 0 
31.80 	 6.6667 	 0.9788 	 1 	 0 
31.90 	 0.0000 	 0.9782 	 1 	 0 
32.00 	 0.0000 	 0.9790 	 1 	 19 
32.10 	 0.0000 	 0.9793 	 1 	 0 
32.20 	 0.0000 	 0.9816 	 1 	 0 
32.30 	 0.0000 	 0.9834 	 1 	 0 
32.40 	 3.3333 	 0.9840 	 1 	 0 
32.50 	 0.0000 	 0.9854 	 1 	 19 
32.60 	 6.6667 	 0.9859 	 1 	 1 
32.70 	 0.0000 	 0.9873 	 1 	 0 
32.80 	 0.0000 	 0.9891 	 1 	 0 
32.90 	 3.3333 	 0.9885 	 1 	 1 
33.00 	 0.0000 	 0.9870 	 1 	 1 
33.10 	 0.0000 	 0.9852 	 2 	 0 
33.20 	 0.0000 	 0.9837 	 2 	 0 
33.30 	 0.0000 	 0.9831 	 2 	 0 
33.40 	 3.3333 	 0.9823 	 2 	 0 
33.50 	 3.3333 	 0.9817 	 2 	 1 
33.60 	 3.3333 	 0.9810 	 2 	 1 
33.70 	 0.0000 	 0.9785 	 2 	 1 
33.80 	 0.0000 	 0.9782 	 2 	 0 
33.90 	 0.0000 	 0.9779 	 2 	 0 
34.00 	 0.0000 	 0.9766 	 2 	 0 
34.10 	 3.3333 	 0.9770 	 2 	 1 
34.20 	 0.0000 	 0.9778 	 2 	 0 
34.30 	 6.6667 	 0.9781 	 2 	 1 
34.40 	 0.0000 	 0.9783 	 2 	 1 
34.50 	 0.0000 	 0.9783 	 2 	 0 
34.60 	 0.0000 	 0.9784 	 2 	 0 
34.70 	 3.3333 	 0.9786 	 2 	 1 
34.80 	 0.0000 	 0.9807 	 2 	 1 
34.90 	 0.0000 	 0.9813 	 2 	 0 
35.00 	 0.0000 	 0.9833 	 2 	 0 
35.10 	 0.0000 	 0.9862 	 2 	 0 
35.20 	 10.0000 	 0.9872 	 2 	 1 
35.30 	 0.0000 	 0.9896 	 2 	 1 
35.40 	 0.0000 	 0.9901 	 2 	 1 
35.50 	 0.0000 	 0.9904 	 2 	 2 
35.60 	 0.0000 	 0.9922 	 2 	 2 
35.70 	 0.0000 	 0.9920 	 3 	 0 
35.80 	 3.3333 	 0.9893 	 3 	 1 
35.90 	 0.0000 	 0.9875 	 3 	 1 
36.00 	 0.0000 	 0.9860 	 3 	 0 
36.10 	 6.6667 	 0.9842 	 3 	 2 
36.20 	 0.0000 	 0.9791 	 3 	 2 
36.30 	 0.0000 	 0.9758 	 3 	 0 
36.40 	 3.3333 	 0.9728 	 3 	 1 
36.50 	 0.0000 	 0.9709 	 3 	 1 
36.60 	 0.0000 	 0.9691 	 3 	 1 
36.70 	 0.0000 	 0.9703 	 3 	 0 
36.80 	 0.0000 	 0.9717 	 3 	 2 
36.90 	 3.3333 	 0.9733 	 3 	 2 
37.00 	 3.3333 	 0.9739 	 3 	 1 
37.10 	 3.3333 	 0.9743 	 3 	 1 
37.20 	 0.0000 	 0.9756 	 3 	 2 
37.30 	 0.0000 	 0.9763 	 3 	 2 
37.40 	 0.0000 	 0.9778 	 3 	 2 
37.50 	 0.0000 	 0.9806 	 3 	 1 
37.60 	 0.0000 	 0.9828 	 3 	 3 
37.70 	 3.3333 	 0.9851 	 3 	 3 
37.80 	 6.6667 	 0.9869 	 3 	 2 
37.90 	 0.0000 	 0.9871 	 3 	 2 
38.00 	 0.0000 	 0.9882 	 3 	 2 
38.10 	 0.0000 	 0.9887 	 3 	 3 
38.20 	 0.0000 	 0.9890 	 4 	 1 
38.30 	 0.0000 	 0.9878 	 4 	 1 
38.40 	 0.0000 	 0.9868 	 4 	 2 
38.50 	 3.3333 	 0.9845 	 4 	 1 
38.60 	 0.0000 	 0.9822 	 4 	 3 
38.70 	 3.3333 	 0.9808 	 4 	 3 
38.80 	 3.3333 	 0.9795 	 4 	 3 
38.90 	 0.0000 	 0.9787 	 4 	 1 
39.00 	 0.0000 	 0.9770 	 4 	 2 
39.10 	 0.0000 	 0.9756 	 4 	 2 
39.20 	 0.0000 	 0.9749 	 4 	 2 
39.30 	 3.3333 	 0.9749 	 4 	 3 
39.40 	 0.0000 	 0.9737 	 4 	 3 
39.50 	 0.0000 	 0.9730 	 4 	 2 
39.60 	 0.0000 	 0.9740 	 4 	 2 
39.70 	 6.6667 	 0.9748 	 4 	 2 
39.80 	 0.0000 	 0.9749 	 4 	 3 
39.90 	 0.0000 	 0.9755 	 4 	 3 
40.00 	 0.0000 	 0.9772 	 4 	 3 
40.10 	 0.0000 	 0.9800 	 4 	 2 
40.20 	 3.3333 	 0.9812 	 4 	 4 
40.30 	 0.0000 	 0.9811 	 4 	 2 
40.40 	 0.0000 	 0.9816 	 4 	 3 
40.50 	 0.0000 	 0.9819 	 4 	 3 
40.60 	 6.6667 	 0.9824 	 4 	 4 
40.70 	 0.0000 	 0.9843 	 5 	 2 
40.80 	 0.0000 	 0.9845 	 5 	 2 
40.90 	 0.0000 	 0.9850 	 5 	 2 
41.00 	 3.3333 	 0.9846 	 5 	 1 
41.10 	 0.0000 	 0.9839 	 5 	 3 
41.20 	 0.0000 	 0.9822 	 5 	 4 
41.30 	 0.0000 	 0.9817 	 5 	 4 
41.40 	 0.0000 	 0.9803 	 5 	 2 
41.50 	 3.3333 	 0.9806 	 5 	 2 
41.60 	 3.3333 	 0.9806 	 5 	 3 
41.70 	 0.0000 	 0.9790 	 5 	 3 
41.80 	 0.0000 	 0.9787 	 5 	 4 
41.90 	 3.3333 	 0.9787 	 5 	 4 
42.00 	 0.0000 	 0.9785 	 5 	 4 
42.10 	 0.0000 	 0.9780 	 5 	 3 
42.20 	 0.0000 	 0.9770 	 5 	 3 
42.30 	 0.0000 	 0.9775 	 5 	 3 
42.40 	 3.3333 	 0.9776 	 5 	 4 
42.50 	 0.0000 	 0.9779 	 5 	 4 
42.60 	 3.3333 	 0.9791 	 5 	 3 
42.70 	 0.0000 	 0.9810 	 5 	 5 
42.80 	 3.3333 	 0.9831 	 5 	 4 
42.90 	 0.0000 	 0.9839 	 5 	 4 
43.00 	 0.0000 	 0.9849 	 5 	 4 
43.10 	 0.0000 	 0.9842 	 5 	 5 
43.20 	 0.0000 	 0.9851 	 5 	 5 
43.30 	 0.0000 	 0.9848 	 6 	 3 
43.40 	 3.3333 	 0.9837 	 6 	 3 
43.50 	 0.0000 	 0.9829 	 6 	 4 
43.60 	 0.0000 	 0.9812 	 6 	 2 
43.70 	 6.6667 	 0.9807 	 6 	 5 
43.80 	 0.0000 	 0.9822 	 6 	 5 
43.90 	 0.0000 	 0.9819 	 6 	 3 
44.00 	 0.0000 	 0.9821 	 6 	 3 
44.10 	 0.0000 	 0.9815 	 6 	 4 
44.20 	 0.0000 	 0.9810 	 6 	 4 
44.30 	 3.3333 	 0.9792 	 6 	 4 
44.40 	 0.0000 	 0.9785 	 6 	 5 
44.50 	 0.0000 	 0.9801 	 6 	 5 
44.60 	 3.3333 	 0.9813 	 6 	 4 
44.70 	 3.3333 	 0.9808 	 6 	 4 
44.80 	 0.0000 	 0.9800 	 6 	 4 
44.90 	 0.0000 	 0.9797 	 6 	 5 
45.00 	 0.0000 	 0.9789 	 6 	 5 
45.10 	 0.0000 	 0.9782 	 6 	 5 
45.20 	 0.0000 	 0.9763 	 6 	 6 
45.30 	 0.0000 	 0.9792 	 6 	 5 
45.40 	 6.6667 	 0.9814 	 6 	 4 
45.50 	 0.0000 	 0.9844 	 6 	 5 
45.60 	 0.0000 	 0.9866 	 6 	 5 
45.70 	 0.0000 	 0.9879 	 6 	 6 
45.80 	 3.3333 	 0.9880 	 7 	 4 
45.90 	 0.0000 	 0.9883 	 7 	 4 
46.00 	 0.0000 	 0.9877 	 7 	 4 
46.10 	 0.0000 	 0.9877 	 7 	 6 
46.20 	 0.0000 	 0.9877 	 7 	 6 
46.30 	 3.3333 	 0.9876 	 7 	 6 
46.40 	 3.3333 	 0.9888 	 7 	 6 
46.50 	 0.0000 	 0.9891 	 7 	 4 
46.60 	 0.0000 	 0.9893 	 7 	 4 
46.70 	 0.0000 	 0.9880 	 7 	 5 
46.80 	 0.0000 	 0.9880 	 7 	 5 
46.90 	 3.3333 	 0.9879 	 7 	 6 
47.00 	 0.0000 	 0.9871 	 7 	 6 
47.10 	 0.0000 	 0.9871 	 7 	 5 
47.20 	 3.3333 	 0.9870 	 7 	 5 
47.30 	 0.0000 	 0.9867 	 7 	 4 
47.40 	 3.3333 	 0.9867 	 7 	 5 
47.50 	 0.0000 	 0.9859 	 7 	 6 
47.60 	 0.0000 	 0.9863 	 7 	 6 
47.70 	 0.0000 	 0.9855 	 7 	 7 
47.80 	 0.0000 	 0.9858 	 7 	 6 
47.90 	 0.0000 	 0.9864 	 7 	 6 
48.00 	 3.3333 	 0.9878 	 7 	 5 
48.10 	 0.0000 	 0.9884 	 7 	 6 
48.20 	 3.3333 	 0.9885 	 7 	 7 
48.30 	 0.0000 	 0.9876 	 8 	 5 
48.40 	 0.0000 	 0.9884 	 8 	 5 
48.50 	 3.3333 	 0.9885 	 8 	 5 
48.60 	 0.0000 	 0.9868 	 8 	 7 
48.70 	 0.0000 	 0.9875 	 8 	 6 
48.80 	 0.0000 	 0.9868 	 8 	 7 
48.90 	 0.0000 	 0.9873 	 8 	 7 
49.00 	 3.3333 	 0.9882 	 8 	 5 
49.10 	 0.0000 	 0.9879 	 8 	 5 
49.20 	 3.3333 	 0.9866 	 8 	 6 
49.30 	 0.0000 	 0.9863 	 8 	 6 
49.40 	 0.0000 	 0.9857 	 8 	 7 
49.50 	 3.3333 	 0.9849 	 8 	 7 
49.60 	 0.0000 	 0.9846 	 8 	 6 
49.70 	 0.0000 	 0.9848 	 8 	 6 
49.80 	 3.3333 	 0.9848 	 8 	 5 
49.90 	 0.0000 	 0.9832 	 8 	 6 
50.00 	 0.0000 	 0.9849 	 8 	 7 
50.10 	 0.0000 	 0.9866 	 8 	 7 
50.20 	 0.0000 	 0.9879 	 8 	 8 
50.30 	 3.3333 	 0.9875 	 8 	 8 
50.40 	 0.0000 	 0.9875 	 8 	 7 
50.50 	 0.0000 	 0.9876 	 8 	 6 
50.60 	 0.0000 	 0.9895 	 8 	 7 
50.70 	 6.6667 	 0.9898 	 8 	 7 
50.80 	 0.0000 	 0.9901 	 9 	 6 
50.90 	 0.0000 	 0.9895 	 9 	 6 
51.00 	 0.0000 	 0.9902 	 9 	 6 
51.10 	 0.0000 	 0.9898 	 9 	 7 
51.20 	 0.0000 	 0.9897 	 9 	 7 
51.30 	 3.3333 	 0.9890 	 9 	 8 
51.40 	 0.0000 	 0.9893 	 9 	 8 
51.50 	 0.0000 	 0.9887 	 9 	 6 
51.60 	 3.3333 	 0.9895 	 9 	 6 
51.70 	 3.3333 	 0.9870 	 9 	 7 
51.80 	 0.0000 	 0.9869 	 9 	 7 
51.90 	 0.0000 	 0.9863 	 9 	 7 
52.00 	 0.0000 	 0.9854 	 9 	 8 
52.10 	 0.0000 	 0.9843 	 9 	 8 
52.20 	 3.3333 	 0.9850 	 9 	 7 
52.30 	 0.0000 	 0.9839 	 9 	 7 
52.40 	 0.0000 	 0.9841 	 9 	 7 
52.50 	 3.3333 	 0.9842 	 9 	 8 
52.60 	 0.0000 	 0.9852 	 9 	 8 
52.70 	 3.3333 	 0.9855 	 9 	 7 
52.80 	 0.0000 	 0.9862 	 9 	 9 
52.90 	 0.0000 	 0.9870 	 9 	 8 
53.00 	 0.0000 	 0.9877 	 9 	 8 
53.10 	 0.0000 	 0.9899 	 9 	 8 
53.20 	 0.0000 	 0.9903 	 9 	 8 
53.30 	 0.0000 	 0.9911 	 10 	 7 
53.40 	 0.0000 	 0.9931 	 10 	 7 
53.50 	 0.0000 	 0.9935 	 10 	 7 
53.60 	 3.3333 	 0.9933 	 10 	 7 
53.70 	 0.0000 	 0.9932 	 10 	 9 
53.80 	 3.3333 	 0.9917 	 10 	 9 
53.90 	 0.0000 	 0.9899 	 10 	 9 
54.00 	 3.3333 	 0.9881 	 10 	 7 
54.10 	 0.0000 	 0.9883 	 10 	 7 
54.20 	 0.0000 	 0.9886 	 10 	 7 
54.30 	 3.3333 	 0.9871 	 10 	 8 
54.40 	 0.0000 	 0.9870 	 10 	 8 
54.50 	 0.0000 	 0.9870 	 10 	 9 
54.60 	 0.0000 	 0.9864 	 10 	 9 
54.70 	 0.0000 	 0.9859 	 10 	 8 
54.80 	 3.3333 	 0.9867 	 10 	 8 
54.90 	 3.3333 	 0.9877 	 10 	 7 
55.00 	 0.0000 	 0.9869 	 10 	 9 
55.10 	 0.0000 	 0.9861 	 10 	 9 
55.20 	 0.0000 	 0.9871 	 10 	 8 
55.30 	 0.0000 	 0.9879 	 10 	 10 
55.40 	 0.0000 	 0.9895 	 10 	 9 
55.50 	 0.0000 	 0.9900 	 10 	 9 
55.60 	 3.3333 	 0.9910 	 10 	 9 
55.70 	 0.0000 	 0.9924 	 10 	 9 
55.80 	 0.0000 	 0.9926 	 10 	 10 
55.90 	 0.0000 	 0.9927 	 11 	 8 
56.00 	 0.0000 	 0.9935 	 11 	 8 
56.10 	 3.3333 	 0.9918 	 11 	 8 
56.20 	 0.0000 	 0.9899 	 11 	 10 
56.30 	 0.0000 	 0.9903 	 11 	 10 
56.40 	 3.3333 	 0.9908 	 11 	 10 
56.50 	 0.0000 	 0.9896 	 11 	 8 
56.60 	 0.0000 	 0.9882 	 11 	 8 
56.70 	 0.0000 	 0.9882 	 11 	 8 
56.80 	 3.3333 	 0.9881 	 11 	 9 
56.90 	 3.3333 	 0.9875 	 11 	 9 
57.00 	 0.0000 	 0.9871 	 11 	 10 
57.10 	 0.0000 	 0.9867 	 11 	 10 
57.20 	 0.0000 	 0.9862 	 11 	 10 
57.30 	 3.3333 	 0.9864 	 11 	 9 
57.40 	 0.0000 	 0.9866 	 11 	 9 
57.50 	 3.3333 	 0.9857 	 11 	 9 
57.60 	 0.0000 	 0.9850 	 11 	 10 
57.70 	 0.0000 	 0.9842 	 11 	 10 
57.80 	 0.0000 	 0.9835 	 11 	 11 
57.90 	 0.0000 	 0.9852 	 11 	 10 
58.00 	 0.0000 	 0.9853 	 11 	 10 
58.10 	 0.0000 	 0.9839 	 11 	 9 
58.20 	 3.3333 	 0.9841 	 11 	 10 
58.30 	 3.3333 	 0.9849 	 11 	 11 
58.40 	 0.0000 	 0.9885 	 12 	 9 
58.50 	 0.0000 	 0.9910 	 12 	 9 
58.60 	 0.0000 	 0.9925 	 12 	 9 
58.70 	 0.0000 	 0.9915 	 12 	 0 
58.80 	 3.3333 	 0.9915 	 12 	 11 
58.90 	 0.0000 	 0.9904 	 12 	 11 
59.00 	 0.0000 	 0.9899 	 12 	 10 
59.10 	 3.3333 	 0.9890 	 12 	 9 
59.20 	 0.0000 	 0.9890 	 12 	 9 
59.30 	 3.3333 	 0.9891 	 12 	 10 
59.40 	 0.0000 	 0.9891 	 12 	 10 
59.50 	 0.0000 	 0.9871 	 12 	 11 
59.60 	 0.0000 	 0.9870 	 12 	 11 
59.70 	 3.3333 	 0.9889 	 12 	 11 
59.80 	 6.6667 	 0.9888 	 12 	 1 
59.90 	 0.0000 	 0.9874 	 12 	 10 
60.00 	 0.0000 	 0.9880 	 12 	 10 
60.10 	 0.0000 	 0.9877 	 12 	 11 
60.20 	 0.0000 	 0.9862 	 12 	 11 
60.30 	 0.0000 	 0.9842 	 12 	 12 
60.40 	 3.3333 	 0.9841 	 12 	 11 
60.50 	 0.0000 	 0.9851 	 12 	 8 
60.60 	 0.0000 	 0.9851 	 12 	 11 
60.70 	 0.0000 	 0.9820 	 12 	 11 
60.80 	 0.0000 	 0.9824 	 12 	 12 
60.90 	 3.3333 	 0.9868 	 13 	 10 
61.00 	 0.0000 	 0.9878 	 13 	 10 
61.10 	 0.0000 	 0.9905 	 13 	 10 
61.20 	 6.6667 	 0.9920 	 13 	 1 
61.30 	 0.0000 	 0.9910 	 13 	 1 
61.40 	 0.0000 	 0.9903 	 13 	 12 
61.50 	 0.0000 	 0.9885 	 13 	 11 
61.60 	 0.0000 	 0.9880 	 13 	 10 
61.70 	 0.0000 	 0.9863 	 13 	 10 
61.80 	 0.0000 	 0.9864 	 13 	 11 
61.90 	 0.0000 	 0.9862 	 13 	 11 
62.00 	 0.0000 	 0.9856 	 13 	 12 
62.10 	 3.3333 	 0.9849 	 13 	 12 
62.20 	 0.0000 	 0.9858 	 13 	 12 
62.30 	 3.3333 	 0.9881 	 13 	 11 
62.40 	 3.3333 	 0.9894 	 13 	 2 
62.50 	 0.0000 	 0.9905 	 13 	 11 
62.60 	 0.0000 	 0.9915 	 13 	 12 
62.70 	 0.0000 	 0.9920 	 13 	 12 
62.80 	 0.0000 	 0.9919 	 13 	 11 
62.90 	 3.3333 	 0.9917 	 13 	 11 
63.00 	 0.0000 	 0.9907 	 13 	 9 
63.10 	 0.0000 	 0.9909 	 13 	 10 
63.20 	 0.0000 	 0.9915 	 13 	 12 
63.30 	 6.6667 	 0.9907 	 13 	 13 
63.40 	 0.0000 	 0.9913 	 14 	 11 
63.50 	 0.0000 	 0.9932 	 14 	 11 
63.60 	 0.0000 	 0.9946 	 14 	 11 
63.70 	 0.0000 	 0.9952 	 14 	 2 
63.80 	 0.0000 	 0.9944 	 14 	 2 
63.90 	 0.0000 	 0.9922 	 14 	 13 
64.00 	 0.0000 	 0.9900 	 14 	 13 
64.10 	 0.0000 	 0.9894 	 14 	 11 
64.20 	 3.3333 	 0.9895 	 14 	 11 
64.30 	 3.3333 	 0.9878 	 14 	 12 
64.40 	 0.0000 	 0.9879 	 14 	 12 
64.50 	 0.0000 	 0.9871 	 14 	 12 
64.60 	 3.3333 	 0.9858 	 14 	 13 
64.70 	 0.0000 	 0.9847 	 14 	 11 
64.80 	 0.0000 	 0.9870 	 14 	 12 
64.90 	 0.0000 	 0.9884 	 14 	 3 
65.00 	 0.0000 	 0.9885 	 14 	 3 
65.10 	 0.0000 	 0.9899 	 14 	 13 
65.20 	 0.0000 	 0.9909 	 14 	 13 
65.30 	 3.3333 	 0.9915 	 14 	 12 
65.40 	 0.0000 	 0.9923 	 14 	 12 
65.50 	 0.0000 	 0.9919 	 14 	 13 
65.60 	 3.3333 	 0.9903 	 14 	 10 
65.70 	 3.3333 	 0.9911 	 14 	 13 
65.80 	 0.0000 	 0.9914 	 14 	 13 
65.90 	 0.0000 	 0.9916 	 15 	 12 
66.00 	 0.0000 	 0.9934 	 15 	 12 
66.10 	 0.0000 	 0.9942 	 15 	 12 
66.20 	 0.0000 	 0.9947 	 15 	 3 
66.30 	 0.0000 	 0.9952 	 15 	 3 
66.40 	 3.3333 	 0.9945 	 15 	 14 
66.50 	 0.0000 	 0.9929 	 15 	 14 
66.60 	 0.0000 	 0.9913 	 15 	 13 
66.70 	 0.0000 	 0.9907 	 15 	 12 
66.80 	 0.0000 	 0.9903 	 15 	 12 
66.90 	 3.3333 	 0.9884 	 15 	 13 
67.00 	 6.6667 	 0.9882 	 15 	 13 
67.10 	 0.0000 	 0.9868 	 15 	 14 
67.20 	 0.0000 	 0.9852 	 15 	 14 
67.30 	 0.0000 	 0.9848 	 15 	 13 
67.40 	 0.0000 	 0.9861 	 15 	 4 
67.50 	 0.0000 	 0.9861 	 15 	 4 
67.60 	 0.0000 	 0.9867 	 15 	 13 
67.70 	 3.3333 	 0.9877 	 15 	 14 
67.80 	 0.0000 	 0.9882 	 15 	 13 
67.90 	 0.0000 	 0.9883 	 15 	 13 
68.00 	 0.0000 	 0.9897 	 15 	 15 
68.10 	 0.0000 	 0.9901 	 15 	 14 
68.20 	 3.3333 	 0.9918 	 15 	 14 
68.30 	 0.0000 	 0.9900 	 15 	 14 
68.40 	 3.3333 	 0.9927 	 16 	 13 
68.50 	 0.0000 	 0.9942 	 16 	 13 
68.60 	 0.0000 	 0.9958 	 16 	 13 
68.70 	 0.0000 	 0.9963 	 16 	 13 
68.80 	 3.3333 	 0.9967 	 16 	 4 
68.90 	 0.0000 	 0.9966 	 16 	 15 
69.00 	 0.0000 	 0.9964 	 16 	 15 
69.10 	 0.0000 	 0.9942 	 16 	 14 
69.20 	 3.3333 	 0.9915 	 16 	 13 
69.30 	 0.0000 	 0.9897 	 16 	 13 
69.40 	 0.0000 	 0.9882 	 16 	 14 
69.50 	 0.0000 	 0.9876 	 16 	 14 
69.60 	 0.0000 	 0.9867 	 16 	 15 
69.70 	 0.0000 	 0.9862 	 16 	 15 
69.80 	 3.3333 	 0.9867 	 16 	 15 
69.90 	 0.0000 	 0.9861 	 16 	 5 
70.00 	 3.3333 	 0.9862 	 16 	 5 
70.10 	 0.0000 	 0.9875 	 16 	 14 
70.20 	 0.0000 	 0.9886 	 16 	 15 
70.30 	 3.3333 	 0.9895 	 16 	 14 
70.40 	 0.0000 	 0.9900 	 16 	 14 
70.50 	 0.0000 	 0.9914 	 16 	 16 
70.60 	 0.0000 	 0.9922 	 16 	 15 
70.70 	 0.0000 	 0.9917 	 16 	 13 
70.80 	 0.0000 	 0.9921 	 16 	 15 
70.90 	 0.0000 	 0.9917 	 17 	 14 
71.00 	 0.0000 	 0.9930 	 17 	 14 
71.10 	 0.0000 	 0.9940 	 17 	 14 
71.20 	 0.0000 	 0.9953 	 17 	 14 
71.30 	 3.3333 	 0.9957 	 17 	 5 
71.40 	 0.0000 	 0.9961 	 17 	 16 
71.50 	 0.0000 	 0.9961 	 17 	 16 
71.60 	 0.0000 	 0.9951 	 17 	 15 
71.70 	 0.0000 	 0.9934 	 17 	 15 
71.80 	 0.0000 	 0.9915 	 17 	 14 
71.90 	 0.0000 	 0.9898 	 17 	 15 
72.00 	 0.0000 	 0.9888 	 17 	 15 
72.10 	 0.0000 	 0.9864 	 17 	 16 
72.20 	 0.0000 	 0.9844 	 17 	 16 
72.30 	 0.0000 	 0.9867 	 17 	 14 
72.40 	 3.3333 	 0.9874 	 17 	 6 
72.50 	 0.0000 	 0.9853 	 17 	 6 
72.60 	 0.0000 	 0.9854 	 17 	 15 
72.70 	 0.0000 	 0.9853 	 17 	 16 
72.80 	 0.0000 	 0.9860 	 17 	 16 
72.90 	 3.3333 	 0.9858 	 17 	 15 
73.00 	 0.0000 	 0.9855 	 17 	 17 
73.10 	 3.3333 	 0.9857 	 17 	 16 
73.20 	 0.0000 	 0.9858 	 17 	 16 
73.30 	 0.0000 	 0.9853 	 17 	 16 
73.40 	 0.0000 	 0.9874 	 18 	 15 
73.50 	 0.0000 	 0.9886 	 18 	 15 
73.60 	 0.0000 	 0.9905 	 18 	 15 
73.70 	 0.0000 	 0.9908 	 18 	 15 
73.80 	 3.3333 	 0.9919 	 18 	 6 
73.90 	 3.3333 	 0.9922 	 18 	 17 
74.00 	 0.0000 	 0.9934 	 18 	 17 
74.10 	 0.0000 	 0.9945 	 18 	 16 
74.20 	 0.0000 	 0.9956 	 18 	 16 
74.30 	 0.0000 	 0.9949 	 18 	 15 
74.40 	 0.0000 	 0.9941 	 18 	 16 
74.50 	 3.3333 	 0.9916 	 18 	 16 
74.60 	 0.0000 	 0.9897 	 18 	 17 
74.70 	 0.0000 	 0.9872 	 18 	 17 
74.80 	 3.3333 	 0.9871 	 18 	 15 
74.90 	 0.0000 	 0.9881 	 18 	 17 
75.00 	 0.0000 	 0.9885 	 18 	 7 
75.10 	 0.0000 	 0.9870 	 18 	 16 
75.20 	 0.0000 	 0.9869 	 18 	 17 
75.30 	 0.0000 	 0.9866 	 18 	 17 
75.40 	 3.3333 	 0.9868 	 18 	 16 
75.50 	 0.0000 	 0.9876 	 18 	 16 
75.60 	 0.0000 	 0.9864 	 18 	 18 
75.70 	 6.6667 	 0.9863 	 18 	 17 
75.80 	 0.0000 	 0.9859 	 18 	 17 
75.90 	 0.0000 	 0.9865 	 19 	 16 
76.00 	 0.0000 	 0.9875 	 19 	 16 
76.10 	 0.0000 	 0.9877 	 19 	 16 
76.20 	 0.0000 	 0.9896 	 19 	 16 
76.30 	 0.0000 	 0.9892 	 19 	 7 
76.40 	 0.0000 	 0.9905 	 19 	 17 
76.50 	 3.3333 	 0.9905 	 19 	 18 
76.60 	 0.0000 	 0.9909 	 19 	 17 
76.70 	 3.3333 	 0.9916 	 19 	 17 
76.80 	 0.0000 	 0.9919 	 19 	 17 
76.90 	 0.0000 	 0.9910 	 19 	 16 
77.00 	 0.0000 	 0.9906 	 19 	 17 
77.10 	 3.3333 	 0.9908 	 19 	 18 
77.20 	 0.0000 	 0.9909 	 19 	 18 
77.30 	 0.0000 	 0.9897 	 19 	 18 
77.40 	 0.0000 	 0.9895 	 19 	 18 
77.50 	 6.6667 	 0.9896 	 19 	 8 
77.60 	 0.0000 	 0.9887 	 19 	 17 
77.70 	 0.0000 	 0.9888 	 19 	 17 
77.80 	 0.0000 	 0.9889 	 19 	 18 
77.90 	 0.0000 	 0.9888 	 19 	 17 
78.00 	 3.3333 	 0.9891 	 19 	 17 
78.10 	 0.0000 	 0.9896 	 19 	 19 
78.20 	 3.3333 	 0.9888 	 19 	 18 
78.30 	 0.0000 	 0.9871 	 19 	 18 
78.40 	 0.0000 	 0.9886 	 19 	 19 
78.50 	 0.0000 	 0.9898 	 0 	 17 
78.60 	 3.3333 	 0.9910 	 0 	 17 
78.70 	 0.0000 	 0.9895 	 0 	 17 
78.80 	 0.0000 	 0.9895 	 0 	 8 
78.90 	 0.0000 	 0.9899 	 0 	 8 
79.00 	 0.0000 	 0.9905 	 0 	 19 
79.10 	 3.3333 	 0.9900 	 0 	 19 
79.20 	 0.0000 	 0.9903 	 0 	 18 
79.30 	 0.0000 	 0.9906 	 0 	 18 
79.40 	 3.3333 	 0.9896 	 0 	 17 
79.50 	 0.0000 	 0.9879 	 0 	 18 
79.60 	 0.0000 	 0.9851 	 0 	 18 
79.70 	 0.0000 	 0.9848 	 0 	 19 
79.80 	 0.0000 	 0.9861 	 0 	 0 
79.90 	 0.0000 	 0.9868 	 0 	 0 
80.00 	 6.6667 	 0.9877 	 0 	 9 
80.10 	 0.0000 	 0.9886 	 0 	 18 
80.20 	 0.0000 	 0.9885 	 0 	 18 
80.30 	 0.0000 	 0.9890 	 0 	 19 
80.40 	 0.0000 	 0.9888 	 0 	 0 
80.50 	 3.3333 	 0.9891 	 0 	 0 
80.60 	 0.0000 	 0.9886 	 0 	 0 
80.70 	 0.0000 	 0.9876 	 0 	 0 
80.80 	 0.0000 	 0.9869 	 0 	 0 
80.90 	 0.0000 	 0.9880 	 0 	 19 
81.00 	 3.3333 	 0.9891 	 1 	 0 
81.10 	 3.3333 	 0.9906 	 1 	 18 
81.20 	 0.0000 	 0.9915 	 1 	 18 
81.30 	 3.3333 	 0.9905 	 1 	 9 
81.40 	 0.0000 	 0.9901 	 1 	 9 
81.50 	 0.0000 	 0.9896 	 1 	 0 
81.60 	 3.3333 	 0.9900 	 1 	 0 
81.70 	 0.0000 	 0.9898 	 1 	 0 
81.80 	 0.0000 	 0.9902 	 1 	 0 
81.90 	 0.0000 	 0.9909 	 1 	 0 
82.00 	 0.0000 	 0.9906 	 1 	 19 
82.10 	 6.6667 	 0.9902 	 1 	 19 
82.20 	 0.0000 	 0.9896 	 1 	 0 
82.30 	 3.3333 	 0.9862 	 1 	 0 
82.40 	 0.0000 	 0.9865 	 1 	 0 
82.50 	 0.0000 	 0.9863 	 1 	 0 
82.60 	 0.0000 	 0.9868 	 1 	 0 
82.70 	 0.0000 	 0.9882 	 1 	 19 
82.80 	 0.0000 	 0.9895 	 1 	 0 
82.90 	 3.3333 	 0.9889 	 1 	 0 
83.00 	 3.3333 	 0.9901 	 1 	 19 
83.10 	 3.3333 	 0.9893 	 1 	 1 
83.20 	 0.0000 	 0.9879 	 1 	 1 
83.30 	 0.0000 	 0.9858 	 1 	 0 
83.40 	 0.0000 	 0.9865 	 1 	 0 
83.50 	 3.3333 	 0.9877 	 2 	 0 
83.60 	 0.0000 	 0.9894 	 2 	 0 
83.70 	 0.0000 	 0.9905 	 2 	 0 
83.80 	 3.3333 	 0.9911 	 2 	 10 
83.90 	 0.0000 	 0.9892 	 2 	 10 
84.00 	 6.6667 	 0.9884 	 2 	 1 
84.10 	 0.0000 	 0.9886 	 2 	 1 
84.20 	 0.0000 	 0.9886 	 2 	 1 
84.30 	 0.0000 	 0.9893 	 2 	 0 
84.40 	 0.0000 	 0.9904 	 2 	 0 
84.50 	 0.0000 	 0.9902 	 2 	 0 
84.60 	 0.0000 	 0.9893 	 2 	 0 
84.70 	 6.6667 	 0.9880 	 2 	 1 
84.80 	 3.3333 	 0.9868 	 2 	 1 
84.90 	 0.0000 	 0.9861 	 2 	 1 
85.00 	 0.0000 	 0.9849 	 2 	 1 
85.10 	 0.0000 	 0.9834 	 2 	 0 
85.20 	 0.0000 	 0.9830 	 2 	 0 
85.30 	 3.3333 	 0.9830 	 2 	 1 
85.40 	 0.0000 	 0.9842 	 2 	 0 
85.50 	 0.0000 	 0.9852 	 2 	 0 
85.60 	 3.3333 	 0.9844 	 2 	 2 
85.70 	 0.0000 	 0.9846 	 2 	 2 
85.80 	 3.3333 	 0.9827 	 2 	 1 
85.90 	 3.3333 	 0.9815 	 2 	 1 
86.00 	 0.0000 	 0.9829 	 3 	 1 
86.10 	 0.0000 	 0.9848 	 3 	 0 
86.20 	 0.0000 	 0.9870 	 3 	 0 
86.30 	 0.0000 	 0.9881 	 3 	 0 
86.40 	 0.0000 	 0.9886 	 3 	 0 
86.50 	 3.3333 	 0.9874 	 3 	 1 
86.60 	 3.3333 	 0.9863 	 3 	 2 
86.70 	 0.0000 	 0.9858 	 3 	 2 
86.80 	 3.3333 	 0.9857 	 3 	 1 
86.90 	 0.0000 	 0.9859 	 3 	 1 
87.00 	 0.0000 	 0.9871 	 3 	 1 
87.10 	 3.3333 	 0.9879 	 3 	 1 
87.20 	 0.0000 	 0.9880 	 3 	 2 
87.30 	 0.0000 	 0.9869 	 3 	 3 
87.40 	 0.0000 	 0.9854 	 3 	 2 
87.50 	 3.3333 	 0.9839 	 3 	 2 
87.60 	 0.0000 	 0.9838 	 3 	 2 
87.70 	 3.3333 	 0.9808 	 3 	 1 
87.80 	 3.3333 	 0.9817 	 3 	 2 
87.90 	 0.0000 	 0.9842 	 3 	 2 
88.00 	 0.0000 	 0.9846 	 3 	 1 
88.10 	 0.0000 	 0.9866 	 3 	 3 
88.20 	 0.0000 	 0.9883 	 3 	 3 
88.30 	 0.0000 	 0.9883 	 3 	 3 
88.40 	 3.3333 	 0.9867 	 3 	 2 
88.50 	 3.3333 	 0.9868 	 4 	 2 
88.60 	 0.0000 	 0.9886 	 4 	 2 
88.70 	 3.3333 	 0.9900 	 4 	 1 
88.80 	 0.0000 	 0.9905 	 4 	 1 
88.90 	 0.0000 	 0.9912 	 4 	 1 
89.00 	 0.0000 	 0.9905 	 4 	 2 
89.10 	 0.0000 	 0.9888 	 4 	 3 
89.20 	 0.0000 	 0.9887 	 4 	 3 
89.30 	 3.3333 	 0.9892 	 4 	 3 
89.40 	 3.3333 	 0.9891 	 4 	 2 
89.50 	 0.0000 	 0.9893 	 4 	 2 
89.60 	 3.3333 	 0.9893 	 4 	 2 
89.70 	 0.0000 	 0.9899 	 4 	 3 
89.80 	 0.0000 	 0.9906 	 4 	 4 
89.90 	 0.0000 	 0.9885 	 4 	 3 
90.00 	 0.0000 	 0.9854 	 4 	 3 
90.10 	 3.3333 	 0.9841 	 4 	 3 
90.20 	 0.0000 	 0.9852 	 4 	 2 
90.30 	 3.3333 	 0.9862 	 4 	 3 
90.40 	 0.0000 	 0.9870 	 4 	 3 
90.50 	 0.0000 	 0.9863 	 4 	 2 
90.60 	 3.3333 	 0.9868 	 4 	 2 
90.70 	 0.0000 	 0.9873 	 4 	 4 
90.80 	 0.0000 	 0.9880 	 4 	 4 
90.90 	 0.0000 	 0.9898 	 4 	 3 
91.00 	 0.0000 	 0.9906 	 5 	 3 
91.10 	 3.3333 	 0.9920 	 5 	 3 
91.20 	 3.3333 	 0.9915 	 5 	 2 
91.30 	 3.3333 	 0.9927 	 5 	 2 
91.40 	 0.0000 	 0.9934 	 5 	 2 
91.50 	 0.0000 	 0.9935 	 5 	 2 
91.60 	 0.0000 	 0.9933 	 5 	 4 
91.70 	 0.0000 	 0.9926 	 5 	 4 
91.80 	 0.0000 	 0.9908 	 5 	 4 
91.90 	 0.0000 	 0.9906 	 5 	 3 
92.00 	 3.3333 	 0.9907 	 5 	 3 
92.10 	 0.0000 	 0.9917 	 5 	 3 
92.20 	 3.3333 	 0.9922 	 5 	 3 
92.30 	 0.0000 	 0.9923 	 5 	 5 
92.40 	 0.0000 	 0.9920 	 5 	 5 
92.50 	 0.0000 	 0.9896 	 5 	 4 
92.60 	 3.3333 	 0.9894 	 5 	 4 
92.70 	 3.3333 	 0.9903 	 5 	 3 
92.80 	 0.0000 	 0.9913 	 5 	 3 
92.90 	 0.0000 	 0.9926 	 5 	 4 
93.00 	 3.3333 	 0.9936 	 5 	 3 
93.10 	 3.3333 	 0.9946 	 5 	 3 
93.20 	 0.0000 	 0.9936 	 5 	 5 
93.30 	 0.0000 	 0.9920 	 5 	 5 
93.40 	 0.0000 	 0.9934 	 5 	 4 
93.50 	 0.0000 	 0.9951 	 6 	 4 
93.60 	 0.0000 	 0.9960 	 6 	 4 
93.70 	 0.0000 	 0.9960 	 6 	 3 
93.80 	 0.0000 	 0.9962 	 6 	 3 
93.90 	 3.3333 	 0.9965 	 6 	 3 
94.00 	 3.3333 	 0.9964 	 6 	 3 
94.10 	 0.0000 	 0.9960 	 6 	 4 
94.20 	 3.3333 	 0.9952 	 6 	 5 
94.30 	 0.0000 	 0.9940 	 6 	 5 
94.40 	 0.0000 	 0.9935 	 6 	 4 
94.50 	 0.0000 	 0.9941 	 6 	 4 
94.60 	 0.0000 	 0.9929 	 6 	 4 
94.70 	 0.0000 	 0.9922 	 6 	 4 
94.80 	 0.0000 	 0.9925 	 6 	 6 
94.90 	 3.3333 	 0.9922 	 6 	 6 
95.00 	 0.0000 	 0.9929 	 6 	 5 
95.10 	 3.3333 	 0.9896 	 6 	 5 
95.20 	 0.0000 	 0.9910 	 6 	 5 
95.30 	 0.0000 	 0.9918 	 6 	 4 
95.40 	 0.0000 	 0.9930 	 6 	 5 
95.50 	 3.3333 	 0.9944 	 6 	 4 
95.60 	 0.0000 	 0.9945 	 6 	 4 
95.70 	 3.3333 	 0.9944 	 6 	 6 
95.80 	 0.0000 	 0.9928 	 6 	 6 
95.90 	 0.0000 	 0.9925 	 6 	 5 
96.00 	 0.0000 	 0.9938 	 7 	 5 
96.10 	 6.6667 	 0.9951 	 7 	 5 
96.20 	 0.0000 	 0.9959 	 7 	 5 
96.30 	 0.0000 	 0.9968 	 7 	 4 
96.40 	 0.0000 	 0.9963 	 7 	 4 
96.50 	 0.0000 	 0.9958 	 7 	 4 
96.60 	 0.0000 	 0.9959 	 7 	 6 
96.70 	 3.3333 	 0.9954 	 7 	 6 
96.80 	 0.0000 	 0.9947 	 7 	 6 
96.90 	 0.0000 	 0.9937 	 7 	 5 
97.00 	 0.0000 	 0.9935 	 7 	 5 
97.10 	 3.3333 	 0.9929 	 7 	 5 
97.20 	 0.0000 	 0.9915 	 7 	 5 
97.30 	 3.3333 	 0.9919 	 7 	 6 
97.40 	 0.0000 	 0.9927 	 7 	 7 
97.50 	 0.0000 	 0.9925 	 7 	 6 
97.60 	 3.3333 	 0.9918 	 7 	 6 
97.70 	 0.0000 	 0.9915 	 7 	 6 
97.80 	 0.0000 	 0.9908 	 7 	 5 
97.90 	 0.0000 	 0.9922 	 7 	 6 
98.00 	 0.0000 	 0.9921 	 7 	 5 
98.10 	 0.0000 	 0.9930 	 7 	 5 
98.20 	 3.3333 	 0.9937 	 7 	 7 
98.30 	 3.3333 	 0.9937 	 7 	 7 
98.40 	 3.3333 	 0.9935 	 7 	 7 
98.50 	 0.0000 	 0.9931 	 8 	 6 
98.60 	 0.0000 	 0.9938 	 8 	 6 
98.70 	 0.0000 	 0.9944 	 8 	 6 
98.80 	 0.0000 	 0.9941 	 8 	 5 
98.90 	 0.0000 	 0.9944 	 8 	 5 
99.00 	 0.0000 	 0.9948 	 8 	 5 
99.10 	 0.0000 	 0.9952 	 8 	 6 
99.20 	 0.0000 	 0.9950 	 8 	 7 
99.30 	 3.3333 	 0.9941 	 8 	 7 
99.40 	 0.0000 	 0.9944 	 8 	 6 
99.50 	 0.0000 	 0.9939 	 8 	 6 
99.60 	 0.0000 	 0.9927 	 8 	 6 
99.70 	 3.3333 	 0.9912 	 8 	 6 
99.80 	 6.6667 	 0.9900 	 8 	 7 
99.90 	 0.0000 	 0.9899 	 8 	 8 
100.00 	 0.0000 	 0.9902 	 8 	 7 
