# Optimal flow and avg speed dependent on time 
 # Aggressives: 0 
 # Velocity factor: 0 
0.10 	 0.0000 	 0.9547 	 11 	 0 
0.20 	 0.0000 	 0.9123 	 11 	 0 
0.30 	 3.3333 	 0.8733 	 11 	 1 
0.40 	 0.0000 	 0.8378 	 11 	 0 
0.50 	 0.0000 	 0.8062 	 11 	 0 
0.60 	 3.3333 	 0.7780 	 11 	 1 
0.70 	 0.0000 	 0.7537 	 11 	 1 
0.80 	 0.0000 	 0.7328 	 11 	 2 
0.90 	 0.0000 	 0.7153 	 11 	 0 
1.00 	 0.0000 	 0.7012 	 11 	 0 
1.10 	 3.3333 	 0.6894 	 11 	 1 
1.20 	 0.0000 	 0.6811 	 11 	 1 
1.30 	 0.0000 	 0.6737 	 11 	 0 
1.40 	 0.0000 	 0.6692 	 11 	 0 
1.50 	 0.0000 	 0.6661 	 11 	 0 
1.60 	 3.3333 	 0.6645 	 11 	 1 
1.70 	 0.0000 	 0.6643 	 11 	 1 
1.80 	 0.0000 	 0.6646 	 11 	 0 
1.90 	 0.0000 	 0.6662 	 11 	 0 
2.00 	 0.0000 	 0.6668 	 11 	 0 
2.10 	 3.3333 	 0.6677 	 11 	 1 
2.20 	 0.0000 	 0.6681 	 11 	 1 
2.30 	 0.0000 	 0.6688 	 11 	 0 
2.40 	 0.0000 	 0.6687 	 11 	 0 
2.50 	 0.0000 	 0.6685 	 11 	 0 
2.60 	 3.3333 	 0.6694 	 11 	 1 
2.70 	 0.0000 	 0.6700 	 11 	 1 
2.80 	 0.0000 	 0.6696 	 11 	 0 
2.90 	 0.0000 	 0.6702 	 11 	 0 
3.00 	 0.0000 	 0.6713 	 11 	 0 
3.10 	 3.3333 	 0.6701 	 11 	 1 
3.20 	 0.0000 	 0.6705 	 11 	 0 
3.30 	 0.0000 	 0.6704 	 11 	 0 
3.40 	 0.0000 	 0.6699 	 12 	 0 
3.50 	 0.0000 	 0.6700 	 12 	 0 
3.60 	 3.3333 	 0.6693 	 12 	 1 
3.70 	 0.0000 	 0.6701 	 12 	 0 
3.80 	 0.0000 	 0.6706 	 12 	 0 
3.90 	 0.0000 	 0.6696 	 12 	 0 
4.00 	 0.0000 	 0.6709 	 12 	 0 
4.10 	 3.3333 	 0.6706 	 12 	 1 
4.20 	 0.0000 	 0.6704 	 12 	 0 
4.30 	 0.0000 	 0.6701 	 12 	 0 
4.40 	 0.0000 	 0.6697 	 12 	 0 
4.50 	 0.0000 	 0.6707 	 12 	 0 
4.60 	 3.3333 	 0.6702 	 12 	 1 
4.70 	 0.0000 	 0.6700 	 12 	 0 
4.80 	 0.0000 	 0.6708 	 12 	 0 
4.90 	 0.0000 	 0.6700 	 12 	 0 
5.00 	 0.0000 	 0.6700 	 12 	 0 
5.10 	 3.3333 	 0.6702 	 12 	 1 
5.20 	 0.0000 	 0.6703 	 12 	 0 
5.30 	 0.0000 	 0.6705 	 12 	 0 
5.40 	 0.0000 	 0.6698 	 12 	 0 
5.50 	 0.0000 	 0.6704 	 12 	 0 
5.60 	 3.3333 	 0.6696 	 12 	 1 
5.70 	 0.0000 	 0.6702 	 12 	 0 
5.80 	 0.0000 	 0.6700 	 12 	 0 
5.90 	 0.0000 	 0.6689 	 12 	 0 
6.00 	 0.0000 	 0.6697 	 12 	 0 
6.10 	 3.3333 	 0.6695 	 12 	 1 
6.20 	 0.0000 	 0.6699 	 12 	 0 
6.30 	 0.0000 	 0.6705 	 12 	 0 
6.40 	 0.0000 	 0.6698 	 12 	 0 
6.50 	 0.0000 	 0.6704 	 12 	 0 
6.60 	 3.3333 	 0.6692 	 12 	 1 
6.70 	 0.0000 	 0.6700 	 12 	 0 
6.80 	 0.0000 	 0.6699 	 12 	 0 
6.90 	 0.0000 	 0.6701 	 12 	 0 
7.00 	 0.0000 	 0.6710 	 12 	 0 
7.10 	 3.3333 	 0.6705 	 13 	 1 
7.20 	 0.0000 	 0.6706 	 13 	 0 
7.30 	 0.0000 	 0.6707 	 13 	 0 
7.40 	 0.0000 	 0.6701 	 13 	 0 
7.50 	 0.0000 	 0.6699 	 13 	 0 
7.60 	 3.3333 	 0.6696 	 13 	 1 
7.70 	 0.0000 	 0.6694 	 13 	 0 
7.80 	 0.0000 	 0.6699 	 13 	 0 
7.90 	 0.0000 	 0.6705 	 13 	 0 
8.00 	 0.0000 	 0.6703 	 13 	 0 
8.10 	 3.3333 	 0.6699 	 13 	 1 
8.20 	 0.0000 	 0.6706 	 13 	 0 
8.30 	 0.0000 	 0.6700 	 13 	 0 
8.40 	 0.0000 	 0.6703 	 13 	 0 
8.50 	 0.0000 	 0.6704 	 13 	 0 
8.60 	 3.3333 	 0.6691 	 13 	 1 
8.70 	 0.0000 	 0.6698 	 13 	 0 
8.80 	 0.0000 	 0.6695 	 13 	 0 
8.90 	 0.0000 	 0.6695 	 13 	 0 
9.00 	 0.0000 	 0.6696 	 13 	 0 
9.10 	 3.3333 	 0.6695 	 13 	 1 
9.20 	 0.0000 	 0.6701 	 13 	 0 
9.30 	 0.0000 	 0.6699 	 13 	 0 
9.40 	 0.0000 	 0.6696 	 13 	 0 
9.50 	 3.3333 	 0.6697 	 13 	 1 
9.60 	 0.0000 	 0.6690 	 13 	 1 
9.70 	 0.0000 	 0.6702 	 13 	 0 
9.80 	 0.0000 	 0.6700 	 13 	 0 
9.90 	 0.0000 	 0.6698 	 13 	 0 
10.00 	 0.0000 	 0.6705 	 13 	 0 
10.10 	 3.3333 	 0.6698 	 13 	 1 
10.20 	 0.0000 	 0.6709 	 13 	 0 
10.30 	 0.0000 	 0.6709 	 13 	 0 
10.40 	 0.0000 	 0.6701 	 13 	 0 
10.50 	 0.0000 	 0.6702 	 13 	 0 
10.60 	 3.3333 	 0.6689 	 13 	 1 
10.70 	 0.0000 	 0.6697 	 13 	 0 
10.80 	 0.0000 	 0.6698 	 14 	 0 
10.90 	 0.0000 	 0.6698 	 14 	 0 
11.00 	 3.3333 	 0.6702 	 14 	 1 
11.10 	 0.0000 	 0.6697 	 14 	 1 
11.20 	 0.0000 	 0.6711 	 14 	 0 
11.30 	 0.0000 	 0.6701 	 14 	 0 
11.40 	 0.0000 	 0.6703 	 14 	 0 
11.50 	 0.0000 	 0.6705 	 14 	 0 
11.60 	 3.3333 	 0.6689 	 14 	 0 
11.70 	 0.0000 	 0.6696 	 14 	 0 
11.80 	 0.0000 	 0.6696 	 14 	 0 
11.90 	 0.0000 	 0.6697 	 14 	 0 
12.00 	 0.0000 	 0.6697 	 14 	 0 
12.10 	 3.3333 	 0.6692 	 14 	 0 
12.20 	 0.0000 	 0.6705 	 14 	 0 
12.30 	 0.0000 	 0.6700 	 14 	 0 
12.40 	 0.0000 	 0.6701 	 14 	 0 
12.50 	 3.3333 	 0.6702 	 14 	 1 
12.60 	 0.0000 	 0.6696 	 14 	 0 
12.70 	 0.0000 	 0.6699 	 14 	 0 
12.80 	 0.0000 	 0.6692 	 14 	 0 
12.90 	 0.0000 	 0.6698 	 14 	 0 
13.00 	 3.3333 	 0.6698 	 14 	 1 
13.10 	 0.0000 	 0.6695 	 14 	 0 
13.20 	 0.0000 	 0.6705 	 14 	 0 
13.30 	 0.0000 	 0.6701 	 14 	 0 
13.40 	 0.0000 	 0.6698 	 14 	 0 
13.50 	 0.0000 	 0.6703 	 14 	 0 
13.60 	 3.3333 	 0.6697 	 14 	 0 
13.70 	 0.0000 	 0.6705 	 14 	 0 
13.80 	 0.0000 	 0.6702 	 14 	 0 
13.90 	 0.0000 	 0.6700 	 14 	 0 
14.00 	 3.3333 	 0.6699 	 14 	 1 
14.10 	 0.0000 	 0.6696 	 14 	 0 
14.20 	 0.0000 	 0.6707 	 14 	 0 
14.30 	 0.0000 	 0.6703 	 14 	 0 
14.40 	 0.0000 	 0.6704 	 14 	 0 
14.50 	 3.3333 	 0.6707 	 14 	 1 
14.60 	 0.0000 	 0.6698 	 15 	 0 
14.70 	 0.0000 	 0.6703 	 15 	 0 
14.80 	 0.0000 	 0.6698 	 15 	 0 
14.90 	 0.0000 	 0.6694 	 15 	 0 
15.00 	 3.3333 	 0.6699 	 15 	 1 
15.10 	 0.0000 	 0.6696 	 15 	 0 
15.20 	 0.0000 	 0.6698 	 15 	 0 
15.30 	 0.0000 	 0.6694 	 15 	 0 
15.40 	 0.0000 	 0.6703 	 15 	 0 
15.50 	 3.3333 	 0.6704 	 15 	 1 
15.60 	 0.0000 	 0.6695 	 15 	 0 
15.70 	 0.0000 	 0.6703 	 15 	 0 
15.80 	 0.0000 	 0.6695 	 15 	 0 
15.90 	 0.0000 	 0.6699 	 15 	 0 
16.00 	 3.3333 	 0.6699 	 15 	 1 
16.10 	 0.0000 	 0.6698 	 15 	 0 
16.20 	 0.0000 	 0.6702 	 15 	 0 
16.30 	 0.0000 	 0.6697 	 15 	 0 
16.40 	 0.0000 	 0.6698 	 15 	 0 
16.50 	 3.3333 	 0.6699 	 15 	 1 
16.60 	 0.0000 	 0.6695 	 15 	 0 
16.70 	 0.0000 	 0.6702 	 15 	 0 
16.80 	 0.0000 	 0.6701 	 15 	 0 
16.90 	 0.0000 	 0.6700 	 15 	 0 
17.00 	 3.3333 	 0.6699 	 15 	 1 
17.10 	 0.0000 	 0.6697 	 15 	 0 
17.20 	 0.0000 	 0.6701 	 15 	 0 
17.30 	 0.0000 	 0.6698 	 15 	 0 
17.40 	 0.0000 	 0.6701 	 15 	 0 
17.50 	 3.3333 	 0.6706 	 15 	 1 
17.60 	 0.0000 	 0.6699 	 15 	 0 
17.70 	 0.0000 	 0.6700 	 15 	 0 
17.80 	 0.0000 	 0.6695 	 15 	 0 
17.90 	 0.0000 	 0.6700 	 15 	 0 
18.00 	 3.3333 	 0.6698 	 15 	 1 
18.10 	 0.0000 	 0.6691 	 15 	 0 
18.20 	 0.0000 	 0.6696 	 15 	 0 
18.30 	 0.0000 	 0.6697 	 16 	 0 
18.40 	 0.0000 	 0.6706 	 16 	 0 
18.50 	 3.3333 	 0.6700 	 16 	 1 
18.60 	 0.0000 	 0.6696 	 16 	 0 
18.70 	 0.0000 	 0.6706 	 16 	 0 
18.80 	 0.0000 	 0.6702 	 16 	 0 
18.90 	 0.0000 	 0.6699 	 16 	 0 
19.00 	 3.3333 	 0.6701 	 16 	 1 
19.10 	 0.0000 	 0.6695 	 16 	 0 
19.20 	 0.0000 	 0.6701 	 16 	 0 
19.30 	 0.0000 	 0.6696 	 16 	 0 
19.40 	 0.0000 	 0.6705 	 16 	 0 
19.50 	 3.3333 	 0.6706 	 16 	 1 
19.60 	 0.0000 	 0.6700 	 16 	 0 
19.70 	 0.0000 	 0.6705 	 16 	 0 
19.80 	 0.0000 	 0.6699 	 16 	 0 
19.90 	 0.0000 	 0.6701 	 16 	 0 
20.00 	 3.3333 	 0.6696 	 16 	 1 
20.10 	 0.0000 	 0.6691 	 16 	 0 
20.20 	 0.0000 	 0.6699 	 16 	 0 
20.30 	 0.0000 	 0.6696 	 16 	 0 
20.40 	 0.0000 	 0.6698 	 16 	 0 
20.50 	 3.3333 	 0.6697 	 16 	 1 
20.60 	 0.0000 	 0.6701 	 16 	 0 
20.70 	 0.0000 	 0.6708 	 16 	 0 
20.80 	 0.0000 	 0.6696 	 16 	 0 
20.90 	 0.0000 	 0.6696 	 16 	 0 
21.00 	 3.3333 	 0.6692 	 16 	 1 
21.10 	 0.0000 	 0.6691 	 16 	 0 
21.20 	 0.0000 	 0.6694 	 16 	 0 
21.30 	 0.0000 	 0.6692 	 16 	 0 
21.40 	 0.0000 	 0.6704 	 16 	 0 
21.50 	 3.3333 	 0.6704 	 16 	 1 
21.60 	 0.0000 	 0.6700 	 16 	 0 
21.70 	 0.0000 	 0.6703 	 16 	 0 
21.80 	 0.0000 	 0.6692 	 16 	 0 
21.90 	 0.0000 	 0.6696 	 16 	 0 
22.00 	 3.3333 	 0.6696 	 17 	 1 
22.10 	 0.0000 	 0.6699 	 17 	 0 
22.20 	 0.0000 	 0.6702 	 17 	 0 
22.30 	 0.0000 	 0.6697 	 17 	 0 
22.40 	 0.0000 	 0.6709 	 17 	 0 
22.50 	 3.3333 	 0.6703 	 17 	 1 
22.60 	 0.0000 	 0.6706 	 17 	 0 
22.70 	 0.0000 	 0.6704 	 17 	 0 
22.80 	 0.0000 	 0.6694 	 17 	 0 
22.90 	 0.0000 	 0.6703 	 17 	 0 
23.00 	 3.3333 	 0.6697 	 17 	 1 
23.10 	 0.0000 	 0.6699 	 17 	 0 
23.20 	 0.0000 	 0.6700 	 17 	 0 
23.30 	 0.0000 	 0.6693 	 17 	 0 
23.40 	 0.0000 	 0.6703 	 17 	 0 
23.50 	 3.3333 	 0.6694 	 17 	 0 
23.60 	 0.0000 	 0.6698 	 17 	 0 
23.70 	 0.0000 	 0.6704 	 17 	 0 
23.80 	 0.0000 	 0.6694 	 17 	 0 
23.90 	 0.0000 	 0.6700 	 17 	 0 
24.00 	 3.3333 	 0.6692 	 17 	 0 
24.10 	 0.0000 	 0.6699 	 17 	 0 
24.20 	 0.0000 	 0.6700 	 17 	 0 
24.30 	 0.0000 	 0.6695 	 17 	 0 
24.40 	 0.0000 	 0.6704 	 17 	 0 
24.50 	 3.3333 	 0.6702 	 17 	 1 
24.60 	 0.0000 	 0.6700 	 17 	 0 
24.70 	 0.0000 	 0.6701 	 17 	 0 
24.80 	 0.0000 	 0.6692 	 17 	 0 
24.90 	 0.0000 	 0.6702 	 17 	 0 
25.00 	 3.3333 	 0.6693 	 17 	 0 
25.10 	 0.0000 	 0.6700 	 17 	 0 
25.20 	 0.0000 	 0.6697 	 17 	 0 
25.30 	 0.0000 	 0.6688 	 17 	 0 
25.40 	 0.0000 	 0.6702 	 17 	 0 
25.50 	 3.3333 	 0.6694 	 17 	 0 
25.60 	 0.0000 	 0.6701 	 18 	 0 
25.70 	 0.0000 	 0.6702 	 18 	 0 
25.80 	 0.0000 	 0.6690 	 18 	 0 
25.90 	 0.0000 	 0.6701 	 18 	 0 
26.00 	 3.3333 	 0.6694 	 18 	 0 
26.10 	 0.0000 	 0.6698 	 18 	 0 
26.20 	 0.0000 	 0.6702 	 18 	 0 
26.30 	 0.0000 	 0.6697 	 18 	 0 
26.40 	 0.0000 	 0.6707 	 18 	 0 
26.50 	 3.3333 	 0.6699 	 18 	 0 
26.60 	 0.0000 	 0.6700 	 18 	 0 
26.70 	 0.0000 	 0.6701 	 18 	 0 
26.80 	 0.0000 	 0.6695 	 18 	 0 
26.90 	 0.0000 	 0.6702 	 18 	 0 
27.00 	 3.3333 	 0.6699 	 18 	 0 
27.10 	 0.0000 	 0.6703 	 18 	 0 
27.20 	 0.0000 	 0.6705 	 18 	 0 
27.30 	 0.0000 	 0.6698 	 18 	 0 
27.40 	 0.0000 	 0.6701 	 18 	 0 
27.50 	 3.3333 	 0.6696 	 18 	 0 
27.60 	 0.0000 	 0.6699 	 18 	 0 
27.70 	 0.0000 	 0.6696 	 18 	 0 
27.80 	 0.0000 	 0.6688 	 18 	 0 
27.90 	 0.0000 	 0.6700 	 18 	 0 
28.00 	 3.3333 	 0.6698 	 18 	 0 
28.10 	 0.0000 	 0.6703 	 18 	 0 
28.20 	 0.0000 	 0.6702 	 18 	 0 
28.30 	 0.0000 	 0.6695 	 18 	 0 
28.40 	 0.0000 	 0.6703 	 18 	 0 
28.50 	 3.3333 	 0.6695 	 18 	 0 
28.60 	 0.0000 	 0.6696 	 18 	 0 
28.70 	 0.0000 	 0.6696 	 18 	 0 
28.80 	 0.0000 	 0.6694 	 18 	 0 
28.90 	 0.0000 	 0.6701 	 18 	 0 
29.00 	 3.3333 	 0.6699 	 18 	 0 
29.10 	 0.0000 	 0.6700 	 18 	 0 
29.20 	 0.0000 	 0.6699 	 18 	 0 
29.30 	 0.0000 	 0.6696 	 19 	 0 
29.40 	 0.0000 	 0.6703 	 19 	 0 
29.50 	 3.3333 	 0.6702 	 19 	 0 
29.60 	 0.0000 	 0.6701 	 19 	 0 
29.70 	 0.0000 	 0.6704 	 19 	 0 
29.80 	 0.0000 	 0.6697 	 19 	 0 
29.90 	 0.0000 	 0.6701 	 19 	 0 
30.00 	 3.3333 	 0.6699 	 19 	 0 
30.10 	 0.0000 	 0.6699 	 19 	 0 
30.20 	 0.0000 	 0.6697 	 19 	 0 
30.30 	 0.0000 	 0.6690 	 19 	 0 
30.40 	 0.0000 	 0.6703 	 19 	 0 
30.50 	 3.3333 	 0.6703 	 19 	 0 
30.60 	 0.0000 	 0.6703 	 19 	 0 
30.70 	 0.0000 	 0.6706 	 19 	 0 
30.80 	 0.0000 	 0.6697 	 19 	 0 
30.90 	 0.0000 	 0.6702 	 19 	 0 
31.00 	 3.3333 	 0.6695 	 19 	 0 
31.10 	 0.0000 	 0.6695 	 19 	 0 
31.20 	 0.0000 	 0.6693 	 19 	 0 
31.30 	 0.0000 	 0.6690 	 19 	 0 
31.40 	 0.0000 	 0.6697 	 19 	 0 
31.50 	 3.3333 	 0.6697 	 19 	 0 
31.60 	 0.0000 	 0.6703 	 19 	 0 
31.70 	 0.0000 	 0.6704 	 19 	 0 
31.80 	 0.0000 	 0.6696 	 19 	 0 
31.90 	 0.0000 	 0.6704 	 19 	 0 
32.00 	 3.3333 	 0.6696 	 19 	 0 
32.10 	 0.0000 	 0.6696 	 19 	 0 
32.20 	 0.0000 	 0.6695 	 19 	 0 
32.30 	 0.0000 	 0.6698 	 19 	 0 
32.40 	 0.0000 	 0.6703 	 19 	 0 
32.50 	 3.3333 	 0.6700 	 19 	 0 
32.60 	 0.0000 	 0.6706 	 19 	 0 
32.70 	 0.0000 	 0.6703 	 19 	 0 
32.80 	 0.0000 	 0.6695 	 19 	 0 
32.90 	 0.0000 	 0.6704 	 19 	 0 
33.00 	 3.3333 	 0.6697 	 0 	 0 
33.10 	 0.0000 	 0.6697 	 0 	 0 
33.20 	 0.0000 	 0.6700 	 0 	 0 
33.30 	 0.0000 	 0.6701 	 0 	 0 
33.40 	 0.0000 	 0.6702 	 0 	 0 
33.50 	 3.3333 	 0.6701 	 0 	 0 
33.60 	 0.0000 	 0.6702 	 0 	 0 
33.70 	 0.0000 	 0.6703 	 0 	 0 
33.80 	 0.0000 	 0.6697 	 0 	 0 
33.90 	 0.0000 	 0.6701 	 0 	 0 
34.00 	 3.3333 	 0.6694 	 0 	 0 
34.10 	 0.0000 	 0.6700 	 0 	 0 
34.20 	 0.0000 	 0.6697 	 0 	 0 
34.30 	 0.0000 	 0.6700 	 0 	 0 
34.40 	 0.0000 	 0.6700 	 0 	 0 
34.50 	 3.3333 	 0.6698 	 0 	 0 
34.60 	 0.0000 	 0.6697 	 0 	 0 
34.70 	 0.0000 	 0.6697 	 0 	 0 
34.80 	 0.0000 	 0.6696 	 0 	 0 
34.90 	 3.3333 	 0.6698 	 0 	 1 
35.00 	 0.0000 	 0.6695 	 0 	 0 
35.10 	 0.0000 	 0.6701 	 0 	 0 
35.20 	 0.0000 	 0.6701 	 0 	 0 
35.30 	 0.0000 	 0.6699 	 0 	 0 
35.40 	 0.0000 	 0.6705 	 0 	 0 
35.50 	 3.3333 	 0.6699 	 0 	 0 
35.60 	 0.0000 	 0.6702 	 0 	 0 
35.70 	 0.0000 	 0.6705 	 0 	 0 
35.80 	 0.0000 	 0.6702 	 0 	 0 
35.90 	 0.0000 	 0.6704 	 0 	 0 
36.00 	 3.3333 	 0.6701 	 0 	 0 
36.10 	 0.0000 	 0.6700 	 0 	 0 
36.20 	 0.0000 	 0.6700 	 0 	 0 
36.30 	 0.0000 	 0.6705 	 0 	 0 
36.40 	 3.3333 	 0.6698 	 0 	 1 
36.50 	 0.0000 	 0.6695 	 0 	 0 
36.60 	 0.0000 	 0.6701 	 0 	 0 
36.70 	 0.0000 	 0.6704 	 0 	 0 
36.80 	 0.0000 	 0.6703 	 0 	 0 
36.90 	 3.3333 	 0.6702 	 1 	 1 
37.00 	 0.0000 	 0.6691 	 1 	 0 
37.10 	 0.0000 	 0.6701 	 1 	 0 
37.20 	 0.0000 	 0.6701 	 1 	 0 
37.30 	 0.0000 	 0.6698 	 1 	 0 
37.40 	 3.3333 	 0.6701 	 1 	 1 
37.50 	 0.0000 	 0.6695 	 1 	 0 
37.60 	 0.0000 	 0.6703 	 1 	 0 
37.70 	 0.0000 	 0.6693 	 1 	 0 
37.80 	 0.0000 	 0.6699 	 1 	 0 
37.90 	 3.3333 	 0.6697 	 1 	 1 
38.00 	 0.0000 	 0.6696 	 1 	 0 
38.10 	 0.0000 	 0.6701 	 1 	 0 
38.20 	 0.0000 	 0.6698 	 1 	 0 
38.30 	 0.0000 	 0.6701 	 1 	 0 
38.40 	 3.3333 	 0.6703 	 1 	 1 
38.50 	 0.0000 	 0.6698 	 1 	 0 
38.60 	 0.0000 	 0.6698 	 1 	 0 
38.70 	 0.0000 	 0.6704 	 1 	 0 
38.80 	 0.0000 	 0.6704 	 1 	 0 
38.90 	 3.3333 	 0.6699 	 1 	 1 
39.00 	 0.0000 	 0.6690 	 1 	 0 
39.10 	 0.0000 	 0.6707 	 1 	 0 
39.20 	 0.0000 	 0.6702 	 1 	 0 
39.30 	 0.0000 	 0.6703 	 1 	 0 
39.40 	 3.3333 	 0.6702 	 1 	 1 
39.50 	 0.0000 	 0.6694 	 1 	 0 
39.60 	 0.0000 	 0.6702 	 1 	 0 
39.70 	 0.0000 	 0.6702 	 1 	 0 
39.80 	 0.0000 	 0.6704 	 1 	 0 
39.90 	 3.3333 	 0.6706 	 1 	 1 
40.00 	 0.0000 	 0.6693 	 1 	 0 
40.10 	 0.0000 	 0.6697 	 1 	 0 
40.20 	 0.0000 	 0.6698 	 1 	 0 
40.30 	 0.0000 	 0.6698 	 1 	 0 
40.40 	 3.3333 	 0.6701 	 1 	 1 
40.50 	 0.0000 	 0.6695 	 1 	 0 
40.60 	 0.0000 	 0.6705 	 1 	 0 
40.70 	 0.0000 	 0.6703 	 2 	 0 
40.80 	 0.0000 	 0.6702 	 2 	 0 
40.90 	 3.3333 	 0.6698 	 2 	 1 
41.00 	 0.0000 	 0.6695 	 2 	 0 
41.10 	 0.0000 	 0.6701 	 2 	 0 
41.20 	 0.0000 	 0.6698 	 2 	 0 
41.30 	 0.0000 	 0.6696 	 2 	 0 
41.40 	 3.3333 	 0.6700 	 2 	 0 
41.50 	 0.0000 	 0.6695 	 2 	 0 
41.60 	 0.0000 	 0.6705 	 2 	 0 
41.70 	 0.0000 	 0.6701 	 2 	 0 
41.80 	 0.0000 	 0.6701 	 2 	 0 
41.90 	 3.3333 	 0.6702 	 2 	 1 
42.00 	 0.0000 	 0.6693 	 2 	 0 
42.10 	 0.0000 	 0.6699 	 2 	 0 
42.20 	 0.0000 	 0.6701 	 2 	 0 
42.30 	 0.0000 	 0.6701 	 2 	 0 
42.40 	 3.3333 	 0.6701 	 2 	 1 
42.50 	 0.0000 	 0.6693 	 2 	 0 
42.60 	 0.0000 	 0.6702 	 2 	 0 
42.70 	 0.0000 	 0.6701 	 2 	 0 
42.80 	 0.0000 	 0.6700 	 2 	 0 
42.90 	 3.3333 	 0.6706 	 2 	 0 
43.00 	 0.0000 	 0.6695 	 2 	 0 
43.10 	 0.0000 	 0.6699 	 2 	 0 
43.20 	 0.0000 	 0.6697 	 2 	 0 
43.30 	 0.0000 	 0.6699 	 2 	 0 
43.40 	 3.3333 	 0.6703 	 2 	 0 
43.50 	 0.0000 	 0.6695 	 2 	 0 
43.60 	 0.0000 	 0.6704 	 2 	 0 
43.70 	 0.0000 	 0.6699 	 2 	 0 
43.80 	 0.0000 	 0.6700 	 2 	 0 
43.90 	 3.3333 	 0.6705 	 2 	 1 
44.00 	 0.0000 	 0.6700 	 2 	 0 
44.10 	 0.0000 	 0.6707 	 2 	 0 
44.20 	 0.0000 	 0.6701 	 2 	 0 
44.30 	 0.0000 	 0.6699 	 2 	 0 
44.40 	 3.3333 	 0.6698 	 2 	 0 
44.50 	 0.0000 	 0.6694 	 3 	 0 
44.60 	 0.0000 	 0.6702 	 3 	 0 
44.70 	 0.0000 	 0.6706 	 3 	 0 
44.80 	 0.0000 	 0.6705 	 3 	 0 
44.90 	 3.3333 	 0.6706 	 3 	 0 
45.00 	 0.0000 	 0.6697 	 3 	 0 
45.10 	 0.0000 	 0.6704 	 3 	 0 
45.20 	 0.0000 	 0.6702 	 3 	 0 
45.30 	 0.0000 	 0.6703 	 3 	 0 
45.40 	 3.3333 	 0.6702 	 3 	 0 
45.50 	 0.0000 	 0.6696 	 3 	 0 
45.60 	 0.0000 	 0.6703 	 3 	 0 
45.70 	 0.0000 	 0.6699 	 3 	 0 
45.80 	 0.0000 	 0.6705 	 3 	 0 
45.90 	 3.3333 	 0.6704 	 3 	 0 
46.00 	 0.0000 	 0.6692 	 3 	 0 
46.10 	 0.0000 	 0.6699 	 3 	 0 
46.20 	 0.0000 	 0.6692 	 3 	 0 
46.30 	 0.0000 	 0.6695 	 3 	 0 
46.40 	 3.3333 	 0.6693 	 3 	 0 
46.50 	 0.0000 	 0.6695 	 3 	 0 
46.60 	 0.0000 	 0.6701 	 3 	 0 
46.70 	 0.0000 	 0.6698 	 3 	 0 
46.80 	 0.0000 	 0.6697 	 3 	 0 
46.90 	 3.3333 	 0.6701 	 3 	 0 
47.00 	 0.0000 	 0.6697 	 3 	 0 
47.10 	 0.0000 	 0.6708 	 3 	 0 
47.20 	 0.0000 	 0.6697 	 3 	 0 
47.30 	 0.0000 	 0.6695 	 3 	 0 
47.40 	 3.3333 	 0.6699 	 3 	 0 
47.50 	 0.0000 	 0.6704 	 3 	 0 
47.60 	 0.0000 	 0.6709 	 3 	 0 
47.70 	 0.0000 	 0.6708 	 3 	 0 
47.80 	 0.0000 	 0.6711 	 3 	 0 
47.90 	 3.3333 	 0.6708 	 3 	 0 
48.00 	 0.0000 	 0.6694 	 3 	 0 
48.10 	 0.0000 	 0.6700 	 3 	 0 
48.20 	 0.0000 	 0.6699 	 4 	 0 
48.30 	 0.0000 	 0.6703 	 4 	 0 
48.40 	 3.3333 	 0.6706 	 4 	 0 
48.50 	 0.0000 	 0.6693 	 4 	 0 
48.60 	 0.0000 	 0.6703 	 4 	 0 
48.70 	 0.0000 	 0.6701 	 4 	 0 
48.80 	 0.0000 	 0.6701 	 4 	 0 
48.90 	 3.3333 	 0.6702 	 4 	 0 
49.00 	 0.0000 	 0.6700 	 4 	 0 
49.10 	 0.0000 	 0.6695 	 4 	 0 
49.20 	 0.0000 	 0.6691 	 4 	 0 
49.30 	 0.0000 	 0.6698 	 4 	 0 
49.40 	 3.3333 	 0.6696 	 4 	 0 
49.50 	 0.0000 	 0.6700 	 4 	 0 
49.60 	 0.0000 	 0.6701 	 4 	 0 
49.70 	 0.0000 	 0.6696 	 4 	 0 
49.80 	 0.0000 	 0.6701 	 4 	 0 
49.90 	 3.3333 	 0.6699 	 4 	 0 
50.00 	 0.0000 	 0.6702 	 4 	 0 
50.10 	 0.0000 	 0.6704 	 4 	 0 
50.20 	 0.0000 	 0.6698 	 4 	 0 
50.30 	 0.0000 	 0.6696 	 4 	 0 
50.40 	 3.3333 	 0.6695 	 4 	 0 
50.50 	 0.0000 	 0.6699 	 4 	 0 
50.60 	 0.0000 	 0.6702 	 4 	 0 
50.70 	 0.0000 	 0.6699 	 4 	 0 
50.80 	 0.0000 	 0.6705 	 4 	 0 
50.90 	 3.3333 	 0.6700 	 4 	 0 
51.00 	 0.0000 	 0.6695 	 4 	 0 
51.10 	 0.0000 	 0.6701 	 4 	 0 
51.20 	 0.0000 	 0.6696 	 4 	 0 
51.30 	 0.0000 	 0.6696 	 4 	 0 
51.40 	 3.3333 	 0.6697 	 4 	 0 
51.50 	 0.0000 	 0.6698 	 4 	 0 
51.60 	 0.0000 	 0.6701 	 4 	 0 
51.70 	 0.0000 	 0.6696 	 4 	 0 
51.80 	 0.0000 	 0.6708 	 4 	 0 
51.90 	 3.3333 	 0.6702 	 5 	 0 
52.00 	 0.0000 	 0.6698 	 5 	 0 
52.10 	 0.0000 	 0.6699 	 5 	 0 
52.20 	 0.0000 	 0.6692 	 5 	 0 
52.30 	 0.0000 	 0.6698 	 5 	 0 
52.40 	 3.3333 	 0.6698 	 5 	 0 
52.50 	 0.0000 	 0.6700 	 5 	 0 
52.60 	 0.0000 	 0.6707 	 5 	 0 
52.70 	 0.0000 	 0.6699 	 5 	 0 
52.80 	 0.0000 	 0.6704 	 5 	 0 
52.90 	 3.3333 	 0.6703 	 5 	 0 
53.00 	 0.0000 	 0.6699 	 5 	 0 
53.10 	 0.0000 	 0.6700 	 5 	 0 
53.20 	 0.0000 	 0.6695 	 5 	 0 
53.30 	 0.0000 	 0.6699 	 5 	 0 
53.40 	 3.3333 	 0.6700 	 5 	 0 
53.50 	 0.0000 	 0.6703 	 5 	 0 
53.60 	 0.0000 	 0.6704 	 5 	 0 
53.70 	 0.0000 	 0.6699 	 5 	 0 
53.80 	 0.0000 	 0.6702 	 5 	 0 
53.90 	 3.3333 	 0.6698 	 5 	 0 
54.00 	 0.0000 	 0.6699 	 5 	 0 
54.10 	 0.0000 	 0.6698 	 5 	 0 
54.20 	 0.0000 	 0.6695 	 5 	 0 
54.30 	 0.0000 	 0.6702 	 5 	 0 
54.40 	 3.3333 	 0.6692 	 5 	 0 
54.50 	 0.0000 	 0.6695 	 5 	 0 
54.60 	 0.0000 	 0.6699 	 5 	 0 
54.70 	 0.0000 	 0.6700 	 5 	 0 
54.80 	 0.0000 	 0.6702 	 5 	 0 
54.90 	 3.3333 	 0.6699 	 5 	 0 
55.00 	 0.0000 	 0.6696 	 5 	 0 
55.10 	 0.0000 	 0.6700 	 5 	 0 
55.20 	 0.0000 	 0.6697 	 5 	 0 
55.30 	 0.0000 	 0.6704 	 5 	 0 
55.40 	 3.3333 	 0.6703 	 5 	 0 
55.50 	 0.0000 	 0.6703 	 5 	 0 
55.60 	 0.0000 	 0.6701 	 5 	 0 
55.70 	 0.0000 	 0.6696 	 6 	 0 
55.80 	 0.0000 	 0.6701 	 6 	 0 
55.90 	 3.3333 	 0.6704 	 6 	 0 
56.00 	 0.0000 	 0.6700 	 6 	 0 
56.10 	 0.0000 	 0.6701 	 6 	 0 
56.20 	 0.0000 	 0.6693 	 6 	 0 
56.30 	 0.0000 	 0.6698 	 6 	 0 
56.40 	 3.3333 	 0.6692 	 6 	 0 
56.50 	 0.0000 	 0.6698 	 6 	 0 
56.60 	 0.0000 	 0.6705 	 6 	 0 
56.70 	 0.0000 	 0.6700 	 6 	 0 
56.80 	 0.0000 	 0.6702 	 6 	 0 
56.90 	 3.3333 	 0.6693 	 6 	 0 
57.00 	 0.0000 	 0.6699 	 6 	 0 
57.10 	 0.0000 	 0.6701 	 6 	 0 
57.20 	 0.0000 	 0.6702 	 6 	 0 
57.30 	 0.0000 	 0.6703 	 6 	 0 
57.40 	 3.3333 	 0.6697 	 6 	 0 
57.50 	 0.0000 	 0.6701 	 6 	 0 
57.60 	 0.0000 	 0.6705 	 6 	 0 
57.70 	 0.0000 	 0.6699 	 6 	 0 
57.80 	 3.3333 	 0.6704 	 6 	 1 
57.90 	 0.0000 	 0.6704 	 6 	 0 
58.00 	 0.0000 	 0.6703 	 6 	 0 
58.10 	 0.0000 	 0.6699 	 6 	 0 
58.20 	 0.0000 	 0.6696 	 6 	 0 
58.30 	 0.0000 	 0.6703 	 6 	 0 
58.40 	 3.3333 	 0.6704 	 6 	 0 
58.50 	 0.0000 	 0.6701 	 6 	 0 
58.60 	 0.0000 	 0.6707 	 6 	 0 
58.70 	 0.0000 	 0.6701 	 6 	 0 
58.80 	 3.3333 	 0.6703 	 6 	 1 
58.90 	 0.0000 	 0.6701 	 6 	 0 
59.00 	 0.0000 	 0.6705 	 6 	 0 
59.10 	 0.0000 	 0.6702 	 6 	 0 
59.20 	 0.0000 	 0.6692 	 6 	 0 
59.30 	 3.3333 	 0.6698 	 6 	 1 
59.40 	 0.0000 	 0.6694 	 7 	 0 
59.50 	 0.0000 	 0.6701 	 7 	 0 
59.60 	 0.0000 	 0.6698 	 7 	 0 
59.70 	 0.0000 	 0.6695 	 7 	 0 
59.80 	 3.3333 	 0.6701 	 7 	 1 
59.90 	 0.0000 	 0.6699 	 7 	 0 
60.00 	 0.0000 	 0.6699 	 7 	 0 
60.10 	 0.0000 	 0.6694 	 7 	 0 
60.20 	 0.0000 	 0.6695 	 7 	 0 
60.30 	 3.3333 	 0.6698 	 7 	 1 
60.40 	 0.0000 	 0.6695 	 7 	 0 
60.50 	 0.0000 	 0.6696 	 7 	 0 
60.60 	 0.0000 	 0.6699 	 7 	 0 
60.70 	 0.0000 	 0.6700 	 7 	 0 
60.80 	 3.3333 	 0.6703 	 7 	 1 
60.90 	 0.0000 	 0.6700 	 7 	 0 
61.00 	 0.0000 	 0.6700 	 7 	 0 
61.10 	 0.0000 	 0.6699 	 7 	 0 
61.20 	 0.0000 	 0.6695 	 7 	 0 
61.30 	 3.3333 	 0.6696 	 7 	 1 
61.40 	 0.0000 	 0.6694 	 7 	 0 
61.50 	 0.0000 	 0.6698 	 7 	 0 
61.60 	 0.0000 	 0.6700 	 7 	 0 
61.70 	 0.0000 	 0.6699 	 7 	 0 
61.80 	 3.3333 	 0.6704 	 7 	 1 
61.90 	 0.0000 	 0.6697 	 7 	 0 
62.00 	 0.0000 	 0.6700 	 7 	 0 
62.10 	 0.0000 	 0.6697 	 7 	 0 
62.20 	 0.0000 	 0.6696 	 7 	 0 
62.30 	 3.3333 	 0.6701 	 7 	 1 
62.40 	 0.0000 	 0.6694 	 7 	 0 
62.50 	 0.0000 	 0.6696 	 7 	 0 
62.60 	 0.0000 	 0.6698 	 7 	 0 
62.70 	 0.0000 	 0.6702 	 7 	 0 
62.80 	 3.3333 	 0.6701 	 7 	 1 
62.90 	 0.0000 	 0.6695 	 7 	 0 
63.00 	 0.0000 	 0.6697 	 7 	 0 
63.10 	 0.0000 	 0.6695 	 7 	 0 
63.20 	 0.0000 	 0.6702 	 8 	 0 
63.30 	 3.3333 	 0.6700 	 8 	 1 
63.40 	 0.0000 	 0.6693 	 8 	 0 
63.50 	 0.0000 	 0.6704 	 8 	 0 
63.60 	 0.0000 	 0.6696 	 8 	 0 
63.70 	 0.0000 	 0.6697 	 8 	 0 
63.80 	 3.3333 	 0.6699 	 8 	 1 
63.90 	 0.0000 	 0.6699 	 8 	 0 
64.00 	 0.0000 	 0.6706 	 8 	 0 
64.10 	 0.0000 	 0.6706 	 8 	 0 
64.20 	 0.0000 	 0.6696 	 8 	 0 
64.30 	 3.3333 	 0.6705 	 8 	 1 
64.40 	 0.0000 	 0.6698 	 8 	 0 
64.50 	 0.0000 	 0.6701 	 8 	 0 
64.60 	 0.0000 	 0.6701 	 8 	 0 
64.70 	 0.0000 	 0.6698 	 8 	 0 
64.80 	 3.3333 	 0.6696 	 8 	 1 
64.90 	 0.0000 	 0.6694 	 8 	 0 
65.00 	 0.0000 	 0.6705 	 8 	 0 
65.10 	 0.0000 	 0.6701 	 8 	 0 
65.20 	 0.0000 	 0.6701 	 8 	 0 
65.30 	 3.3333 	 0.6701 	 8 	 0 
65.40 	 0.0000 	 0.6694 	 8 	 0 
65.50 	 0.0000 	 0.6699 	 8 	 0 
65.60 	 0.0000 	 0.6702 	 8 	 0 
65.70 	 0.0000 	 0.6703 	 8 	 0 
65.80 	 3.3333 	 0.6699 	 8 	 0 
65.90 	 0.0000 	 0.6688 	 8 	 0 
66.00 	 0.0000 	 0.6705 	 8 	 0 
66.10 	 0.0000 	 0.6699 	 8 	 0 
66.20 	 0.0000 	 0.6700 	 8 	 0 
66.30 	 3.3333 	 0.6704 	 8 	 0 
66.40 	 0.0000 	 0.6694 	 8 	 0 
66.50 	 0.0000 	 0.6704 	 8 	 0 
66.60 	 0.0000 	 0.6702 	 8 	 0 
66.70 	 0.0000 	 0.6701 	 8 	 0 
66.80 	 3.3333 	 0.6702 	 8 	 0 
66.90 	 0.0000 	 0.6691 	 9 	 0 
67.00 	 0.0000 	 0.6700 	 9 	 0 
67.10 	 0.0000 	 0.6697 	 9 	 0 
67.20 	 0.0000 	 0.6696 	 9 	 0 
67.30 	 3.3333 	 0.6699 	 9 	 0 
67.40 	 0.0000 	 0.6695 	 9 	 0 
67.50 	 0.0000 	 0.6707 	 9 	 0 
67.60 	 0.0000 	 0.6700 	 9 	 0 
67.70 	 0.0000 	 0.6700 	 9 	 0 
67.80 	 3.3333 	 0.6701 	 9 	 0 
67.90 	 0.0000 	 0.6696 	 9 	 0 
68.00 	 0.0000 	 0.6701 	 9 	 0 
68.10 	 0.0000 	 0.6699 	 9 	 0 
68.20 	 0.0000 	 0.6699 	 9 	 0 
68.30 	 3.3333 	 0.6701 	 9 	 0 
68.40 	 0.0000 	 0.6690 	 9 	 0 
68.50 	 0.0000 	 0.6706 	 9 	 0 
68.60 	 0.0000 	 0.6702 	 9 	 0 
68.70 	 0.0000 	 0.6701 	 9 	 0 
68.80 	 3.3333 	 0.6701 	 9 	 0 
68.90 	 0.0000 	 0.6694 	 9 	 0 
69.00 	 0.0000 	 0.6698 	 9 	 0 
69.10 	 0.0000 	 0.6698 	 9 	 0 
69.20 	 0.0000 	 0.6699 	 9 	 0 
69.30 	 3.3333 	 0.6700 	 9 	 0 
69.40 	 0.0000 	 0.6694 	 9 	 0 
69.50 	 0.0000 	 0.6703 	 9 	 0 
69.60 	 0.0000 	 0.6700 	 9 	 0 
69.70 	 0.0000 	 0.6704 	 9 	 0 
69.80 	 3.3333 	 0.6707 	 9 	 0 
69.90 	 0.0000 	 0.6701 	 9 	 0 
70.00 	 0.0000 	 0.6702 	 9 	 0 
70.10 	 0.0000 	 0.6693 	 9 	 0 
70.20 	 0.0000 	 0.6697 	 9 	 0 
70.30 	 3.3333 	 0.6699 	 9 	 0 
70.40 	 0.0000 	 0.6698 	 9 	 0 
70.50 	 0.0000 	 0.6704 	 9 	 0 
70.60 	 0.0000 	 0.6702 	 10 	 0 
70.70 	 0.0000 	 0.6702 	 10 	 0 
70.80 	 3.3333 	 0.6700 	 10 	 0 
70.90 	 0.0000 	 0.6697 	 10 	 0 
71.00 	 0.0000 	 0.6703 	 10 	 0 
71.10 	 0.0000 	 0.6697 	 10 	 0 
71.20 	 0.0000 	 0.6695 	 10 	 0 
71.30 	 3.3333 	 0.6696 	 10 	 0 
71.40 	 0.0000 	 0.6701 	 10 	 0 
71.50 	 0.0000 	 0.6703 	 10 	 0 
71.60 	 0.0000 	 0.6698 	 10 	 0 
71.70 	 0.0000 	 0.6702 	 10 	 0 
71.80 	 3.3333 	 0.6701 	 10 	 0 
71.90 	 0.0000 	 0.6694 	 10 	 0 
72.00 	 0.0000 	 0.6699 	 10 	 0 
72.10 	 0.0000 	 0.6700 	 10 	 0 
72.20 	 0.0000 	 0.6706 	 10 	 0 
72.30 	 3.3333 	 0.6703 	 10 	 0 
72.40 	 0.0000 	 0.6696 	 10 	 0 
72.50 	 0.0000 	 0.6704 	 10 	 0 
72.60 	 0.0000 	 0.6701 	 10 	 0 
72.70 	 0.0000 	 0.6700 	 10 	 0 
72.80 	 3.3333 	 0.6703 	 10 	 0 
72.90 	 0.0000 	 0.6695 	 10 	 0 
73.00 	 0.0000 	 0.6700 	 10 	 0 
73.10 	 0.0000 	 0.6695 	 10 	 0 
73.20 	 0.0000 	 0.6700 	 10 	 0 
73.30 	 3.3333 	 0.6700 	 10 	 0 
73.40 	 0.0000 	 0.6695 	 10 	 0 
73.50 	 0.0000 	 0.6700 	 10 	 0 
73.60 	 0.0000 	 0.6697 	 10 	 0 
73.70 	 0.0000 	 0.6698 	 10 	 0 
73.80 	 3.3333 	 0.6697 	 10 	 0 
73.90 	 0.0000 	 0.6696 	 10 	 0 
74.00 	 0.0000 	 0.6700 	 10 	 0 
74.10 	 0.0000 	 0.6696 	 10 	 0 
74.20 	 0.0000 	 0.6696 	 10 	 0 
74.30 	 3.3333 	 0.6693 	 11 	 0 
74.40 	 0.0000 	 0.6698 	 11 	 0 
74.50 	 0.0000 	 0.6697 	 11 	 0 
74.60 	 0.0000 	 0.6696 	 11 	 0 
74.70 	 0.0000 	 0.6697 	 11 	 0 
74.80 	 3.3333 	 0.6695 	 11 	 0 
74.90 	 0.0000 	 0.6694 	 11 	 0 
75.00 	 0.0000 	 0.6700 	 11 	 0 
75.10 	 0.0000 	 0.6694 	 11 	 0 
75.20 	 0.0000 	 0.6699 	 11 	 0 
75.30 	 3.3333 	 0.6700 	 11 	 0 
75.40 	 0.0000 	 0.6696 	 11 	 0 
75.50 	 0.0000 	 0.6703 	 11 	 0 
75.60 	 0.0000 	 0.6697 	 11 	 0 
75.70 	 0.0000 	 0.6702 	 11 	 0 
75.80 	 3.3333 	 0.6702 	 11 	 0 
75.90 	 0.0000 	 0.6699 	 11 	 0 
76.00 	 0.0000 	 0.6699 	 11 	 0 
76.10 	 0.0000 	 0.6696 	 11 	 0 
76.20 	 0.0000 	 0.6701 	 11 	 0 
76.30 	 3.3333 	 0.6703 	 11 	 0 
76.40 	 0.0000 	 0.6700 	 11 	 0 
76.50 	 0.0000 	 0.6701 	 11 	 0 
76.60 	 0.0000 	 0.6697 	 11 	 0 
76.70 	 0.0000 	 0.6701 	 11 	 0 
76.80 	 3.3333 	 0.6701 	 11 	 0 
76.90 	 0.0000 	 0.6697 	 11 	 0 
77.00 	 0.0000 	 0.6706 	 11 	 0 
77.10 	 0.0000 	 0.6702 	 11 	 0 
77.20 	 0.0000 	 0.6700 	 11 	 0 
77.30 	 3.3333 	 0.6698 	 11 	 0 
77.40 	 0.0000 	 0.6697 	 11 	 0 
77.50 	 0.0000 	 0.6703 	 11 	 0 
77.60 	 0.0000 	 0.6703 	 11 	 0 
77.70 	 0.0000 	 0.6702 	 11 	 0 
77.80 	 3.3333 	 0.6698 	 11 	 0 
77.90 	 0.0000 	 0.6698 	 11 	 0 
78.00 	 0.0000 	 0.6701 	 12 	 0 
78.10 	 0.0000 	 0.6705 	 12 	 0 
78.20 	 0.0000 	 0.6699 	 12 	 0 
78.30 	 3.3333 	 0.6702 	 12 	 0 
78.40 	 0.0000 	 0.6697 	 12 	 0 
78.50 	 0.0000 	 0.6697 	 12 	 0 
78.60 	 0.0000 	 0.6696 	 12 	 0 
78.70 	 0.0000 	 0.6703 	 12 	 0 
78.80 	 3.3333 	 0.6702 	 12 	 0 
78.90 	 0.0000 	 0.6700 	 12 	 0 
79.00 	 0.0000 	 0.6699 	 12 	 0 
79.10 	 0.0000 	 0.6691 	 12 	 0 
79.20 	 0.0000 	 0.6698 	 12 	 0 
79.30 	 3.3333 	 0.6698 	 12 	 0 
79.40 	 0.0000 	 0.6700 	 12 	 0 
79.50 	 0.0000 	 0.6704 	 12 	 0 
79.60 	 0.0000 	 0.6692 	 12 	 0 
79.70 	 0.0000 	 0.6696 	 12 	 0 
79.80 	 3.3333 	 0.6696 	 12 	 0 
79.90 	 0.0000 	 0.6698 	 12 	 0 
80.00 	 0.0000 	 0.6700 	 12 	 0 
80.10 	 0.0000 	 0.6697 	 12 	 0 
80.20 	 0.0000 	 0.6700 	 12 	 0 
80.30 	 3.3333 	 0.6693 	 12 	 0 
80.40 	 0.0000 	 0.6696 	 12 	 0 
80.50 	 0.0000 	 0.6701 	 12 	 0 
80.60 	 0.0000 	 0.6704 	 12 	 0 
80.70 	 0.0000 	 0.6704 	 12 	 0 
80.80 	 3.3333 	 0.6698 	 12 	 0 
80.90 	 0.0000 	 0.6697 	 12 	 0 
81.00 	 0.0000 	 0.6701 	 12 	 0 
81.10 	 0.0000 	 0.6700 	 12 	 0 
81.20 	 0.0000 	 0.6702 	 12 	 0 
81.30 	 3.3333 	 0.6701 	 12 	 0 
81.40 	 0.0000 	 0.6699 	 12 	 0 
81.50 	 0.0000 	 0.6697 	 12 	 0 
81.60 	 0.0000 	 0.6694 	 12 	 0 
81.70 	 0.0000 	 0.6706 	 13 	 0 
81.80 	 3.3333 	 0.6704 	 13 	 0 
81.90 	 0.0000 	 0.6697 	 13 	 0 
82.00 	 0.0000 	 0.6700 	 13 	 0 
82.10 	 0.0000 	 0.6694 	 13 	 0 
82.20 	 0.0000 	 0.6696 	 13 	 0 
82.30 	 3.3333 	 0.6699 	 13 	 0 
82.40 	 0.0000 	 0.6699 	 13 	 0 
82.50 	 0.0000 	 0.6701 	 13 	 0 
82.60 	 0.0000 	 0.6696 	 13 	 0 
82.70 	 0.0000 	 0.6698 	 13 	 0 
82.80 	 3.3333 	 0.6697 	 13 	 0 
82.90 	 0.0000 	 0.6704 	 13 	 0 
83.00 	 0.0000 	 0.6701 	 13 	 0 
83.10 	 0.0000 	 0.6696 	 13 	 0 
83.20 	 0.0000 	 0.6700 	 13 	 0 
83.30 	 3.3333 	 0.6693 	 13 	 0 
83.40 	 0.0000 	 0.6704 	 13 	 0 
83.50 	 0.0000 	 0.6701 	 13 	 0 
83.60 	 0.0000 	 0.6700 	 13 	 0 
83.70 	 0.0000 	 0.6705 	 13 	 0 
83.80 	 3.3333 	 0.6703 	 13 	 0 
83.90 	 0.0000 	 0.6702 	 13 	 0 
84.00 	 0.0000 	 0.6704 	 13 	 0 
84.10 	 0.0000 	 0.6699 	 13 	 0 
84.20 	 0.0000 	 0.6699 	 13 	 0 
84.30 	 3.3333 	 0.6695 	 13 	 0 
84.40 	 0.0000 	 0.6697 	 13 	 0 
84.50 	 0.0000 	 0.6700 	 13 	 0 
84.60 	 0.0000 	 0.6696 	 13 	 0 
84.70 	 0.0000 	 0.6702 	 13 	 0 
84.80 	 3.3333 	 0.6700 	 13 	 0 
84.90 	 0.0000 	 0.6702 	 13 	 0 
85.00 	 0.0000 	 0.6701 	 13 	 0 
85.10 	 0.0000 	 0.6694 	 13 	 0 
85.20 	 0.0000 	 0.6695 	 13 	 0 
85.30 	 3.3333 	 0.6691 	 13 	 0 
85.40 	 0.0000 	 0.6696 	 14 	 0 
85.50 	 0.0000 	 0.6696 	 14 	 0 
85.60 	 0.0000 	 0.6695 	 14 	 0 
85.70 	 3.3333 	 0.6696 	 14 	 1 
85.80 	 0.0000 	 0.6698 	 14 	 0 
85.90 	 0.0000 	 0.6703 	 14 	 0 
86.00 	 0.0000 	 0.6700 	 14 	 0 
86.10 	 0.0000 	 0.6695 	 14 	 0 
86.20 	 0.0000 	 0.6696 	 14 	 0 
86.30 	 3.3333 	 0.6690 	 14 	 0 
86.40 	 0.0000 	 0.6692 	 14 	 0 
86.50 	 0.0000 	 0.6695 	 14 	 0 
86.60 	 0.0000 	 0.6701 	 14 	 0 
86.70 	 0.0000 	 0.6708 	 14 	 0 
86.80 	 3.3333 	 0.6702 	 14 	 0 
86.90 	 0.0000 	 0.6702 	 14 	 0 
87.00 	 0.0000 	 0.6704 	 14 	 0 
87.10 	 0.0000 	 0.6704 	 14 	 0 
87.20 	 3.3333 	 0.6702 	 14 	 1 
87.30 	 0.0000 	 0.6697 	 14 	 0 
87.40 	 0.0000 	 0.6698 	 14 	 0 
87.50 	 0.0000 	 0.6699 	 14 	 0 
87.60 	 0.0000 	 0.6702 	 14 	 0 
87.70 	 3.3333 	 0.6703 	 14 	 1 
87.80 	 0.0000 	 0.6700 	 14 	 0 
87.90 	 0.0000 	 0.6704 	 14 	 0 
88.00 	 0.0000 	 0.6701 	 14 	 0 
88.10 	 0.0000 	 0.6695 	 14 	 0 
88.20 	 0.0000 	 0.6696 	 14 	 0 
88.30 	 3.3333 	 0.6695 	 14 	 0 
88.40 	 0.0000 	 0.6701 	 14 	 0 
88.50 	 0.0000 	 0.6696 	 14 	 0 
88.60 	 0.0000 	 0.6700 	 14 	 0 
88.70 	 3.3333 	 0.6700 	 14 	 1 
88.80 	 0.0000 	 0.6697 	 14 	 0 
88.90 	 0.0000 	 0.6706 	 14 	 0 
89.00 	 0.0000 	 0.6700 	 14 	 0 
89.10 	 0.0000 	 0.6697 	 15 	 0 
89.20 	 3.3333 	 0.6697 	 15 	 1 
89.30 	 0.0000 	 0.6696 	 15 	 0 
89.40 	 0.0000 	 0.6701 	 15 	 0 
89.50 	 0.0000 	 0.6706 	 15 	 0 
89.60 	 0.0000 	 0.6705 	 15 	 0 
89.70 	 3.3333 	 0.6701 	 15 	 1 
89.80 	 0.0000 	 0.6695 	 15 	 0 
89.90 	 0.0000 	 0.6696 	 15 	 0 
90.00 	 0.0000 	 0.6692 	 15 	 0 
90.10 	 0.0000 	 0.6698 	 15 	 0 
90.20 	 3.3333 	 0.6696 	 15 	 1 
90.30 	 0.0000 	 0.6692 	 15 	 0 
90.40 	 0.0000 	 0.6700 	 15 	 0 
90.50 	 0.0000 	 0.6701 	 15 	 0 
90.60 	 0.0000 	 0.6705 	 15 	 0 
90.70 	 3.3333 	 0.6706 	 15 	 1 
90.80 	 0.0000 	 0.6696 	 15 	 0 
90.90 	 0.0000 	 0.6699 	 15 	 0 
91.00 	 0.0000 	 0.6697 	 15 	 0 
91.10 	 0.0000 	 0.6693 	 15 	 0 
91.20 	 3.3333 	 0.6696 	 15 	 1 
91.30 	 0.0000 	 0.6690 	 15 	 0 
91.40 	 0.0000 	 0.6700 	 15 	 0 
91.50 	 0.0000 	 0.6702 	 15 	 0 
91.60 	 0.0000 	 0.6701 	 15 	 0 
91.70 	 3.3333 	 0.6696 	 15 	 1 
91.80 	 0.0000 	 0.6692 	 15 	 0 
91.90 	 0.0000 	 0.6698 	 15 	 0 
92.00 	 0.0000 	 0.6693 	 15 	 0 
92.10 	 0.0000 	 0.6693 	 15 	 0 
92.20 	 3.3333 	 0.6700 	 15 	 0 
92.30 	 0.0000 	 0.6696 	 15 	 0 
92.40 	 0.0000 	 0.6704 	 15 	 0 
92.50 	 0.0000 	 0.6698 	 15 	 0 
92.60 	 0.0000 	 0.6703 	 15 	 0 
92.70 	 3.3333 	 0.6704 	 15 	 0 
92.80 	 0.0000 	 0.6702 	 16 	 0 
92.90 	 0.0000 	 0.6705 	 16 	 0 
93.00 	 0.0000 	 0.6701 	 16 	 0 
93.10 	 0.0000 	 0.6701 	 16 	 0 
93.20 	 3.3333 	 0.6703 	 16 	 0 
93.30 	 0.0000 	 0.6696 	 16 	 0 
93.40 	 0.0000 	 0.6702 	 16 	 0 
93.50 	 0.0000 	 0.6703 	 16 	 0 
93.60 	 0.0000 	 0.6703 	 16 	 0 
93.70 	 3.3333 	 0.6705 	 16 	 0 
93.80 	 0.0000 	 0.6694 	 16 	 0 
93.90 	 0.0000 	 0.6698 	 16 	 0 
94.00 	 0.0000 	 0.6699 	 16 	 0 
94.10 	 0.0000 	 0.6695 	 16 	 0 
94.20 	 3.3333 	 0.6696 	 16 	 0 
94.30 	 0.0000 	 0.6694 	 16 	 0 
94.40 	 0.0000 	 0.6698 	 16 	 0 
94.50 	 0.0000 	 0.6697 	 16 	 0 
94.60 	 0.0000 	 0.6703 	 16 	 0 
94.70 	 3.3333 	 0.6701 	 16 	 0 
94.80 	 0.0000 	 0.6692 	 16 	 0 
94.90 	 0.0000 	 0.6701 	 16 	 0 
95.00 	 0.0000 	 0.6692 	 16 	 0 
95.10 	 0.0000 	 0.6696 	 16 	 0 
95.20 	 3.3333 	 0.6697 	 16 	 0 
95.30 	 0.0000 	 0.6694 	 16 	 0 
95.40 	 0.0000 	 0.6704 	 16 	 0 
95.50 	 0.0000 	 0.6696 	 16 	 0 
95.60 	 0.0000 	 0.6702 	 16 	 0 
95.70 	 3.3333 	 0.6701 	 16 	 0 
95.80 	 0.0000 	 0.6695 	 16 	 0 
95.90 	 0.0000 	 0.6702 	 16 	 0 
96.00 	 0.0000 	 0.6698 	 16 	 0 
96.10 	 0.0000 	 0.6697 	 16 	 0 
96.20 	 3.3333 	 0.6703 	 16 	 0 
96.30 	 0.0000 	 0.6695 	 16 	 0 
96.40 	 0.0000 	 0.6701 	 16 	 0 
96.50 	 0.0000 	 0.6701 	 17 	 0 
96.60 	 0.0000 	 0.6704 	 17 	 0 
96.70 	 3.3333 	 0.6703 	 17 	 0 
96.80 	 0.0000 	 0.6693 	 17 	 0 
96.90 	 0.0000 	 0.6700 	 17 	 0 
97.00 	 0.0000 	 0.6696 	 17 	 0 
97.10 	 0.0000 	 0.6699 	 17 	 0 
97.20 	 3.3333 	 0.6697 	 17 	 0 
97.30 	 0.0000 	 0.6692 	 17 	 0 
97.40 	 0.0000 	 0.6703 	 17 	 0 
97.50 	 0.0000 	 0.6696 	 17 	 0 
97.60 	 0.0000 	 0.6697 	 17 	 0 
97.70 	 3.3333 	 0.6701 	 17 	 0 
97.80 	 0.0000 	 0.6697 	 17 	 0 
97.90 	 0.0000 	 0.6697 	 17 	 0 
98.00 	 0.0000 	 0.6690 	 17 	 0 
98.10 	 0.0000 	 0.6694 	 17 	 0 
98.20 	 3.3333 	 0.6697 	 17 	 0 
98.30 	 0.0000 	 0.6697 	 17 	 0 
98.40 	 0.0000 	 0.6704 	 17 	 0 
98.50 	 0.0000 	 0.6701 	 17 	 0 
98.60 	 0.0000 	 0.6704 	 17 	 0 
98.70 	 3.3333 	 0.6702 	 17 	 0 
98.80 	 0.0000 	 0.6699 	 17 	 0 
98.90 	 0.0000 	 0.6705 	 17 	 0 
99.00 	 0.0000 	 0.6704 	 17 	 0 
99.10 	 0.0000 	 0.6704 	 17 	 0 
99.20 	 3.3333 	 0.6697 	 17 	 0 
99.30 	 0.0000 	 0.6693 	 17 	 0 
99.40 	 0.0000 	 0.6704 	 17 	 0 
99.50 	 0.0000 	 0.6702 	 17 	 0 
99.60 	 0.0000 	 0.6703 	 17 	 0 
99.70 	 3.3333 	 0.6703 	 17 	 0 
99.80 	 0.0000 	 0.6696 	 17 	 0 
99.90 	 0.0000 	 0.6696 	 17 	 0 
100.00 	 0.0000 	 0.6690 	 17 	 0 
