# Optimal flow and avg speed dependent on time 
 # Aggressives: 0 
 # Velocity factor: 0.5 
0.10 	 0.0000 	 0.6523 	 14 	 13 
0.20 	 0.0000 	 0.6552 	 14 	 8 
0.30 	 0.0000 	 0.6549 	 14 	 9 
0.40 	 0.0000 	 0.6560 	 14 	 6 
0.50 	 3.3333 	 0.6580 	 14 	 6 
0.60 	 3.3333 	 0.6568 	 14 	 6 
0.70 	 0.0000 	 0.6583 	 14 	 13 
0.80 	 0.0000 	 0.6581 	 14 	 7 
0.90 	 0.0000 	 0.6578 	 14 	 7 
1.00 	 0.0000 	 0.6577 	 14 	 7 
1.10 	 0.0000 	 0.6564 	 14 	 7 
1.20 	 0.0000 	 0.6558 	 14 	 9 
1.30 	 3.3333 	 0.6558 	 14 	 7 
1.40 	 0.0000 	 0.6575 	 14 	 7 
1.50 	 3.3333 	 0.6611 	 14 	 8 
1.60 	 0.0000 	 0.6626 	 14 	 8 
1.70 	 0.0000 	 0.6644 	 14 	 8 
1.80 	 0.0000 	 0.6675 	 14 	 8 
1.90 	 0.0000 	 0.6684 	 14 	 8 
2.00 	 0.0000 	 0.6715 	 14 	 10 
2.10 	 0.0000 	 0.6737 	 14 	 10 
2.20 	 3.3333 	 0.6758 	 14 	 10 
2.30 	 0.0000 	 0.6782 	 14 	 10 
2.40 	 3.3333 	 0.6800 	 14 	 10 
2.50 	 0.0000 	 0.6828 	 14 	 8 
2.60 	 0.0000 	 0.6845 	 14 	 8 
2.70 	 0.0000 	 0.6857 	 14 	 8 
2.80 	 0.0000 	 0.6862 	 14 	 7 
2.90 	 0.0000 	 0.6873 	 14 	 7 
3.00 	 0.0000 	 0.6901 	 14 	 7 
3.10 	 3.3333 	 0.6912 	 14 	 9 
3.20 	 3.3333 	 0.6911 	 14 	 10 
3.30 	 0.0000 	 0.6907 	 14 	 10 
3.40 	 0.0000 	 0.6905 	 14 	 8 
3.50 	 0.0000 	 0.6946 	 14 	 8 
3.60 	 0.0000 	 0.6966 	 14 	 8 
3.70 	 0.0000 	 0.6981 	 14 	 8 
3.80 	 0.0000 	 0.6996 	 14 	 11 
3.90 	 0.0000 	 0.7022 	 15 	 11 
4.00 	 6.6667 	 0.7037 	 15 	 11 
4.10 	 0.0000 	 0.7077 	 15 	 8 
4.20 	 0.0000 	 0.7097 	 15 	 8 
4.30 	 0.0000 	 0.7129 	 15 	 11 
4.40 	 0.0000 	 0.7136 	 15 	 9 
4.50 	 0.0000 	 0.7153 	 15 	 9 
4.60 	 0.0000 	 0.7168 	 15 	 9 
4.70 	 0.0000 	 0.7174 	 15 	 9 
4.80 	 0.0000 	 0.7177 	 15 	 10 
4.90 	 3.3333 	 0.7198 	 15 	 10 
5.00 	 3.3333 	 0.7200 	 15 	 10 
5.10 	 0.0000 	 0.7212 	 15 	 10 
5.20 	 0.0000 	 0.7187 	 15 	 8 
5.30 	 0.0000 	 0.7188 	 15 	 8 
5.40 	 0.0000 	 0.7188 	 15 	 8 
5.50 	 0.0000 	 0.7205 	 15 	 7 
5.60 	 0.0000 	 0.7238 	 15 	 7 
5.70 	 0.0000 	 0.7268 	 15 	 7 
5.80 	 3.3333 	 0.7311 	 15 	 8 
5.90 	 0.0000 	 0.7342 	 15 	 7 
6.00 	 0.0000 	 0.7383 	 15 	 9 
6.10 	 0.0000 	 0.7421 	 15 	 9 
6.20 	 3.3333 	 0.7479 	 15 	 9 
6.30 	 0.0000 	 0.7525 	 15 	 6 
6.40 	 0.0000 	 0.7568 	 16 	 6 
6.50 	 0.0000 	 0.7612 	 16 	 6 
6.60 	 0.0000 	 0.7662 	 16 	 6 
6.70 	 3.3333 	 0.7708 	 16 	 11 
6.80 	 0.0000 	 0.7758 	 16 	 8 
6.90 	 0.0000 	 0.7805 	 16 	 7 
7.00 	 0.0000 	 0.7837 	 16 	 7 
7.10 	 0.0000 	 0.7886 	 16 	 6 
7.20 	 0.0000 	 0.7920 	 16 	 7 
7.30 	 3.3333 	 0.7966 	 16 	 6 
7.40 	 0.0000 	 0.8013 	 16 	 9 
7.50 	 0.0000 	 0.8071 	 16 	 9 
7.60 	 3.3333 	 0.8124 	 16 	 6 
7.70 	 0.0000 	 0.8181 	 16 	 6 
7.80 	 0.0000 	 0.8233 	 16 	 6 
7.90 	 0.0000 	 0.8284 	 16 	 6 
8.00 	 0.0000 	 0.8326 	 16 	 6 
8.10 	 0.0000 	 0.8373 	 16 	 6 
8.20 	 0.0000 	 0.8425 	 16 	 6 
8.30 	 3.3333 	 0.8478 	 16 	 6 
8.40 	 0.0000 	 0.8529 	 16 	 7 
8.50 	 3.3333 	 0.8580 	 16 	 7 
8.60 	 0.0000 	 0.8624 	 16 	 6 
8.70 	 0.0000 	 0.8670 	 16 	 6 
8.80 	 0.0000 	 0.8703 	 16 	 6 
8.90 	 0.0000 	 0.8739 	 17 	 6 
9.00 	 0.0000 	 0.8776 	 17 	 6 
9.10 	 0.0000 	 0.8809 	 17 	 6 
9.20 	 0.0000 	 0.8842 	 17 	 8 
9.30 	 3.3333 	 0.8863 	 17 	 12 
9.40 	 3.3333 	 0.8902 	 17 	 6 
9.50 	 0.0000 	 0.8912 	 17 	 6 
9.60 	 0.0000 	 0.8940 	 17 	 6 
9.70 	 0.0000 	 0.8961 	 17 	 6 
9.80 	 0.0000 	 0.8997 	 17 	 6 
9.90 	 3.3333 	 0.9022 	 17 	 5 
10.00 	 0.0000 	 0.9060 	 17 	 9 
10.10 	 0.0000 	 0.9073 	 17 	 10 
10.20 	 0.0000 	 0.9109 	 17 	 7 
10.30 	 3.3333 	 0.9131 	 17 	 7 
10.40 	 0.0000 	 0.9160 	 17 	 7 
10.50 	 0.0000 	 0.9191 	 17 	 7 
10.60 	 0.0000 	 0.9224 	 17 	 6 
10.70 	 0.0000 	 0.9251 	 17 	 6 
10.80 	 3.3333 	 0.9285 	 17 	 8 
10.90 	 0.0000 	 0.9317 	 17 	 8 
11.00 	 0.0000 	 0.9347 	 17 	 8 
11.10 	 0.0000 	 0.9373 	 17 	 7 
11.20 	 3.3333 	 0.9402 	 17 	 7 
11.30 	 0.0000 	 0.9429 	 17 	 7 
11.40 	 0.0000 	 0.9454 	 18 	 7 
11.50 	 0.0000 	 0.9481 	 18 	 9 
11.60 	 0.0000 	 0.9488 	 18 	 17 
11.70 	 0.0000 	 0.9509 	 18 	 6 
11.80 	 0.0000 	 0.9520 	 18 	 13 
11.90 	 3.3333 	 0.9539 	 18 	 6 
12.00 	 0.0000 	 0.9555 	 18 	 7 
12.10 	 3.3333 	 0.9569 	 18 	 7 
12.20 	 0.0000 	 0.9578 	 18 	 7 
12.30 	 0.0000 	 0.9597 	 18 	 8 
12.40 	 0.0000 	 0.9614 	 18 	 7 
12.50 	 0.0000 	 0.9627 	 18 	 7 
12.60 	 0.0000 	 0.9627 	 18 	 9 
12.70 	 0.0000 	 0.9634 	 18 	 9 
12.80 	 0.0000 	 0.9632 	 18 	 9 
12.90 	 0.0000 	 0.9629 	 18 	 7 
13.00 	 6.6667 	 0.9611 	 18 	 8 
13.10 	 0.0000 	 0.9588 	 18 	 8 
13.20 	 0.0000 	 0.9570 	 18 	 8 
13.30 	 0.0000 	 0.9564 	 18 	 8 
13.40 	 0.0000 	 0.9550 	 18 	 11 
13.50 	 0.0000 	 0.9532 	 18 	 7 
13.60 	 0.0000 	 0.9514 	 18 	 7 
13.70 	 0.0000 	 0.9510 	 18 	 8 
13.80 	 0.0000 	 0.9484 	 18 	 8 
13.90 	 3.3333 	 0.9439 	 19 	 8 
14.00 	 0.0000 	 0.9402 	 19 	 8 
14.10 	 0.0000 	 0.9385 	 19 	 18 
14.20 	 3.3333 	 0.9370 	 19 	 18 
14.30 	 0.0000 	 0.9346 	 19 	 14 
14.40 	 0.0000 	 0.9324 	 19 	 10 
14.50 	 0.0000 	 0.9316 	 19 	 8 
14.60 	 0.0000 	 0.9309 	 19 	 8 
14.70 	 0.0000 	 0.9303 	 19 	 8 
14.80 	 0.0000 	 0.9305 	 19 	 9 
14.90 	 3.3333 	 0.9321 	 19 	 9 
15.00 	 0.0000 	 0.9323 	 19 	 11 
15.10 	 0.0000 	 0.9332 	 19 	 7 
15.20 	 0.0000 	 0.9340 	 19 	 15 
15.30 	 0.0000 	 0.9349 	 19 	 10 
15.40 	 3.3333 	 0.9349 	 19 	 10 
15.50 	 0.0000 	 0.9346 	 19 	 13 
15.60 	 0.0000 	 0.9351 	 19 	 14 
15.70 	 0.0000 	 0.9369 	 19 	 14 
15.80 	 3.3333 	 0.9384 	 19 	 12 
15.90 	 0.0000 	 0.9395 	 19 	 10 
16.00 	 0.0000 	 0.9406 	 19 	 10 
16.10 	 0.0000 	 0.9420 	 19 	 8 
16.20 	 0.0000 	 0.9428 	 19 	 11 
16.30 	 3.3333 	 0.9433 	 19 	 9 
16.40 	 0.0000 	 0.9433 	 0 	 9 
16.50 	 0.0000 	 0.9427 	 0 	 9 
16.60 	 0.0000 	 0.9426 	 0 	 15 
16.70 	 0.0000 	 0.9426 	 0 	 15 
16.80 	 3.3333 	 0.9424 	 0 	 10 
16.90 	 0.0000 	 0.9426 	 0 	 19 
17.00 	 0.0000 	 0.9424 	 0 	 16 
17.10 	 0.0000 	 0.9408 	 0 	 9 
17.20 	 0.0000 	 0.9401 	 0 	 14 
17.30 	 0.0000 	 0.9393 	 0 	 10 
17.40 	 3.3333 	 0.9384 	 0 	 10 
17.50 	 0.0000 	 0.9388 	 0 	 15 
17.60 	 0.0000 	 0.9398 	 0 	 11 
17.70 	 3.3333 	 0.9407 	 0 	 11 
17.80 	 0.0000 	 0.9417 	 0 	 11 
17.90 	 0.0000 	 0.9415 	 0 	 11 
18.00 	 0.0000 	 0.9408 	 0 	 19 
18.10 	 0.0000 	 0.9402 	 0 	 19 
18.20 	 0.0000 	 0.9402 	 0 	 10 
18.30 	 0.0000 	 0.9399 	 0 	 10 
18.40 	 0.0000 	 0.9399 	 0 	 16 
18.50 	 3.3333 	 0.9399 	 0 	 0 
18.60 	 0.0000 	 0.9404 	 0 	 17 
18.70 	 3.3333 	 0.9406 	 0 	 9 
18.80 	 0.0000 	 0.9414 	 0 	 10 
18.90 	 3.3333 	 0.9422 	 1 	 15 
19.00 	 0.0000 	 0.9429 	 1 	 15 
19.10 	 0.0000 	 0.9458 	 1 	 11 
19.20 	 0.0000 	 0.9480 	 1 	 16 
19.30 	 0.0000 	 0.9502 	 1 	 0 
19.40 	 0.0000 	 0.9536 	 1 	 0 
19.50 	 0.0000 	 0.9566 	 1 	 0 
19.60 	 6.6667 	 0.9597 	 1 	 12 
19.70 	 3.3333 	 0.9618 	 1 	 10 
19.80 	 0.0000 	 0.9635 	 1 	 15 
19.90 	 0.0000 	 0.9649 	 1 	 13 
20.00 	 0.0000 	 0.9668 	 1 	 11 
20.10 	 0.0000 	 0.9687 	 1 	 11 
20.20 	 0.0000 	 0.9694 	 1 	 14 
20.30 	 3.3333 	 0.9713 	 1 	 14 
20.40 	 0.0000 	 0.9726 	 1 	 0 
20.50 	 0.0000 	 0.9728 	 1 	 0 
20.60 	 0.0000 	 0.9738 	 1 	 0 
20.70 	 6.6667 	 0.9739 	 1 	 1 
20.80 	 0.0000 	 0.9746 	 1 	 17 
20.90 	 0.0000 	 0.9758 	 1 	 17 
21.00 	 3.3333 	 0.9771 	 1 	 1 
21.10 	 0.0000 	 0.9783 	 1 	 18 
21.20 	 0.0000 	 0.9794 	 1 	 13 
21.30 	 0.0000 	 0.9806 	 1 	 11 
21.40 	 0.0000 	 0.9817 	 2 	 11 
21.50 	 0.0000 	 0.9827 	 2 	 11 
21.60 	 3.3333 	 0.9837 	 2 	 12 
21.70 	 3.3333 	 0.9847 	 2 	 17 
21.80 	 3.3333 	 0.9857 	 2 	 1 
21.90 	 0.0000 	 0.9866 	 2 	 1 
22.00 	 0.0000 	 0.9875 	 2 	 1 
22.10 	 0.0000 	 0.9886 	 2 	 13 
22.20 	 0.0000 	 0.9897 	 2 	 13 
22.30 	 3.3333 	 0.9907 	 2 	 16 
22.40 	 0.0000 	 0.9916 	 2 	 14 
22.50 	 0.0000 	 0.9922 	 2 	 14 
22.60 	 0.0000 	 0.9928 	 2 	 11 
22.70 	 3.3333 	 0.9933 	 2 	 15 
22.80 	 0.0000 	 0.9939 	 2 	 15 
22.90 	 3.3333 	 0.9943 	 2 	 1 
23.00 	 3.3333 	 0.9945 	 2 	 1 
23.10 	 0.0000 	 0.9950 	 2 	 1 
23.20 	 0.0000 	 0.9951 	 2 	 2 
23.30 	 0.0000 	 0.9955 	 2 	 18 
23.40 	 0.0000 	 0.9956 	 2 	 18 
23.50 	 0.0000 	 0.9961 	 2 	 2 
23.60 	 3.3333 	 0.9958 	 2 	 19 
23.70 	 0.0000 	 0.9963 	 2 	 14 
23.80 	 0.0000 	 0.9966 	 2 	 12 
23.90 	 0.0000 	 0.9969 	 3 	 12 
24.00 	 0.0000 	 0.9974 	 3 	 12 
24.10 	 6.6667 	 0.9976 	 3 	 13 
24.20 	 0.0000 	 0.9970 	 3 	 18 
24.30 	 0.0000 	 0.9975 	 3 	 2 
24.40 	 0.0000 	 0.9979 	 3 	 2 
24.50 	 0.0000 	 0.9983 	 3 	 2 
24.60 	 0.0000 	 0.9986 	 3 	 14 
24.70 	 0.0000 	 0.9989 	 3 	 14 
24.80 	 3.3333 	 0.9991 	 3 	 17 
24.90 	 0.0000 	 0.9992 	 3 	 15 
25.00 	 0.0000 	 0.9994 	 3 	 15 
25.10 	 0.0000 	 0.9995 	 3 	 12 
25.20 	 3.3333 	 0.9996 	 3 	 16 
25.30 	 3.3333 	 0.9995 	 3 	 16 
25.40 	 0.0000 	 0.9992 	 3 	 2 
25.50 	 0.0000 	 0.9991 	 3 	 2 
25.60 	 0.0000 	 0.9990 	 3 	 2 
25.70 	 0.0000 	 0.9991 	 3 	 3 
25.80 	 0.0000 	 0.9993 	 3 	 19 
25.90 	 3.3333 	 0.9994 	 3 	 19 
26.00 	 0.0000 	 0.9995 	 3 	 3 
26.10 	 0.0000 	 0.9996 	 3 	 0 
26.20 	 0.0000 	 0.9997 	 3 	 0 
26.30 	 3.3333 	 0.9997 	 3 	 0 
26.40 	 0.0000 	 0.9998 	 4 	 13 
26.50 	 3.3333 	 0.9998 	 4 	 13 
26.60 	 0.0000 	 0.9999 	 4 	 14 
26.70 	 3.3333 	 0.9999 	 4 	 19 
26.80 	 0.0000 	 0.9999 	 4 	 3 
26.90 	 0.0000 	 0.9999 	 4 	 3 
27.00 	 0.0000 	 0.9999 	 4 	 0 
27.10 	 3.3333 	 1.0000 	 4 	 15 
27.20 	 0.0000 	 1.0000 	 4 	 15 
27.30 	 0.0000 	 1.0000 	 4 	 18 
27.40 	 3.3333 	 1.0000 	 4 	 16 
27.50 	 0.0000 	 1.0000 	 4 	 16 
27.60 	 0.0000 	 1.0000 	 4 	 0 
27.70 	 3.3333 	 1.0000 	 4 	 17 
27.80 	 0.0000 	 1.0000 	 4 	 17 
27.90 	 3.3333 	 0.9996 	 4 	 3 
28.00 	 0.0000 	 0.9992 	 4 	 3 
28.10 	 0.0000 	 0.9988 	 4 	 3 
28.20 	 0.0000 	 0.9978 	 4 	 0 
28.30 	 0.0000 	 0.9971 	 4 	 0 
28.40 	 0.0000 	 0.9964 	 4 	 0 
28.50 	 3.3333 	 0.9962 	 4 	 0 
28.60 	 6.6667 	 0.9961 	 4 	 1 
28.70 	 0.0000 	 0.9965 	 4 	 1 
28.80 	 0.0000 	 0.9968 	 4 	 1 
28.90 	 0.0000 	 0.9970 	 5 	 14 
29.00 	 0.0000 	 0.9973 	 5 	 14 
29.10 	 0.0000 	 0.9975 	 5 	 0 
29.20 	 0.0000 	 0.9977 	 5 	 0 
29.30 	 0.0000 	 0.9978 	 5 	 0 
29.40 	 3.3333 	 0.9980 	 5 	 4 
29.50 	 6.6667 	 0.9982 	 5 	 1 
29.60 	 0.0000 	 0.9984 	 5 	 16 
29.70 	 0.0000 	 0.9985 	 5 	 16 
29.80 	 0.0000 	 0.9987 	 5 	 14 
29.90 	 0.0000 	 0.9988 	 5 	 17 
30.00 	 0.0000 	 0.9989 	 5 	 17 
30.10 	 3.3333 	 0.9991 	 5 	 0 
30.20 	 0.0000 	 0.9992 	 5 	 18 
30.30 	 3.3333 	 0.9993 	 5 	 18 
30.40 	 0.0000 	 0.9990 	 5 	 0 
30.50 	 0.0000 	 0.9987 	 5 	 4 
30.60 	 3.3333 	 0.9984 	 5 	 4 
30.70 	 0.0000 	 0.9974 	 5 	 0 
30.80 	 3.3333 	 0.9968 	 5 	 1 
30.90 	 0.0000 	 0.9961 	 5 	 1 
31.00 	 0.0000 	 0.9959 	 5 	 1 
31.10 	 3.3333 	 0.9959 	 5 	 2 
31.20 	 0.0000 	 0.9963 	 5 	 2 
31.30 	 0.0000 	 0.9966 	 5 	 0 
31.40 	 0.0000 	 0.9969 	 6 	 0 
31.50 	 0.0000 	 0.9972 	 6 	 0 
31.60 	 6.6667 	 0.9974 	 6 	 1 
31.70 	 0.0000 	 0.9976 	 6 	 1 
31.80 	 0.0000 	 0.9978 	 6 	 1 
31.90 	 0.0000 	 0.9980 	 6 	 5 
32.00 	 3.3333 	 0.9980 	 6 	 2 
32.10 	 0.0000 	 0.9983 	 6 	 17 
32.20 	 0.0000 	 0.9984 	 6 	 0 
32.30 	 0.0000 	 0.9987 	 6 	 0 
32.40 	 3.3333 	 0.9987 	 6 	 18 
32.50 	 0.0000 	 0.9987 	 6 	 18 
32.60 	 3.3333 	 0.9990 	 6 	 1 
32.70 	 0.0000 	 0.9990 	 6 	 19 
32.80 	 0.0000 	 0.9991 	 6 	 19 
32.90 	 3.3333 	 0.9990 	 6 	 1 
33.00 	 0.0000 	 0.9986 	 6 	 5 
33.10 	 3.3333 	 0.9983 	 6 	 5 
33.20 	 0.0000 	 0.9976 	 6 	 0 
33.30 	 0.0000 	 0.9976 	 6 	 2 
33.40 	 0.0000 	 0.9970 	 6 	 2 
33.50 	 0.0000 	 0.9964 	 6 	 0 
33.60 	 3.3333 	 0.9962 	 6 	 3 
33.70 	 0.0000 	 0.9962 	 6 	 3 
33.80 	 3.3333 	 0.9966 	 6 	 1 
33.90 	 3.3333 	 0.9969 	 7 	 1 
34.00 	 0.0000 	 0.9971 	 7 	 1 
34.10 	 0.0000 	 0.9974 	 7 	 2 
34.20 	 0.0000 	 0.9976 	 7 	 2 
34.30 	 0.0000 	 0.9978 	 7 	 2 
34.40 	 0.0000 	 0.9980 	 7 	 0 
34.50 	 0.0000 	 0.9980 	 7 	 0 
34.60 	 6.6667 	 0.9980 	 7 	 18 
34.70 	 3.3333 	 0.9981 	 7 	 1 
34.80 	 0.0000 	 0.9983 	 7 	 1 
34.90 	 0.0000 	 0.9985 	 7 	 16 
35.00 	 0.0000 	 0.9986 	 7 	 19 
35.10 	 0.0000 	 0.9988 	 7 	 0 
35.20 	 0.0000 	 0.9989 	 7 	 0 
35.30 	 0.0000 	 0.9990 	 7 	 0 
35.40 	 3.3333 	 0.9988 	 7 	 0 
35.50 	 3.3333 	 0.9985 	 7 	 6 
35.60 	 0.0000 	 0.9982 	 7 	 6 
35.70 	 3.3333 	 0.9976 	 7 	 1 
35.80 	 0.0000 	 0.9976 	 7 	 3 
35.90 	 0.0000 	 0.9970 	 7 	 3 
36.00 	 0.0000 	 0.9967 	 7 	 0 
36.10 	 0.0000 	 0.9967 	 7 	 4 
36.20 	 3.3333 	 0.9963 	 7 	 4 
36.30 	 0.0000 	 0.9965 	 7 	 0 
36.40 	 3.3333 	 0.9966 	 8 	 2 
36.50 	 0.0000 	 0.9970 	 8 	 2 
36.60 	 0.0000 	 0.9971 	 8 	 0 
36.70 	 3.3333 	 0.9975 	 8 	 3 
36.80 	 0.0000 	 0.9976 	 8 	 3 
36.90 	 3.3333 	 0.9979 	 8 	 1 
37.00 	 0.0000 	 0.9979 	 8 	 1 
37.10 	 0.0000 	 0.9981 	 8 	 19 
37.20 	 0.0000 	 0.9981 	 8 	 2 
37.30 	 3.3333 	 0.9983 	 8 	 2 
37.40 	 0.0000 	 0.9980 	 8 	 0 
37.50 	 0.0000 	 0.9984 	 8 	 0 
37.60 	 3.3333 	 0.9986 	 8 	 0 
37.70 	 3.3333 	 0.9988 	 8 	 1 
37.80 	 0.0000 	 0.9990 	 8 	 1 
37.90 	 0.0000 	 0.9987 	 8 	 1 
38.00 	 0.0000 	 0.9985 	 8 	 7 
38.10 	 3.3333 	 0.9986 	 8 	 7 
38.20 	 0.0000 	 0.9987 	 8 	 2 
38.30 	 3.3333 	 0.9990 	 8 	 4 
38.40 	 0.0000 	 0.9992 	 8 	 4 
38.50 	 0.0000 	 0.9993 	 8 	 0 
38.60 	 0.0000 	 0.9991 	 8 	 5 
38.70 	 0.0000 	 0.9992 	 8 	 0 
38.80 	 3.3333 	 0.9994 	 8 	 0 
38.90 	 0.0000 	 0.9995 	 9 	 3 
39.00 	 3.3333 	 0.9996 	 9 	 3 
39.10 	 3.3333 	 0.9996 	 9 	 1 
39.20 	 0.0000 	 0.9997 	 9 	 4 
39.30 	 0.0000 	 0.9998 	 9 	 4 
39.40 	 0.0000 	 0.9998 	 9 	 0 
39.50 	 0.0000 	 0.9998 	 9 	 0 
39.60 	 0.0000 	 0.9999 	 9 	 0 
39.70 	 0.0000 	 0.9999 	 9 	 0 
39.80 	 6.6667 	 0.9999 	 9 	 3 
39.90 	 3.3333 	 0.9999 	 9 	 1 
40.00 	 0.0000 	 1.0000 	 9 	 1 
40.10 	 0.0000 	 1.0000 	 9 	 1 
40.20 	 0.0000 	 1.0000 	 9 	 2 
40.30 	 0.0000 	 1.0000 	 9 	 2 
40.40 	 0.0000 	 0.9996 	 9 	 0 
40.50 	 3.3333 	 0.9992 	 9 	 8 
40.60 	 0.0000 	 0.9980 	 9 	 8 
40.70 	 0.0000 	 0.9969 	 9 	 0 
40.80 	 3.3333 	 0.9965 	 9 	 5 
40.90 	 3.3333 	 0.9962 	 9 	 5 
41.00 	 0.0000 	 0.9962 	 9 	 1 
41.10 	 0.0000 	 0.9962 	 9 	 6 
41.20 	 3.3333 	 0.9964 	 9 	 1 
41.30 	 0.0000 	 0.9965 	 9 	 1 
41.40 	 0.0000 	 0.9968 	 10 	 4 
41.50 	 0.0000 	 0.9970 	 10 	 4 
41.60 	 0.0000 	 0.9968 	 10 	 2 
41.70 	 3.3333 	 0.9970 	 10 	 5 
41.80 	 0.0000 	 0.9974 	 10 	 5 
41.90 	 6.6667 	 0.9977 	 10 	 1 
42.00 	 0.0000 	 0.9977 	 10 	 1 
42.10 	 0.0000 	 0.9976 	 10 	 1 
42.20 	 0.0000 	 0.9978 	 10 	 1 
42.30 	 0.0000 	 0.9979 	 10 	 4 
42.40 	 0.0000 	 0.9983 	 10 	 2 
42.50 	 0.0000 	 0.9984 	 10 	 2 
42.60 	 0.0000 	 0.9987 	 10 	 0 
42.70 	 6.6667 	 0.9989 	 10 	 3 
42.80 	 0.0000 	 0.9991 	 10 	 3 
42.90 	 0.0000 	 0.9989 	 10 	 1 
43.00 	 3.3333 	 0.9986 	 10 	 9 
43.10 	 0.0000 	 0.9984 	 10 	 9 
43.20 	 0.0000 	 0.9967 	 10 	 1 
43.30 	 0.0000 	 0.9967 	 10 	 6 
43.40 	 0.0000 	 0.9964 	 10 	 6 
43.50 	 3.3333 	 0.9960 	 10 	 2 
43.60 	 3.3333 	 0.9961 	 10 	 7 
43.70 	 0.0000 	 0.9960 	 10 	 2 
43.80 	 0.0000 	 0.9962 	 10 	 2 
43.90 	 0.0000 	 0.9963 	 11 	 5 
44.00 	 0.0000 	 0.9962 	 11 	 5 
44.10 	 3.3333 	 0.9966 	 11 	 3 
44.20 	 0.0000 	 0.9968 	 11 	 6 
44.30 	 3.3333 	 0.9970 	 11 	 6 
44.40 	 0.0000 	 0.9972 	 11 	 2 
44.50 	 3.3333 	 0.9971 	 11 	 2 
44.60 	 0.0000 	 0.9973 	 11 	 2 
44.70 	 0.0000 	 0.9976 	 11 	 2 
44.80 	 0.0000 	 0.9978 	 11 	 5 
44.90 	 0.0000 	 0.9980 	 11 	 3 
45.00 	 0.0000 	 0.9981 	 11 	 0 
45.10 	 3.3333 	 0.9984 	 11 	 0 
45.20 	 3.3333 	 0.9988 	 11 	 4 
45.30 	 0.0000 	 0.9990 	 11 	 4 
45.40 	 0.0000 	 0.9988 	 11 	 2 
45.50 	 3.3333 	 0.9986 	 11 	 10 
45.60 	 0.0000 	 0.9984 	 11 	 10 
45.70 	 0.0000 	 0.9976 	 11 	 2 
45.80 	 0.0000 	 0.9957 	 11 	 0 
45.90 	 3.3333 	 0.9954 	 11 	 7 
46.00 	 0.0000 	 0.9956 	 11 	 0 
46.10 	 0.0000 	 0.9954 	 11 	 8 
46.20 	 3.3333 	 0.9959 	 11 	 3 
46.30 	 0.0000 	 0.9958 	 11 	 3 
46.40 	 3.3333 	 0.9960 	 12 	 6 
46.50 	 0.0000 	 0.9962 	 12 	 6 
46.60 	 0.0000 	 0.9964 	 12 	 4 
46.70 	 3.3333 	 0.9966 	 12 	 7 
46.80 	 0.0000 	 0.9968 	 12 	 7 
46.90 	 0.0000 	 0.9970 	 12 	 3 
47.00 	 0.0000 	 0.9972 	 12 	 3 
47.10 	 0.0000 	 0.9974 	 12 	 3 
47.20 	 0.0000 	 0.9975 	 12 	 3 
47.30 	 6.6667 	 0.9977 	 12 	 6 
47.40 	 0.0000 	 0.9979 	 12 	 4 
47.50 	 3.3333 	 0.9981 	 12 	 1 
47.60 	 0.0000 	 0.9982 	 12 	 1 
47.70 	 0.0000 	 0.9985 	 12 	 5 
47.80 	 0.0000 	 0.9988 	 12 	 5 
47.90 	 0.0000 	 0.9986 	 12 	 0 
48.00 	 0.0000 	 0.9983 	 12 	 11 
48.10 	 0.0000 	 0.9980 	 12 	 11 
48.20 	 3.3333 	 0.9973 	 12 	 3 
48.30 	 3.3333 	 0.9967 	 12 	 8 
48.40 	 3.3333 	 0.9955 	 12 	 8 
48.50 	 0.0000 	 0.9952 	 12 	 1 
48.60 	 0.0000 	 0.9952 	 12 	 9 
48.70 	 0.0000 	 0.9954 	 12 	 4 
48.80 	 0.0000 	 0.9954 	 12 	 4 
48.90 	 0.0000 	 0.9953 	 13 	 7 
49.00 	 0.0000 	 0.9952 	 13 	 7 
49.10 	 0.0000 	 0.9957 	 13 	 5 
49.20 	 0.0000 	 0.9959 	 13 	 8 
49.30 	 6.6667 	 0.9961 	 13 	 8 
49.40 	 3.3333 	 0.9962 	 13 	 4 
49.50 	 0.0000 	 0.9960 	 13 	 4 
49.60 	 0.0000 	 0.9962 	 13 	 4 
49.70 	 0.0000 	 0.9967 	 13 	 4 
49.80 	 0.0000 	 0.9969 	 13 	 7 
49.90 	 0.0000 	 0.9970 	 13 	 5 
50.00 	 0.0000 	 0.9972 	 13 	 5 
50.10 	 0.0000 	 0.9974 	 13 	 2 
50.20 	 0.0000 	 0.9977 	 13 	 6 
50.30 	 3.3333 	 0.9982 	 13 	 6 
50.40 	 6.6667 	 0.9981 	 13 	 1 
50.50 	 0.0000 	 0.9980 	 13 	 12 
50.60 	 0.0000 	 0.9981 	 13 	 12 
50.70 	 0.0000 	 0.9973 	 13 	 4 
50.80 	 0.0000 	 0.9966 	 13 	 9 
50.90 	 0.0000 	 0.9959 	 13 	 2 
51.00 	 0.0000 	 0.9955 	 13 	 2 
51.10 	 0.0000 	 0.9952 	 13 	 10 
51.20 	 3.3333 	 0.9955 	 13 	 5 
51.30 	 0.0000 	 0.9956 	 13 	 5 
51.40 	 3.3333 	 0.9956 	 14 	 8 
51.50 	 3.3333 	 0.9955 	 14 	 8 
51.60 	 0.0000 	 0.9956 	 14 	 6 
51.70 	 0.0000 	 0.9961 	 14 	 9 
51.80 	 0.0000 	 0.9962 	 14 	 9 
51.90 	 0.0000 	 0.9962 	 14 	 5 
52.00 	 0.0000 	 0.9961 	 14 	 5 
52.10 	 0.0000 	 0.9965 	 14 	 5 
52.20 	 0.0000 	 0.9967 	 14 	 5 
52.30 	 0.0000 	 0.9970 	 14 	 8 
52.40 	 0.0000 	 0.9970 	 14 	 6 
52.50 	 6.6667 	 0.9968 	 14 	 6 
52.60 	 0.0000 	 0.9971 	 14 	 3 
52.70 	 3.3333 	 0.9974 	 14 	 7 
52.80 	 0.0000 	 0.9977 	 14 	 7 
52.90 	 0.0000 	 0.9977 	 14 	 2 
53.00 	 0.0000 	 0.9977 	 14 	 13 
53.10 	 0.0000 	 0.9978 	 14 	 13 
53.20 	 3.3333 	 0.9972 	 14 	 5 
53.30 	 0.0000 	 0.9963 	 14 	 10 
53.40 	 0.0000 	 0.9953 	 14 	 10 
53.50 	 0.0000 	 0.9953 	 14 	 3 
53.60 	 3.3333 	 0.9949 	 14 	 11 
53.70 	 0.0000 	 0.9949 	 14 	 6 
53.80 	 0.0000 	 0.9955 	 14 	 6 
53.90 	 0.0000 	 0.9951 	 15 	 9 
54.00 	 3.3333 	 0.9956 	 15 	 9 
54.10 	 0.0000 	 0.9952 	 15 	 7 
54.20 	 0.0000 	 0.9958 	 15 	 10 
54.30 	 0.0000 	 0.9959 	 15 	 10 
54.40 	 0.0000 	 0.9961 	 15 	 6 
54.50 	 3.3333 	 0.9965 	 15 	 6 
54.60 	 3.3333 	 0.9966 	 15 	 6 
54.70 	 0.0000 	 0.9966 	 15 	 6 
54.80 	 0.0000 	 0.9968 	 15 	 9 
54.90 	 0.0000 	 0.9970 	 15 	 7 
55.00 	 0.0000 	 0.9972 	 15 	 7 
55.10 	 0.0000 	 0.9969 	 15 	 4 
55.20 	 3.3333 	 0.9974 	 15 	 8 
55.30 	 0.0000 	 0.9974 	 15 	 8 
55.40 	 3.3333 	 0.9979 	 15 	 6 
55.50 	 0.0000 	 0.9981 	 15 	 14 
55.60 	 3.3333 	 0.9980 	 15 	 14 
55.70 	 0.0000 	 0.9973 	 15 	 6 
55.80 	 3.3333 	 0.9967 	 15 	 11 
55.90 	 0.0000 	 0.9959 	 15 	 11 
56.00 	 0.0000 	 0.9957 	 15 	 4 
56.10 	 0.0000 	 0.9953 	 15 	 12 
56.20 	 0.0000 	 0.9949 	 15 	 7 
56.30 	 0.0000 	 0.9952 	 15 	 7 
56.40 	 0.0000 	 0.9956 	 16 	 10 
56.50 	 0.0000 	 0.9954 	 16 	 10 
56.60 	 3.3333 	 0.9958 	 16 	 8 
56.70 	 3.3333 	 0.9958 	 16 	 11 
56.80 	 0.0000 	 0.9959 	 16 	 11 
56.90 	 0.0000 	 0.9961 	 16 	 7 
57.00 	 0.0000 	 0.9964 	 16 	 7 
57.10 	 3.3333 	 0.9966 	 16 	 7 
57.20 	 0.0000 	 0.9969 	 16 	 7 
57.30 	 0.0000 	 0.9971 	 16 	 10 
57.40 	 0.0000 	 0.9973 	 16 	 8 
57.50 	 0.0000 	 0.9975 	 16 	 8 
57.60 	 0.0000 	 0.9977 	 16 	 5 
57.70 	 0.0000 	 0.9979 	 16 	 9 
57.80 	 3.3333 	 0.9980 	 16 	 9 
57.90 	 3.3333 	 0.9974 	 16 	 7 
58.00 	 3.3333 	 0.9979 	 16 	 15 
58.10 	 0.0000 	 0.9980 	 16 	 15 
58.20 	 0.0000 	 0.9973 	 16 	 7 
58.30 	 0.0000 	 0.9966 	 16 	 12 
58.40 	 3.3333 	 0.9959 	 16 	 12 
58.50 	 0.0000 	 0.9957 	 16 	 5 
58.60 	 0.0000 	 0.9953 	 16 	 13 
58.70 	 0.0000 	 0.9950 	 16 	 8 
58.80 	 3.3333 	 0.9950 	 16 	 8 
58.90 	 0.0000 	 0.9948 	 17 	 11 
59.00 	 0.0000 	 0.9953 	 17 	 11 
59.10 	 0.0000 	 0.9956 	 17 	 9 
59.20 	 0.0000 	 0.9960 	 17 	 12 
59.30 	 3.3333 	 0.9961 	 17 	 12 
59.40 	 0.0000 	 0.9962 	 17 	 8 
59.50 	 0.0000 	 0.9964 	 17 	 8 
59.60 	 0.0000 	 0.9967 	 17 	 8 
59.70 	 0.0000 	 0.9970 	 17 	 8 
59.80 	 0.0000 	 0.9973 	 17 	 11 
59.90 	 3.3333 	 0.9975 	 17 	 9 
60.00 	 0.0000 	 0.9974 	 17 	 9 
60.10 	 0.0000 	 0.9975 	 17 	 6 
60.20 	 0.0000 	 0.9977 	 17 	 10 
60.30 	 6.6667 	 0.9979 	 17 	 10 
60.40 	 0.0000 	 0.9978 	 17 	 8 
60.50 	 0.0000 	 0.9981 	 17 	 16 
60.60 	 0.0000 	 0.9980 	 17 	 16 
60.70 	 3.3333 	 0.9974 	 17 	 8 
60.80 	 0.0000 	 0.9963 	 17 	 13 
60.90 	 0.0000 	 0.9957 	 17 	 13 
61.00 	 0.0000 	 0.9955 	 17 	 6 
61.10 	 0.0000 	 0.9952 	 17 	 14 
61.20 	 3.3333 	 0.9950 	 17 	 9 
61.30 	 0.0000 	 0.9951 	 17 	 9 
61.40 	 0.0000 	 0.9949 	 18 	 12 
61.50 	 0.0000 	 0.9949 	 18 	 12 
61.60 	 0.0000 	 0.9951 	 18 	 10 
61.70 	 0.0000 	 0.9956 	 18 	 13 
61.80 	 0.0000 	 0.9960 	 18 	 13 
61.90 	 0.0000 	 0.9962 	 18 	 9 
62.00 	 3.3333 	 0.9963 	 18 	 9 
62.10 	 3.3333 	 0.9965 	 18 	 9 
62.20 	 0.0000 	 0.9968 	 18 	 9 
62.30 	 0.0000 	 0.9971 	 18 	 12 
62.40 	 0.0000 	 0.9973 	 18 	 10 
62.50 	 0.0000 	 0.9975 	 18 	 10 
62.60 	 3.3333 	 0.9977 	 18 	 7 
62.70 	 0.0000 	 0.9979 	 18 	 11 
62.80 	 0.0000 	 0.9981 	 18 	 11 
62.90 	 0.0000 	 0.9979 	 18 	 9 
63.00 	 3.3333 	 0.9981 	 18 	 17 
63.10 	 0.0000 	 0.9980 	 18 	 17 
63.20 	 0.0000 	 0.9973 	 18 	 9 
63.30 	 0.0000 	 0.9963 	 18 	 14 
63.40 	 0.0000 	 0.9957 	 18 	 14 
63.50 	 0.0000 	 0.9955 	 18 	 7 
63.60 	 0.0000 	 0.9953 	 18 	 15 
63.70 	 3.3333 	 0.9950 	 18 	 10 
63.80 	 0.0000 	 0.9951 	 18 	 10 
63.90 	 3.3333 	 0.9949 	 19 	 13 
64.00 	 0.0000 	 0.9949 	 19 	 13 
64.10 	 0.0000 	 0.9952 	 19 	 11 
64.20 	 0.0000 	 0.9955 	 19 	 14 
64.30 	 0.0000 	 0.9957 	 19 	 14 
64.40 	 0.0000 	 0.9962 	 19 	 10 
64.50 	 0.0000 	 0.9964 	 19 	 10 
64.60 	 0.0000 	 0.9965 	 19 	 10 
64.70 	 0.0000 	 0.9967 	 19 	 10 
64.80 	 3.3333 	 0.9970 	 19 	 13 
64.90 	 3.3333 	 0.9973 	 19 	 11 
65.00 	 0.0000 	 0.9975 	 19 	 11 
65.10 	 0.0000 	 0.9977 	 19 	 8 
65.20 	 0.0000 	 0.9979 	 19 	 12 
65.30 	 0.0000 	 0.9981 	 19 	 12 
65.40 	 3.3333 	 0.9979 	 19 	 7 
65.50 	 0.0000 	 0.9981 	 19 	 18 
65.60 	 0.0000 	 0.9981 	 19 	 18 
65.70 	 0.0000 	 0.9974 	 19 	 10 
65.80 	 3.3333 	 0.9963 	 19 	 15 
65.90 	 0.0000 	 0.9960 	 19 	 15 
66.00 	 0.0000 	 0.9961 	 19 	 8 
66.10 	 0.0000 	 0.9959 	 19 	 16 
66.20 	 0.0000 	 0.9956 	 19 	 11 
66.30 	 3.3333 	 0.9954 	 19 	 11 
66.40 	 0.0000 	 0.9951 	 0 	 14 
66.50 	 0.0000 	 0.9948 	 0 	 14 
66.60 	 0.0000 	 0.9953 	 0 	 12 
66.70 	 0.0000 	 0.9955 	 0 	 15 
66.80 	 3.3333 	 0.9958 	 0 	 15 
66.90 	 0.0000 	 0.9959 	 0 	 11 
67.00 	 0.0000 	 0.9964 	 0 	 11 
67.10 	 0.0000 	 0.9966 	 0 	 11 
67.20 	 0.0000 	 0.9968 	 0 	 11 
67.30 	 0.0000 	 0.9971 	 0 	 14 
67.40 	 3.3333 	 0.9974 	 0 	 12 
67.50 	 0.0000 	 0.9976 	 0 	 12 
67.60 	 0.0000 	 0.9978 	 0 	 9 
67.70 	 3.3333 	 0.9980 	 0 	 13 
67.80 	 0.0000 	 0.9981 	 0 	 13 
67.90 	 0.0000 	 0.9979 	 0 	 8 
68.00 	 0.0000 	 0.9982 	 0 	 19 
68.10 	 0.0000 	 0.9981 	 0 	 19 
68.20 	 0.0000 	 0.9974 	 0 	 0 
68.30 	 0.0000 	 0.9967 	 0 	 16 
68.40 	 0.0000 	 0.9959 	 0 	 16 
68.50 	 3.3333 	 0.9956 	 0 	 0 
68.60 	 0.0000 	 0.9954 	 0 	 17 
68.70 	 3.3333 	 0.9952 	 0 	 12 
68.80 	 0.0000 	 0.9953 	 0 	 12 
68.90 	 3.3333 	 0.9951 	 1 	 15 
69.00 	 0.0000 	 0.9951 	 1 	 15 
69.10 	 0.0000 	 0.9953 	 1 	 13 
69.20 	 0.0000 	 0.9956 	 1 	 16 
69.30 	 0.0000 	 0.9957 	 1 	 0 
69.40 	 0.0000 	 0.9962 	 1 	 0 
69.50 	 0.0000 	 0.9964 	 1 	 0 
69.60 	 6.6667 	 0.9966 	 1 	 12 
69.70 	 3.3333 	 0.9969 	 1 	 12 
69.80 	 0.0000 	 0.9971 	 1 	 15 
69.90 	 0.0000 	 0.9974 	 1 	 13 
70.00 	 0.0000 	 0.9976 	 1 	 13 
70.10 	 0.0000 	 0.9978 	 1 	 10 
70.20 	 0.0000 	 0.9980 	 1 	 14 
70.30 	 3.3333 	 0.9982 	 1 	 14 
70.40 	 0.0000 	 0.9980 	 1 	 0 
70.50 	 0.0000 	 0.9982 	 1 	 0 
70.60 	 0.0000 	 0.9981 	 1 	 0 
70.70 	 6.6667 	 0.9974 	 1 	 1 
70.80 	 0.0000 	 0.9967 	 1 	 17 
70.90 	 0.0000 	 0.9960 	 1 	 17 
71.00 	 3.3333 	 0.9958 	 1 	 1 
71.10 	 0.0000 	 0.9959 	 1 	 18 
71.20 	 0.0000 	 0.9957 	 1 	 13 
71.30 	 0.0000 	 0.9954 	 1 	 13 
71.40 	 0.0000 	 0.9952 	 2 	 16 
71.50 	 0.0000 	 0.9949 	 2 	 16 
71.60 	 3.3333 	 0.9954 	 2 	 14 
71.70 	 3.3333 	 0.9956 	 2 	 17 
71.80 	 3.3333 	 0.9957 	 2 	 1 
71.90 	 0.0000 	 0.9960 	 2 	 1 
72.00 	 0.0000 	 0.9965 	 2 	 1 
72.10 	 0.0000 	 0.9966 	 2 	 13 
72.20 	 0.0000 	 0.9969 	 2 	 13 
72.30 	 3.3333 	 0.9971 	 2 	 16 
72.40 	 0.0000 	 0.9973 	 2 	 14 
72.50 	 0.0000 	 0.9976 	 2 	 14 
72.60 	 0.0000 	 0.9978 	 2 	 11 
72.70 	 3.3333 	 0.9980 	 2 	 15 
72.80 	 0.0000 	 0.9982 	 2 	 15 
72.90 	 3.3333 	 0.9980 	 2 	 1 
73.00 	 3.3333 	 0.9982 	 2 	 1 
73.10 	 0.0000 	 0.9981 	 2 	 1 
73.20 	 0.0000 	 0.9974 	 2 	 2 
73.30 	 0.0000 	 0.9967 	 2 	 18 
73.40 	 0.0000 	 0.9960 	 2 	 18 
73.50 	 0.0000 	 0.9959 	 2 	 2 
73.60 	 3.3333 	 0.9958 	 2 	 19 
73.70 	 0.0000 	 0.9955 	 2 	 14 
73.80 	 0.0000 	 0.9953 	 2 	 14 
73.90 	 0.0000 	 0.9951 	 3 	 17 
74.00 	 0.0000 	 0.9949 	 3 	 17 
74.10 	 6.6667 	 0.9954 	 3 	 15 
74.20 	 0.0000 	 0.9956 	 3 	 18 
74.30 	 0.0000 	 0.9959 	 3 	 2 
74.40 	 0.0000 	 0.9960 	 3 	 2 
74.50 	 0.0000 	 0.9963 	 3 	 2 
74.60 	 0.0000 	 0.9967 	 3 	 14 
74.70 	 0.0000 	 0.9969 	 3 	 14 
74.80 	 3.3333 	 0.9971 	 3 	 17 
74.90 	 0.0000 	 0.9969 	 3 	 15 
75.00 	 0.0000 	 0.9973 	 3 	 15 
75.10 	 0.0000 	 0.9975 	 3 	 12 
75.20 	 3.3333 	 0.9979 	 3 	 16 
75.30 	 3.3333 	 0.9976 	 3 	 16 
75.40 	 0.0000 	 0.9977 	 3 	 2 
75.50 	 0.0000 	 0.9980 	 3 	 2 
75.60 	 0.0000 	 0.9981 	 3 	 2 
75.70 	 0.0000 	 0.9974 	 3 	 3 
75.80 	 0.0000 	 0.9971 	 3 	 19 
75.90 	 3.3333 	 0.9967 	 3 	 19 
76.00 	 0.0000 	 0.9964 	 3 	 3 
76.10 	 0.0000 	 0.9963 	 3 	 0 
76.20 	 0.0000 	 0.9962 	 3 	 0 
76.30 	 3.3333 	 0.9958 	 3 	 0 
76.40 	 0.0000 	 0.9953 	 4 	 18 
76.50 	 3.3333 	 0.9945 	 4 	 18 
76.60 	 0.0000 	 0.9946 	 4 	 16 
76.70 	 3.3333 	 0.9947 	 4 	 19 
76.80 	 0.0000 	 0.9952 	 4 	 3 
76.90 	 0.0000 	 0.9955 	 4 	 3 
77.00 	 0.0000 	 0.9956 	 4 	 0 
77.10 	 3.3333 	 0.9959 	 4 	 15 
77.20 	 0.0000 	 0.9961 	 4 	 15 
77.30 	 0.0000 	 0.9961 	 4 	 18 
77.40 	 3.3333 	 0.9966 	 4 	 16 
77.50 	 0.0000 	 0.9968 	 4 	 16 
77.60 	 0.0000 	 0.9970 	 4 	 0 
77.70 	 3.3333 	 0.9973 	 4 	 17 
77.80 	 0.0000 	 0.9974 	 4 	 17 
77.90 	 3.3333 	 0.9974 	 4 	 3 
78.00 	 0.0000 	 0.9979 	 4 	 3 
78.10 	 0.0000 	 0.9980 	 4 	 3 
78.20 	 0.0000 	 0.9973 	 4 	 0 
78.30 	 0.0000 	 0.9970 	 4 	 0 
78.40 	 0.0000 	 0.9967 	 4 	 0 
78.50 	 3.3333 	 0.9964 	 4 	 0 
78.60 	 6.6667 	 0.9963 	 4 	 1 
78.70 	 0.0000 	 0.9961 	 4 	 1 
78.80 	 0.0000 	 0.9956 	 4 	 1 
78.90 	 0.0000 	 0.9949 	 5 	 19 
79.00 	 0.0000 	 0.9946 	 5 	 19 
79.10 	 0.0000 	 0.9948 	 5 	 0 
79.20 	 0.0000 	 0.9952 	 5 	 0 
79.30 	 0.0000 	 0.9955 	 5 	 0 
79.40 	 3.3333 	 0.9956 	 5 	 4 
79.50 	 6.6667 	 0.9959 	 5 	 1 
79.60 	 0.0000 	 0.9962 	 5 	 16 
79.70 	 0.0000 	 0.9964 	 5 	 16 
79.80 	 0.0000 	 0.9967 	 5 	 19 
79.90 	 0.0000 	 0.9969 	 5 	 17 
80.00 	 0.0000 	 0.9971 	 5 	 17 
80.10 	 3.3333 	 0.9973 	 5 	 0 
80.20 	 0.0000 	 0.9975 	 5 	 18 
80.30 	 3.3333 	 0.9978 	 5 	 18 
80.40 	 0.0000 	 0.9976 	 5 	 0 
80.50 	 0.0000 	 0.9980 	 5 	 4 
80.60 	 3.3333 	 0.9981 	 5 	 4 
80.70 	 0.0000 	 0.9973 	 5 	 0 
80.80 	 3.3333 	 0.9971 	 5 	 1 
80.90 	 0.0000 	 0.9963 	 5 	 1 
81.00 	 0.0000 	 0.9960 	 5 	 1 
81.10 	 3.3333 	 0.9961 	 5 	 2 
81.20 	 0.0000 	 0.9958 	 5 	 2 
81.30 	 0.0000 	 0.9957 	 5 	 0 
81.40 	 0.0000 	 0.9957 	 6 	 0 
81.50 	 0.0000 	 0.9955 	 6 	 0 
81.60 	 6.6667 	 0.9949 	 6 	 1 
81.70 	 0.0000 	 0.9948 	 6 	 1 
81.80 	 0.0000 	 0.9951 	 6 	 1 
81.90 	 0.0000 	 0.9955 	 6 	 5 
82.00 	 3.3333 	 0.9957 	 6 	 2 
82.10 	 0.0000 	 0.9959 	 6 	 17 
82.20 	 0.0000 	 0.9958 	 6 	 0 
82.30 	 0.0000 	 0.9963 	 6 	 0 
82.40 	 3.3333 	 0.9966 	 6 	 18 
82.50 	 0.0000 	 0.9968 	 6 	 18 
82.60 	 3.3333 	 0.9970 	 6 	 1 
82.70 	 0.0000 	 0.9972 	 6 	 19 
82.80 	 0.0000 	 0.9974 	 6 	 19 
82.90 	 3.3333 	 0.9973 	 6 	 1 
83.00 	 0.0000 	 0.9976 	 6 	 5 
83.10 	 3.3333 	 0.9977 	 6 	 5 
83.20 	 0.0000 	 0.9973 	 6 	 0 
83.30 	 0.0000 	 0.9975 	 6 	 2 
83.40 	 0.0000 	 0.9967 	 6 	 2 
83.50 	 0.0000 	 0.9968 	 6 	 0 
83.60 	 3.3333 	 0.9961 	 6 	 3 
83.70 	 0.0000 	 0.9961 	 6 	 3 
83.80 	 3.3333 	 0.9961 	 6 	 1 
83.90 	 3.3333 	 0.9955 	 7 	 1 
84.00 	 0.0000 	 0.9952 	 7 	 1 
84.10 	 0.0000 	 0.9950 	 7 	 2 
84.20 	 0.0000 	 0.9953 	 7 	 2 
84.30 	 0.0000 	 0.9955 	 7 	 2 
84.40 	 0.0000 	 0.9954 	 7 	 0 
84.50 	 0.0000 	 0.9957 	 7 	 0 
84.60 	 6.6667 	 0.9959 	 7 	 18 
84.70 	 3.3333 	 0.9957 	 7 	 1 
84.80 	 0.0000 	 0.9963 	 7 	 1 
84.90 	 0.0000 	 0.9964 	 7 	 19 
85.00 	 0.0000 	 0.9967 	 7 	 19 
85.10 	 0.0000 	 0.9961 	 7 	 0 
85.20 	 0.0000 	 0.9967 	 7 	 0 
85.30 	 0.0000 	 0.9967 	 7 	 0 
85.40 	 3.3333 	 0.9968 	 7 	 0 
85.50 	 3.3333 	 0.9968 	 7 	 6 
85.60 	 0.0000 	 0.9971 	 7 	 6 
85.70 	 3.3333 	 0.9971 	 7 	 1 
85.80 	 0.0000 	 0.9972 	 7 	 3 
85.90 	 0.0000 	 0.9969 	 7 	 3 
86.00 	 0.0000 	 0.9959 	 7 	 0 
86.10 	 0.0000 	 0.9958 	 7 	 4 
86.20 	 3.3333 	 0.9958 	 7 	 4 
86.30 	 0.0000 	 0.9959 	 7 	 0 
86.40 	 3.3333 	 0.9956 	 8 	 2 
86.50 	 0.0000 	 0.9950 	 8 	 2 
86.60 	 0.0000 	 0.9954 	 8 	 0 
86.70 	 3.3333 	 0.9953 	 8 	 3 
86.80 	 0.0000 	 0.9949 	 8 	 3 
86.90 	 3.3333 	 0.9954 	 8 	 1 
87.00 	 0.0000 	 0.9952 	 8 	 1 
87.10 	 0.0000 	 0.9949 	 8 	 19 
87.20 	 0.0000 	 0.9955 	 8 	 2 
87.30 	 3.3333 	 0.9957 	 8 	 2 
87.40 	 0.0000 	 0.9960 	 8 	 0 
87.50 	 0.0000 	 0.9958 	 8 	 0 
87.60 	 3.3333 	 0.9957 	 8 	 0 
87.70 	 3.3333 	 0.9960 	 8 	 1 
87.80 	 0.0000 	 0.9962 	 8 	 1 
87.90 	 0.0000 	 0.9961 	 8 	 1 
88.00 	 0.0000 	 0.9965 	 8 	 7 
88.10 	 3.3333 	 0.9969 	 8 	 7 
88.20 	 0.0000 	 0.9974 	 8 	 2 
88.30 	 3.3333 	 0.9979 	 8 	 4 
88.40 	 0.0000 	 0.9983 	 8 	 4 
88.50 	 0.0000 	 0.9981 	 8 	 0 
88.60 	 0.0000 	 0.9984 	 8 	 5 
88.70 	 0.0000 	 0.9986 	 8 	 0 
88.80 	 3.3333 	 0.9984 	 8 	 0 
88.90 	 0.0000 	 0.9984 	 9 	 3 
89.00 	 3.3333 	 0.9982 	 9 	 3 
89.10 	 3.3333 	 0.9984 	 9 	 1 
89.20 	 0.0000 	 0.9987 	 9 	 4 
89.30 	 0.0000 	 0.9990 	 9 	 4 
89.40 	 0.0000 	 0.9991 	 9 	 0 
89.50 	 0.0000 	 0.9993 	 9 	 0 
89.60 	 0.0000 	 0.9994 	 9 	 0 
89.70 	 0.0000 	 0.9995 	 9 	 0 
89.80 	 6.6667 	 0.9996 	 9 	 3 
89.90 	 3.3333 	 0.9997 	 9 	 1 
90.00 	 0.0000 	 0.9997 	 9 	 1 
90.10 	 0.0000 	 0.9998 	 9 	 1 
90.20 	 0.0000 	 0.9998 	 9 	 2 
90.30 	 0.0000 	 0.9999 	 9 	 2 
90.40 	 0.0000 	 0.9995 	 9 	 0 
90.50 	 3.3333 	 0.9997 	 9 	 8 
90.60 	 0.0000 	 0.9989 	 9 	 8 
90.70 	 0.0000 	 0.9981 	 9 	 0 
90.80 	 3.3333 	 0.9973 	 9 	 5 
90.90 	 3.3333 	 0.9971 	 9 	 5 
91.00 	 0.0000 	 0.9969 	 9 	 1 
91.10 	 0.0000 	 0.9966 	 9 	 6 
91.20 	 3.3333 	 0.9964 	 9 	 1 
91.30 	 0.0000 	 0.9965 	 9 	 1 
91.40 	 0.0000 	 0.9963 	 10 	 4 
91.50 	 0.0000 	 0.9953 	 10 	 4 
91.60 	 0.0000 	 0.9958 	 10 	 2 
91.70 	 3.3333 	 0.9961 	 10 	 5 
91.80 	 0.0000 	 0.9964 	 10 	 5 
91.90 	 6.6667 	 0.9964 	 10 	 1 
92.00 	 0.0000 	 0.9965 	 10 	 1 
92.10 	 0.0000 	 0.9967 	 10 	 1 
92.20 	 0.0000 	 0.9969 	 10 	 1 
92.30 	 0.0000 	 0.9970 	 10 	 4 
92.40 	 0.0000 	 0.9973 	 10 	 2 
92.50 	 0.0000 	 0.9976 	 10 	 2 
92.60 	 0.0000 	 0.9978 	 10 	 2 
92.70 	 3.3333 	 0.9978 	 10 	 3 
92.80 	 0.0000 	 0.9979 	 10 	 3 
92.90 	 0.0000 	 0.9977 	 10 	 3 
93.00 	 6.6667 	 0.9980 	 10 	 9 
93.10 	 0.0000 	 0.9980 	 10 	 9 
93.20 	 0.0000 	 0.9966 	 10 	 1 
93.30 	 0.0000 	 0.9960 	 10 	 6 
93.40 	 0.0000 	 0.9959 	 10 	 6 
93.50 	 0.0000 	 0.9959 	 10 	 2 
93.60 	 3.3333 	 0.9959 	 10 	 7 
93.70 	 0.0000 	 0.9961 	 10 	 2 
93.80 	 0.0000 	 0.9964 	 10 	 2 
93.90 	 3.3333 	 0.9962 	 11 	 5 
94.00 	 0.0000 	 0.9955 	 11 	 5 
94.10 	 3.3333 	 0.9956 	 11 	 3 
94.20 	 0.0000 	 0.9959 	 11 	 6 
94.30 	 0.0000 	 0.9961 	 11 	 6 
94.40 	 0.0000 	 0.9964 	 11 	 2 
94.50 	 3.3333 	 0.9967 	 11 	 2 
94.60 	 0.0000 	 0.9969 	 11 	 2 
94.70 	 0.0000 	 0.9971 	 11 	 2 
94.80 	 0.0000 	 0.9970 	 11 	 5 
94.90 	 3.3333 	 0.9973 	 11 	 3 
95.00 	 0.0000 	 0.9976 	 11 	 3 
95.10 	 0.0000 	 0.9978 	 11 	 3 
95.20 	 3.3333 	 0.9979 	 11 	 4 
95.30 	 0.0000 	 0.9981 	 11 	 4 
95.40 	 0.0000 	 0.9979 	 11 	 4 
95.50 	 3.3333 	 0.9980 	 11 	 10 
95.60 	 0.0000 	 0.9980 	 11 	 10 
95.70 	 0.0000 	 0.9976 	 11 	 2 
95.80 	 3.3333 	 0.9960 	 11 	 7 
95.90 	 0.0000 	 0.9958 	 11 	 7 
96.00 	 0.0000 	 0.9957 	 11 	 3 
96.10 	 0.0000 	 0.9959 	 11 	 8 
96.20 	 3.3333 	 0.9960 	 11 	 3 
96.30 	 0.0000 	 0.9963 	 11 	 3 
96.40 	 3.3333 	 0.9961 	 12 	 6 
96.50 	 0.0000 	 0.9953 	 12 	 6 
96.60 	 0.0000 	 0.9955 	 12 	 4 
96.70 	 3.3333 	 0.9959 	 12 	 7 
96.80 	 0.0000 	 0.9961 	 12 	 7 
96.90 	 0.0000 	 0.9961 	 12 	 3 
97.00 	 0.0000 	 0.9961 	 12 	 3 
97.10 	 0.0000 	 0.9965 	 12 	 3 
97.20 	 0.0000 	 0.9966 	 12 	 3 
97.30 	 6.6667 	 0.9969 	 12 	 6 
97.40 	 0.0000 	 0.9973 	 12 	 4 
97.50 	 0.0000 	 0.9976 	 12 	 4 
97.60 	 0.0000 	 0.9978 	 12 	 4 
97.70 	 0.0000 	 0.9978 	 12 	 5 
97.80 	 3.3333 	 0.9979 	 12 	 5 
97.90 	 0.0000 	 0.9977 	 12 	 5 
98.00 	 0.0000 	 0.9982 	 12 	 11 
98.10 	 0.0000 	 0.9981 	 12 	 11 
98.20 	 3.3333 	 0.9977 	 12 	 3 
98.30 	 3.3333 	 0.9969 	 12 	 8 
98.40 	 0.0000 	 0.9958 	 12 	 8 
98.50 	 0.0000 	 0.9953 	 12 	 4 
98.60 	 0.0000 	 0.9956 	 12 	 9 
98.70 	 0.0000 	 0.9959 	 12 	 4 
98.80 	 3.3333 	 0.9959 	 12 	 4 
98.90 	 0.0000 	 0.9957 	 13 	 7 
99.00 	 0.0000 	 0.9950 	 13 	 7 
99.10 	 0.0000 	 0.9956 	 13 	 5 
99.20 	 0.0000 	 0.9957 	 13 	 8 
99.30 	 3.3333 	 0.9958 	 13 	 8 
99.40 	 3.3333 	 0.9961 	 13 	 4 
99.50 	 0.0000 	 0.9964 	 13 	 4 
99.60 	 0.0000 	 0.9968 	 13 	 4 
99.70 	 3.3333 	 0.9969 	 13 	 4 
99.80 	 0.0000 	 0.9970 	 13 	 7 
99.90 	 0.0000 	 0.9973 	 13 	 5 
100.00 	 0.0000 	 0.9975 	 13 	 5 
