# Optimal flow and avg speed dependent on time 
 # Aggressives: 0 
 # Velocity factor: 0 
0.10 	 0.0000 	 0.4320 	 17 	 15 
0.20 	 0.0000 	 0.4319 	 17 	 15 
0.30 	 0.0000 	 0.4321 	 17 	 15 
0.40 	 3.3333 	 0.4321 	 17 	 15 
0.50 	 3.3333 	 0.4326 	 17 	 15 
0.60 	 0.0000 	 0.4329 	 17 	 15 
0.70 	 0.0000 	 0.4323 	 17 	 15 
0.80 	 0.0000 	 0.4311 	 17 	 15 
0.90 	 0.0000 	 0.4322 	 17 	 15 
1.00 	 0.0000 	 0.4314 	 18 	 15 
1.10 	 0.0000 	 0.4311 	 18 	 15 
1.20 	 0.0000 	 0.4312 	 18 	 15 
1.30 	 0.0000 	 0.4307 	 18 	 15 
1.40 	 0.0000 	 0.4305 	 18 	 15 
1.50 	 0.0000 	 0.4306 	 18 	 11 
1.60 	 0.0000 	 0.4300 	 18 	 11 
1.70 	 3.3333 	 0.4302 	 18 	 11 
1.80 	 0.0000 	 0.4318 	 18 	 15 
1.90 	 0.0000 	 0.4323 	 18 	 15 
2.00 	 0.0000 	 0.4336 	 18 	 15 
2.10 	 0.0000 	 0.4351 	 18 	 15 
2.20 	 0.0000 	 0.4362 	 18 	 11 
2.30 	 3.3333 	 0.4364 	 18 	 11 
2.40 	 0.0000 	 0.4368 	 18 	 11 
2.50 	 0.0000 	 0.4374 	 18 	 11 
2.60 	 0.0000 	 0.4373 	 18 	 11 
2.70 	 0.0000 	 0.4349 	 18 	 11 
2.80 	 0.0000 	 0.4355 	 18 	 11 
2.90 	 0.0000 	 0.4366 	 18 	 11 
3.00 	 3.3333 	 0.4381 	 18 	 11 
3.10 	 0.0000 	 0.4397 	 18 	 11 
3.20 	 0.0000 	 0.4400 	 18 	 11 
3.30 	 0.0000 	 0.4411 	 18 	 11 
3.40 	 0.0000 	 0.4426 	 18 	 11 
3.50 	 0.0000 	 0.4436 	 18 	 14 
3.60 	 3.3333 	 0.4445 	 18 	 14 
3.70 	 0.0000 	 0.4465 	 18 	 14 
3.80 	 0.0000 	 0.4475 	 18 	 11 
3.90 	 0.0000 	 0.4483 	 18 	 11 
4.00 	 0.0000 	 0.4496 	 18 	 11 
4.10 	 0.0000 	 0.4501 	 18 	 11 
4.20 	 0.0000 	 0.4520 	 18 	 11 
4.30 	 0.0000 	 0.4525 	 18 	 11 
4.40 	 3.3333 	 0.4538 	 18 	 11 
4.50 	 0.0000 	 0.4550 	 18 	 11 
4.60 	 0.0000 	 0.4568 	 18 	 14 
4.70 	 0.0000 	 0.4586 	 18 	 14 
4.80 	 0.0000 	 0.4596 	 18 	 14 
4.90 	 0.0000 	 0.4613 	 19 	 14 
5.00 	 3.3333 	 0.4618 	 19 	 14 
5.10 	 0.0000 	 0.4627 	 19 	 14 
5.20 	 0.0000 	 0.4626 	 19 	 14 
5.30 	 0.0000 	 0.4630 	 19 	 14 
5.40 	 0.0000 	 0.4627 	 19 	 11 
5.50 	 0.0000 	 0.4640 	 19 	 11 
5.60 	 0.0000 	 0.4643 	 19 	 14 
5.70 	 3.3333 	 0.4648 	 19 	 14 
5.80 	 0.0000 	 0.4648 	 19 	 14 
5.90 	 0.0000 	 0.4651 	 19 	 11 
6.00 	 0.0000 	 0.4662 	 19 	 11 
6.10 	 0.0000 	 0.4681 	 19 	 14 
6.20 	 3.3333 	 0.4692 	 19 	 14 
6.30 	 0.0000 	 0.4715 	 19 	 14 
6.40 	 0.0000 	 0.4731 	 19 	 14 
6.50 	 0.0000 	 0.4746 	 19 	 14 
6.60 	 0.0000 	 0.4751 	 19 	 14 
6.70 	 0.0000 	 0.4748 	 19 	 14 
6.80 	 0.0000 	 0.4753 	 19 	 14 
6.90 	 0.0000 	 0.4761 	 19 	 11 
7.00 	 0.0000 	 0.4765 	 19 	 11 
7.10 	 0.0000 	 0.4771 	 19 	 11 
7.20 	 0.0000 	 0.4781 	 19 	 14 
7.30 	 0.0000 	 0.4798 	 19 	 10 
7.40 	 0.0000 	 0.4795 	 0 	 10 
7.50 	 0.0000 	 0.4803 	 0 	 10 
7.60 	 3.3333 	 0.4807 	 0 	 11 
7.70 	 0.0000 	 0.4817 	 0 	 11 
7.80 	 0.0000 	 0.4813 	 0 	 11 
7.90 	 0.0000 	 0.4818 	 0 	 11 
8.00 	 0.0000 	 0.4820 	 0 	 11 
8.10 	 0.0000 	 0.4827 	 0 	 13 
8.20 	 0.0000 	 0.4831 	 0 	 13 
8.30 	 0.0000 	 0.4840 	 0 	 13 
8.40 	 0.0000 	 0.4848 	 0 	 13 
8.50 	 0.0000 	 0.4850 	 0 	 14 
8.60 	 0.0000 	 0.4845 	 0 	 14 
8.70 	 0.0000 	 0.4854 	 0 	 14 
8.80 	 0.0000 	 0.4858 	 0 	 14 
8.90 	 3.3333 	 0.4868 	 0 	 14 
9.00 	 0.0000 	 0.4880 	 0 	 10 
9.10 	 0.0000 	 0.4896 	 0 	 10 
9.20 	 0.0000 	 0.4896 	 0 	 10 
9.30 	 0.0000 	 0.4897 	 0 	 10 
9.40 	 0.0000 	 0.4898 	 0 	 10 
9.50 	 0.0000 	 0.4902 	 0 	 10 
9.60 	 0.0000 	 0.4902 	 0 	 10 
9.70 	 3.3333 	 0.4912 	 0 	 10 
9.80 	 0.0000 	 0.4928 	 0 	 10 
9.90 	 3.3333 	 0.4939 	 1 	 10 
10.00 	 0.0000 	 0.4950 	 1 	 13 
10.10 	 0.0000 	 0.4955 	 1 	 13 
10.20 	 0.0000 	 0.4958 	 1 	 13 
10.30 	 0.0000 	 0.4961 	 1 	 9 
10.40 	 3.3333 	 0.4968 	 1 	 13 
10.50 	 0.0000 	 0.4973 	 1 	 13 
10.60 	 0.0000 	 0.4984 	 1 	 13 
10.70 	 0.0000 	 0.4990 	 1 	 9 
10.80 	 0.0000 	 0.4997 	 1 	 9 
10.90 	 0.0000 	 0.5000 	 1 	 13 
11.00 	 0.0000 	 0.5008 	 1 	 13 
11.10 	 0.0000 	 0.5015 	 1 	 9 
11.20 	 0.0000 	 0.5027 	 1 	 9 
11.30 	 0.0000 	 0.5023 	 1 	 9 
11.40 	 0.0000 	 0.5036 	 1 	 9 
11.50 	 6.6667 	 0.5054 	 1 	 9 
11.60 	 0.0000 	 0.5057 	 1 	 9 
11.70 	 0.0000 	 0.5070 	 1 	 9 
11.80 	 3.3333 	 0.5085 	 1 	 9 
11.90 	 0.0000 	 0.5095 	 1 	 13 
12.00 	 0.0000 	 0.5101 	 1 	 13 
12.10 	 0.0000 	 0.5110 	 1 	 13 
12.20 	 0.0000 	 0.5127 	 1 	 13 
12.30 	 0.0000 	 0.5140 	 1 	 9 
12.40 	 0.0000 	 0.5156 	 2 	 9 
12.50 	 0.0000 	 0.5166 	 2 	 9 
12.60 	 0.0000 	 0.5177 	 2 	 9 
12.70 	 0.0000 	 0.5187 	 2 	 9 
12.80 	 0.0000 	 0.5185 	 2 	 12 
12.90 	 3.3333 	 0.5184 	 2 	 13 
13.00 	 3.3333 	 0.5191 	 2 	 13 
13.10 	 0.0000 	 0.5203 	 2 	 13 
13.20 	 3.3333 	 0.5214 	 2 	 13 
13.30 	 0.0000 	 0.5226 	 2 	 13 
13.40 	 0.0000 	 0.5227 	 2 	 13 
13.50 	 0.0000 	 0.5230 	 2 	 13 
13.60 	 0.0000 	 0.5228 	 2 	 13 
13.70 	 0.0000 	 0.5226 	 2 	 13 
13.80 	 0.0000 	 0.5232 	 2 	 9 
13.90 	 0.0000 	 0.5245 	 2 	 9 
14.00 	 0.0000 	 0.5265 	 2 	 9 
14.10 	 0.0000 	 0.5280 	 2 	 9 
14.20 	 3.3333 	 0.5291 	 2 	 9 
14.30 	 0.0000 	 0.5296 	 2 	 9 
14.40 	 3.3333 	 0.5305 	 2 	 9 
14.50 	 0.0000 	 0.5317 	 2 	 9 
14.60 	 3.3333 	 0.5322 	 2 	 12 
14.70 	 0.0000 	 0.5326 	 2 	 12 
14.80 	 0.0000 	 0.5334 	 2 	 12 
14.90 	 0.0000 	 0.5346 	 3 	 12 
15.00 	 0.0000 	 0.5360 	 3 	 12 
15.10 	 0.0000 	 0.5366 	 3 	 12 
15.20 	 0.0000 	 0.5370 	 3 	 12 
15.30 	 0.0000 	 0.5375 	 3 	 12 
15.40 	 0.0000 	 0.5386 	 3 	 12 
15.50 	 0.0000 	 0.5389 	 3 	 12 
15.60 	 3.3333 	 0.5405 	 3 	 12 
15.70 	 0.0000 	 0.5418 	 3 	 13 
15.80 	 3.3333 	 0.5418 	 3 	 13 
15.90 	 0.0000 	 0.5414 	 3 	 13 
16.00 	 3.3333 	 0.5423 	 3 	 12 
16.10 	 0.0000 	 0.5424 	 3 	 12 
16.20 	 0.0000 	 0.5427 	 3 	 12 
16.30 	 0.0000 	 0.5437 	 3 	 12 
16.40 	 0.0000 	 0.5453 	 3 	 12 
16.50 	 0.0000 	 0.5465 	 3 	 12 
16.60 	 0.0000 	 0.5482 	 3 	 11 
16.70 	 0.0000 	 0.5494 	 3 	 11 
16.80 	 0.0000 	 0.5507 	 3 	 11 
16.90 	 0.0000 	 0.5512 	 3 	 11 
17.00 	 0.0000 	 0.5524 	 3 	 11 
17.10 	 0.0000 	 0.5527 	 3 	 11 
17.20 	 6.6667 	 0.5532 	 3 	 11 
17.30 	 0.0000 	 0.5542 	 3 	 11 
17.40 	 3.3333 	 0.5537 	 4 	 11 
17.50 	 0.0000 	 0.5550 	 4 	 12 
17.60 	 0.0000 	 0.5560 	 4 	 12 
17.70 	 0.0000 	 0.5575 	 4 	 12 
17.80 	 0.0000 	 0.5585 	 4 	 12 
17.90 	 0.0000 	 0.5595 	 4 	 12 
18.00 	 0.0000 	 0.5607 	 4 	 12 
18.10 	 0.0000 	 0.5613 	 4 	 12 
18.20 	 0.0000 	 0.5628 	 4 	 12 
18.30 	 0.0000 	 0.5632 	 4 	 12 
18.40 	 0.0000 	 0.5648 	 4 	 12 
18.50 	 0.0000 	 0.5648 	 4 	 11 
18.60 	 6.6667 	 0.5653 	 4 	 11 
18.70 	 0.0000 	 0.5657 	 4 	 11 
18.80 	 3.3333 	 0.5668 	 4 	 11 
18.90 	 0.0000 	 0.5680 	 4 	 11 
19.00 	 0.0000 	 0.5691 	 4 	 11 
19.10 	 0.0000 	 0.5701 	 4 	 11 
19.20 	 0.0000 	 0.5708 	 4 	 11 
19.30 	 0.0000 	 0.5723 	 4 	 11 
19.40 	 0.0000 	 0.5727 	 4 	 11 
19.50 	 0.0000 	 0.5737 	 4 	 11 
19.60 	 0.0000 	 0.5733 	 4 	 11 
19.70 	 0.0000 	 0.5733 	 4 	 11 
19.80 	 0.0000 	 0.5743 	 4 	 11 
19.90 	 6.6667 	 0.5746 	 5 	 11 
20.00 	 0.0000 	 0.5750 	 5 	 11 
20.10 	 0.0000 	 0.5753 	 5 	 11 
20.20 	 3.3333 	 0.5758 	 5 	 11 
20.30 	 0.0000 	 0.5754 	 5 	 11 
20.40 	 0.0000 	 0.5755 	 5 	 11 
20.50 	 0.0000 	 0.5751 	 5 	 11 
20.60 	 0.0000 	 0.5748 	 5 	 11 
20.70 	 0.0000 	 0.5751 	 5 	 11 
20.80 	 0.0000 	 0.5760 	 5 	 11 
20.90 	 0.0000 	 0.5768 	 5 	 11 
21.00 	 0.0000 	 0.5779 	 5 	 11 
21.10 	 0.0000 	 0.5774 	 5 	 11 
21.20 	 0.0000 	 0.5781 	 5 	 11 
21.30 	 6.6667 	 0.5776 	 5 	 11 
21.40 	 0.0000 	 0.5777 	 5 	 11 
21.50 	 3.3333 	 0.5770 	 5 	 11 
21.60 	 0.0000 	 0.5770 	 5 	 11 
21.70 	 0.0000 	 0.5784 	 5 	 11 
21.80 	 0.0000 	 0.5788 	 5 	 11 
21.90 	 0.0000 	 0.5796 	 5 	 11 
22.00 	 0.0000 	 0.5807 	 5 	 11 
22.10 	 0.0000 	 0.5810 	 5 	 11 
22.20 	 0.0000 	 0.5822 	 5 	 11 
22.30 	 0.0000 	 0.5826 	 5 	 11 
22.40 	 0.0000 	 0.5831 	 6 	 11 
22.50 	 0.0000 	 0.5827 	 6 	 11 
22.60 	 0.0000 	 0.5830 	 6 	 11 
22.70 	 6.6667 	 0.5830 	 6 	 11 
22.80 	 0.0000 	 0.5826 	 6 	 11 
22.90 	 3.3333 	 0.5829 	 6 	 11 
23.00 	 0.0000 	 0.5819 	 6 	 11 
23.10 	 0.0000 	 0.5817 	 6 	 11 
23.20 	 0.0000 	 0.5820 	 6 	 11 
23.30 	 0.0000 	 0.5829 	 6 	 11 
23.40 	 0.0000 	 0.5833 	 6 	 11 
23.50 	 0.0000 	 0.5833 	 6 	 11 
23.60 	 0.0000 	 0.5838 	 6 	 11 
23.70 	 0.0000 	 0.5816 	 6 	 11 
23.80 	 0.0000 	 0.5819 	 6 	 10 
23.90 	 0.0000 	 0.5831 	 6 	 10 
24.00 	 0.0000 	 0.5841 	 6 	 10 
24.10 	 6.6667 	 0.5843 	 6 	 11 
24.20 	 0.0000 	 0.5849 	 6 	 11 
24.30 	 3.3333 	 0.5861 	 6 	 10 
24.40 	 0.0000 	 0.5871 	 6 	 10 
24.50 	 0.0000 	 0.5885 	 6 	 10 
24.60 	 0.0000 	 0.5896 	 6 	 10 
24.70 	 0.0000 	 0.5902 	 6 	 10 
24.80 	 0.0000 	 0.5912 	 6 	 10 
24.90 	 0.0000 	 0.5918 	 7 	 10 
25.00 	 0.0000 	 0.5935 	 7 	 10 
25.10 	 0.0000 	 0.5941 	 7 	 10 
25.20 	 0.0000 	 0.5952 	 7 	 10 
25.30 	 0.0000 	 0.5964 	 7 	 10 
25.40 	 0.0000 	 0.5962 	 7 	 10 
25.50 	 6.6667 	 0.5963 	 7 	 10 
25.60 	 0.0000 	 0.5972 	 7 	 10 
25.70 	 3.3333 	 0.5981 	 7 	 10 
25.80 	 0.0000 	 0.5997 	 7 	 10 
25.90 	 0.0000 	 0.6008 	 7 	 10 
26.00 	 0.0000 	 0.6022 	 7 	 10 
26.10 	 0.0000 	 0.6029 	 7 	 10 
26.20 	 0.0000 	 0.6032 	 7 	 10 
26.30 	 0.0000 	 0.6038 	 7 	 10 
26.40 	 0.0000 	 0.6045 	 7 	 10 
26.50 	 0.0000 	 0.6048 	 7 	 10 
26.60 	 0.0000 	 0.6063 	 7 	 10 
26.70 	 0.0000 	 0.6072 	 7 	 10 
26.80 	 0.0000 	 0.6092 	 7 	 10 
26.90 	 6.6667 	 0.6099 	 7 	 10 
27.00 	 0.0000 	 0.6110 	 7 	 10 
27.10 	 3.3333 	 0.6115 	 7 	 10 
27.20 	 0.0000 	 0.6122 	 7 	 10 
27.30 	 0.0000 	 0.6135 	 7 	 10 
27.40 	 0.0000 	 0.6143 	 8 	 10 
27.50 	 0.0000 	 0.6155 	 8 	 10 
27.60 	 0.0000 	 0.6157 	 8 	 10 
27.70 	 0.0000 	 0.6160 	 8 	 10 
27.80 	 0.0000 	 0.6164 	 8 	 10 
27.90 	 0.0000 	 0.6159 	 8 	 10 
28.00 	 0.0000 	 0.6166 	 8 	 9 
28.10 	 0.0000 	 0.6171 	 8 	 9 
28.20 	 0.0000 	 0.6174 	 8 	 9 
28.30 	 6.6667 	 0.6190 	 8 	 9 
28.40 	 0.0000 	 0.6193 	 8 	 9 
28.50 	 3.3333 	 0.6200 	 8 	 9 
28.60 	 0.0000 	 0.6194 	 8 	 9 
28.70 	 0.0000 	 0.6185 	 8 	 9 
28.80 	 0.0000 	 0.6173 	 8 	 9 
28.90 	 0.0000 	 0.6174 	 8 	 9 
29.00 	 0.0000 	 0.6169 	 8 	 9 
29.10 	 0.0000 	 0.6164 	 8 	 9 
29.20 	 0.0000 	 0.6162 	 8 	 9 
29.30 	 0.0000 	 0.6164 	 8 	 9 
29.40 	 0.0000 	 0.6157 	 8 	 9 
29.50 	 0.0000 	 0.6166 	 8 	 9 
29.60 	 3.3333 	 0.6177 	 8 	 9 
29.70 	 3.3333 	 0.6175 	 8 	 9 
29.80 	 0.0000 	 0.6173 	 8 	 9 
29.90 	 3.3333 	 0.6179 	 8 	 9 
30.00 	 0.0000 	 0.6176 	 8 	 9 
30.10 	 0.0000 	 0.6176 	 8 	 9 
30.20 	 0.0000 	 0.6176 	 8 	 9 
30.30 	 0.0000 	 0.6174 	 8 	 9 
30.40 	 0.0000 	 0.6178 	 8 	 9 
30.50 	 0.0000 	 0.6176 	 8 	 9 
30.60 	 0.0000 	 0.6185 	 8 	 9 
30.70 	 0.0000 	 0.6188 	 8 	 9 
30.80 	 0.0000 	 0.6195 	 8 	 9 
30.90 	 0.0000 	 0.6202 	 8 	 9 
31.00 	 3.3333 	 0.6209 	 8 	 9 
31.10 	 3.3333 	 0.6224 	 8 	 9 
31.20 	 3.3333 	 0.6222 	 8 	 9 
31.30 	 0.0000 	 0.6226 	 8 	 9 
31.40 	 0.0000 	 0.6225 	 8 	 9 
31.50 	 0.0000 	 0.6234 	 8 	 9 
31.60 	 0.0000 	 0.6238 	 8 	 9 
31.70 	 0.0000 	 0.6239 	 8 	 9 
31.80 	 0.0000 	 0.6245 	 8 	 9 
31.90 	 0.0000 	 0.6246 	 8 	 9 
32.00 	 0.0000 	 0.6262 	 8 	 9 
32.10 	 0.0000 	 0.6272 	 8 	 9 
32.20 	 0.0000 	 0.6276 	 8 	 9 
32.30 	 0.0000 	 0.6284 	 8 	 9 
32.40 	 3.3333 	 0.6292 	 8 	 9 
32.50 	 3.3333 	 0.6306 	 8 	 9 
32.60 	 3.3333 	 0.6310 	 8 	 9 
32.70 	 0.0000 	 0.6322 	 8 	 9 
32.80 	 0.0000 	 0.6329 	 8 	 9 
32.90 	 0.0000 	 0.6332 	 8 	 9 
33.00 	 0.0000 	 0.6325 	 8 	 9 
33.10 	 0.0000 	 0.6332 	 8 	 9 
33.20 	 0.0000 	 0.6332 	 8 	 9 
33.30 	 0.0000 	 0.6340 	 8 	 9 
33.40 	 0.0000 	 0.6356 	 8 	 9 
33.50 	 0.0000 	 0.6364 	 8 	 9 
33.60 	 0.0000 	 0.6370 	 8 	 9 
33.70 	 0.0000 	 0.6373 	 8 	 9 
33.80 	 3.3333 	 0.6365 	 8 	 9 
33.90 	 3.3333 	 0.6375 	 8 	 9 
34.00 	 3.3333 	 0.6382 	 8 	 9 
34.10 	 0.0000 	 0.6397 	 8 	 9 
34.20 	 0.0000 	 0.6410 	 8 	 9 
34.30 	 0.0000 	 0.6422 	 8 	 9 
34.40 	 0.0000 	 0.6423 	 8 	 9 
34.50 	 0.0000 	 0.6430 	 8 	 9 
34.60 	 0.0000 	 0.6433 	 8 	 8 
34.70 	 0.0000 	 0.6439 	 8 	 8 
34.80 	 0.0000 	 0.6446 	 8 	 8 
34.90 	 0.0000 	 0.6456 	 8 	 8 
35.00 	 0.0000 	 0.6467 	 8 	 8 
35.10 	 0.0000 	 0.6482 	 8 	 8 
35.20 	 3.3333 	 0.6490 	 8 	 8 
35.30 	 3.3333 	 0.6487 	 8 	 8 
35.40 	 3.3333 	 0.6501 	 8 	 8 
35.50 	 0.0000 	 0.6465 	 8 	 8 
35.60 	 0.0000 	 0.6475 	 8 	 8 
35.70 	 0.0000 	 0.6494 	 8 	 8 
35.80 	 0.0000 	 0.6505 	 8 	 8 
35.90 	 0.0000 	 0.6506 	 8 	 8 
36.00 	 0.0000 	 0.6507 	 8 	 8 
36.10 	 0.0000 	 0.6512 	 8 	 8 
36.20 	 0.0000 	 0.6504 	 8 	 8 
36.30 	 0.0000 	 0.6518 	 8 	 8 
36.40 	 0.0000 	 0.6519 	 8 	 8 
36.50 	 3.3333 	 0.6529 	 8 	 8 
36.60 	 0.0000 	 0.6533 	 8 	 8 
36.70 	 3.3333 	 0.6532 	 8 	 8 
36.80 	 3.3333 	 0.6536 	 8 	 8 
36.90 	 0.0000 	 0.6534 	 8 	 8 
37.00 	 0.0000 	 0.6537 	 8 	 8 
37.10 	 0.0000 	 0.6535 	 8 	 8 
37.20 	 0.0000 	 0.6542 	 8 	 8 
37.30 	 0.0000 	 0.6540 	 8 	 8 
37.40 	 0.0000 	 0.6541 	 8 	 8 
37.50 	 0.0000 	 0.6532 	 8 	 8 
37.60 	 0.0000 	 0.6518 	 8 	 8 
37.70 	 0.0000 	 0.6522 	 8 	 8 
37.80 	 0.0000 	 0.6530 	 8 	 8 
37.90 	 3.3333 	 0.6529 	 8 	 8 
38.00 	 0.0000 	 0.6525 	 8 	 8 
38.10 	 0.0000 	 0.6533 	 8 	 8 
38.20 	 6.6667 	 0.6535 	 8 	 8 
38.30 	 0.0000 	 0.6537 	 8 	 8 
38.40 	 0.0000 	 0.6538 	 8 	 8 
38.50 	 0.0000 	 0.6539 	 8 	 8 
38.60 	 0.0000 	 0.6531 	 8 	 8 
38.70 	 0.0000 	 0.6527 	 8 	 8 
38.80 	 0.0000 	 0.6522 	 8 	 8 
38.90 	 0.0000 	 0.6520 	 8 	 8 
39.00 	 0.0000 	 0.6512 	 8 	 8 
39.10 	 0.0000 	 0.6509 	 8 	 8 
39.20 	 0.0000 	 0.6514 	 8 	 8 
39.30 	 3.3333 	 0.6517 	 8 	 8 
39.40 	 0.0000 	 0.6530 	 8 	 8 
39.50 	 0.0000 	 0.6536 	 8 	 8 
39.60 	 6.6667 	 0.6542 	 8 	 8 
39.70 	 0.0000 	 0.6545 	 8 	 8 
39.80 	 0.0000 	 0.6544 	 8 	 8 
39.90 	 0.0000 	 0.6549 	 8 	 8 
40.00 	 0.0000 	 0.6552 	 8 	 8 
40.10 	 0.0000 	 0.6556 	 8 	 8 
40.20 	 0.0000 	 0.6562 	 8 	 8 
40.30 	 0.0000 	 0.6564 	 8 	 8 
40.40 	 0.0000 	 0.6566 	 8 	 8 
40.50 	 0.0000 	 0.6570 	 8 	 8 
40.60 	 0.0000 	 0.6572 	 8 	 8 
40.70 	 3.3333 	 0.6580 	 9 	 8 
40.80 	 0.0000 	 0.6578 	 9 	 8 
40.90 	 0.0000 	 0.6584 	 9 	 8 
41.00 	 3.3333 	 0.6585 	 9 	 8 
41.10 	 3.3333 	 0.6587 	 9 	 8 
41.20 	 0.0000 	 0.6595 	 9 	 8 
41.30 	 0.0000 	 0.6602 	 9 	 8 
41.40 	 0.0000 	 0.6613 	 9 	 8 
41.50 	 0.0000 	 0.6614 	 9 	 8 
41.60 	 0.0000 	 0.6613 	 9 	 8 
41.70 	 0.0000 	 0.6623 	 9 	 8 
41.80 	 0.0000 	 0.6619 	 9 	 8 
41.90 	 0.0000 	 0.6624 	 9 	 8 
42.00 	 0.0000 	 0.6618 	 9 	 8 
42.10 	 3.3333 	 0.6620 	 9 	 8 
42.20 	 0.0000 	 0.6632 	 9 	 8 
42.30 	 3.3333 	 0.6618 	 9 	 8 
42.40 	 0.0000 	 0.6625 	 9 	 8 
42.50 	 3.3333 	 0.6631 	 9 	 8 
42.60 	 0.0000 	 0.6635 	 9 	 9 
42.70 	 0.0000 	 0.6636 	 9 	 7 
42.80 	 0.0000 	 0.6644 	 9 	 7 
42.90 	 0.0000 	 0.6642 	 9 	 7 
43.00 	 0.0000 	 0.6634 	 9 	 7 
43.10 	 0.0000 	 0.6633 	 9 	 7 
43.20 	 0.0000 	 0.6639 	 9 	 7 
43.30 	 0.0000 	 0.6634 	 9 	 7 
43.40 	 0.0000 	 0.6627 	 9 	 7 
43.50 	 3.3333 	 0.6620 	 9 	 7 
43.60 	 0.0000 	 0.6621 	 9 	 7 
43.70 	 3.3333 	 0.6622 	 9 	 8 
43.80 	 0.0000 	 0.6615 	 9 	 8 
43.90 	 0.0000 	 0.6622 	 9 	 8 
44.00 	 3.3333 	 0.6618 	 9 	 8 
44.10 	 0.0000 	 0.6626 	 9 	 7 
44.20 	 0.0000 	 0.6620 	 9 	 7 
44.30 	 0.0000 	 0.6629 	 9 	 7 
44.40 	 0.0000 	 0.6624 	 9 	 7 
44.50 	 0.0000 	 0.6624 	 9 	 7 
44.60 	 0.0000 	 0.6626 	 9 	 7 
44.70 	 0.0000 	 0.6630 	 9 	 7 
44.80 	 0.0000 	 0.6628 	 9 	 7 
44.90 	 3.3333 	 0.6631 	 9 	 7 
45.00 	 0.0000 	 0.6620 	 9 	 7 
45.10 	 3.3333 	 0.6619 	 9 	 7 
45.20 	 0.0000 	 0.6616 	 9 	 7 
45.30 	 0.0000 	 0.6615 	 9 	 7 
45.40 	 0.0000 	 0.6614 	 9 	 7 
45.50 	 3.3333 	 0.6617 	 9 	 7 
45.60 	 0.0000 	 0.6621 	 9 	 7 
45.70 	 0.0000 	 0.6623 	 9 	 7 
45.80 	 0.0000 	 0.6623 	 9 	 7 
45.90 	 0.0000 	 0.6622 	 9 	 7 
46.00 	 0.0000 	 0.6627 	 9 	 7 
46.10 	 0.0000 	 0.6628 	 9 	 7 
46.20 	 3.3333 	 0.6627 	 10 	 7 
46.30 	 0.0000 	 0.6631 	 10 	 7 
46.40 	 0.0000 	 0.6625 	 10 	 7 
46.50 	 3.3333 	 0.6632 	 10 	 7 
46.60 	 0.0000 	 0.6629 	 10 	 7 
46.70 	 0.0000 	 0.6626 	 10 	 7 
46.80 	 0.0000 	 0.6625 	 10 	 7 
46.90 	 3.3333 	 0.6625 	 10 	 7 
47.00 	 0.0000 	 0.6626 	 10 	 7 
47.10 	 0.0000 	 0.6623 	 10 	 7 
47.20 	 0.0000 	 0.6631 	 10 	 7 
47.30 	 0.0000 	 0.6622 	 10 	 7 
47.40 	 0.0000 	 0.6635 	 10 	 7 
47.50 	 0.0000 	 0.6636 	 10 	 7 
47.60 	 3.3333 	 0.6630 	 10 	 7 
47.70 	 0.0000 	 0.6632 	 10 	 7 
47.80 	 0.0000 	 0.6633 	 10 	 7 
47.90 	 3.3333 	 0.6624 	 10 	 7 
48.00 	 0.0000 	 0.6624 	 10 	 7 
48.10 	 0.0000 	 0.6623 	 10 	 7 
48.20 	 0.0000 	 0.6623 	 10 	 7 
48.30 	 0.0000 	 0.6612 	 10 	 7 
48.40 	 3.3333 	 0.6615 	 10 	 7 
48.50 	 0.0000 	 0.6613 	 10 	 7 
48.60 	 0.0000 	 0.6606 	 10 	 7 
48.70 	 0.0000 	 0.6612 	 10 	 7 
48.80 	 0.0000 	 0.6614 	 10 	 7 
48.90 	 0.0000 	 0.6604 	 10 	 6 
49.00 	 3.3333 	 0.6611 	 10 	 6 
49.10 	 0.0000 	 0.6602 	 10 	 6 
49.20 	 0.0000 	 0.6604 	 10 	 6 
49.30 	 3.3333 	 0.6601 	 10 	 6 
49.40 	 0.0000 	 0.6597 	 10 	 6 
49.50 	 0.0000 	 0.6584 	 10 	 6 
49.60 	 0.0000 	 0.6577 	 10 	 7 
49.70 	 0.0000 	 0.6567 	 10 	 6 
49.80 	 0.0000 	 0.6570 	 10 	 6 
49.90 	 3.3333 	 0.6574 	 10 	 6 
50.00 	 0.0000 	 0.6568 	 10 	 6 
50.10 	 0.0000 	 0.6560 	 10 	 6 
50.20 	 0.0000 	 0.6574 	 10 	 7 
50.30 	 0.0000 	 0.6573 	 10 	 6 
50.40 	 3.3333 	 0.6569 	 10 	 6 
50.50 	 0.0000 	 0.6577 	 10 	 6 
50.60 	 0.0000 	 0.6574 	 10 	 6 
50.70 	 3.3333 	 0.6571 	 10 	 6 
50.80 	 0.0000 	 0.6568 	 10 	 6 
50.90 	 0.0000 	 0.6567 	 10 	 6 
51.00 	 0.0000 	 0.6573 	 11 	 6 
51.10 	 0.0000 	 0.6575 	 11 	 6 
51.20 	 0.0000 	 0.6578 	 11 	 6 
51.30 	 0.0000 	 0.6582 	 11 	 6 
51.40 	 3.3333 	 0.6593 	 11 	 6 
51.50 	 0.0000 	 0.6586 	 11 	 6 
51.60 	 0.0000 	 0.6593 	 11 	 6 
51.70 	 0.0000 	 0.6585 	 11 	 6 
51.80 	 3.3333 	 0.6592 	 11 	 6 
51.90 	 0.0000 	 0.6591 	 11 	 6 
52.00 	 0.0000 	 0.6597 	 11 	 6 
52.10 	 3.3333 	 0.6600 	 11 	 6 
52.20 	 0.0000 	 0.6600 	 11 	 6 
52.30 	 0.0000 	 0.6606 	 11 	 6 
52.40 	 0.0000 	 0.6611 	 11 	 6 
52.50 	 0.0000 	 0.6622 	 11 	 6 
52.60 	 0.0000 	 0.6626 	 11 	 6 
52.70 	 0.0000 	 0.6625 	 11 	 6 
52.80 	 0.0000 	 0.6626 	 11 	 6 
52.90 	 3.3333 	 0.6622 	 11 	 6 
53.00 	 0.0000 	 0.6627 	 11 	 6 
53.10 	 0.0000 	 0.6631 	 11 	 6 
53.20 	 3.3333 	 0.6633 	 11 	 6 
53.30 	 0.0000 	 0.6635 	 11 	 6 
53.40 	 0.0000 	 0.6637 	 11 	 6 
53.50 	 3.3333 	 0.6642 	 11 	 6 
53.60 	 0.0000 	 0.6647 	 11 	 6 
53.70 	 0.0000 	 0.6646 	 11 	 6 
53.80 	 0.0000 	 0.6644 	 11 	 6 
53.90 	 0.0000 	 0.6638 	 11 	 6 
54.00 	 0.0000 	 0.6636 	 11 	 6 
54.10 	 0.0000 	 0.6638 	 11 	 6 
54.20 	 0.0000 	 0.6639 	 11 	 6 
54.30 	 3.3333 	 0.6639 	 11 	 6 
54.40 	 0.0000 	 0.6639 	 11 	 6 
54.50 	 0.0000 	 0.6631 	 11 	 6 
54.60 	 3.3333 	 0.6640 	 11 	 6 
54.70 	 0.0000 	 0.6641 	 11 	 6 
54.80 	 0.0000 	 0.6648 	 11 	 6 
54.90 	 3.3333 	 0.6652 	 11 	 6 
55.00 	 0.0000 	 0.6650 	 11 	 6 
55.10 	 0.0000 	 0.6649 	 11 	 6 
55.20 	 0.0000 	 0.6648 	 11 	 6 
55.30 	 0.0000 	 0.6649 	 11 	 6 
55.40 	 0.0000 	 0.6639 	 11 	 6 
55.50 	 0.0000 	 0.6637 	 11 	 6 
55.60 	 0.0000 	 0.6633 	 11 	 6 
55.70 	 0.0000 	 0.6634 	 12 	 6 
55.80 	 3.3333 	 0.6633 	 12 	 6 
55.90 	 0.0000 	 0.6639 	 12 	 6 
56.00 	 3.3333 	 0.6627 	 12 	 6 
56.10 	 0.0000 	 0.6620 	 12 	 6 
56.20 	 3.3333 	 0.6627 	 12 	 6 
56.30 	 0.0000 	 0.6625 	 12 	 6 
56.40 	 0.0000 	 0.6623 	 12 	 6 
56.50 	 0.0000 	 0.6618 	 12 	 6 
56.60 	 0.0000 	 0.6623 	 12 	 6 
56.70 	 0.0000 	 0.6617 	 12 	 6 
56.80 	 0.0000 	 0.6617 	 12 	 6 
56.90 	 0.0000 	 0.6612 	 12 	 8 
57.00 	 0.0000 	 0.6618 	 12 	 5 
57.10 	 0.0000 	 0.6625 	 12 	 5 
57.20 	 0.0000 	 0.6627 	 12 	 5 
57.30 	 6.6667 	 0.6628 	 12 	 5 
57.40 	 0.0000 	 0.6632 	 12 	 5 
57.50 	 0.0000 	 0.6649 	 12 	 5 
57.60 	 3.3333 	 0.6658 	 12 	 5 
57.70 	 0.0000 	 0.6661 	 12 	 5 
57.80 	 0.0000 	 0.6665 	 12 	 6 
57.90 	 0.0000 	 0.6671 	 12 	 6 
58.00 	 0.0000 	 0.6671 	 12 	 6 
58.10 	 0.0000 	 0.6669 	 12 	 5 
58.20 	 0.0000 	 0.6668 	 12 	 5 
58.30 	 0.0000 	 0.6663 	 12 	 5 
58.40 	 0.0000 	 0.6661 	 12 	 7 
58.50 	 0.0000 	 0.6657 	 12 	 5 
58.60 	 0.0000 	 0.6663 	 12 	 5 
58.70 	 3.3333 	 0.6668 	 12 	 5 
58.80 	 3.3333 	 0.6664 	 12 	 5 
58.90 	 0.0000 	 0.6673 	 12 	 5 
59.00 	 3.3333 	 0.6677 	 12 	 5 
59.10 	 0.0000 	 0.6671 	 12 	 5 
59.20 	 0.0000 	 0.6668 	 12 	 5 
59.30 	 0.0000 	 0.6671 	 12 	 5 
59.40 	 0.0000 	 0.6669 	 12 	 5 
59.50 	 0.0000 	 0.6668 	 12 	 5 
59.60 	 0.0000 	 0.6664 	 12 	 5 
59.70 	 0.0000 	 0.6660 	 12 	 5 
59.80 	 0.0000 	 0.6661 	 12 	 5 
59.90 	 0.0000 	 0.6662 	 13 	 5 
60.00 	 0.0000 	 0.6667 	 13 	 5 
60.10 	 3.3333 	 0.6670 	 13 	 5 
60.20 	 0.0000 	 0.6664 	 13 	 5 
60.30 	 3.3333 	 0.6666 	 13 	 5 
60.40 	 3.3333 	 0.6669 	 13 	 5 
60.50 	 0.0000 	 0.6667 	 13 	 5 
60.60 	 0.0000 	 0.6660 	 13 	 5 
60.70 	 0.0000 	 0.6657 	 13 	 5 
60.80 	 0.0000 	 0.6657 	 13 	 5 
60.90 	 0.0000 	 0.6672 	 13 	 5 
61.00 	 0.0000 	 0.6675 	 13 	 5 
61.10 	 0.0000 	 0.6665 	 13 	 5 
61.20 	 0.0000 	 0.6662 	 13 	 5 
61.30 	 0.0000 	 0.6658 	 13 	 5 
61.40 	 0.0000 	 0.6657 	 13 	 5 
61.50 	 3.3333 	 0.6656 	 13 	 5 
61.60 	 0.0000 	 0.6663 	 13 	 5 
61.70 	 0.0000 	 0.6662 	 13 	 5 
61.80 	 6.6667 	 0.6660 	 13 	 5 
61.90 	 0.0000 	 0.6659 	 13 	 5 
62.00 	 0.0000 	 0.6659 	 13 	 5 
62.10 	 0.0000 	 0.6663 	 13 	 5 
62.20 	 0.0000 	 0.6663 	 13 	 5 
62.30 	 0.0000 	 0.6670 	 13 	 5 
62.40 	 0.0000 	 0.6656 	 13 	 5 
62.50 	 0.0000 	 0.6656 	 13 	 5 
62.60 	 0.0000 	 0.6664 	 13 	 5 
62.70 	 0.0000 	 0.6651 	 13 	 5 
62.80 	 0.0000 	 0.6653 	 13 	 5 
62.90 	 3.3333 	 0.6655 	 13 	 5 
63.00 	 0.0000 	 0.6662 	 13 	 5 
63.10 	 0.0000 	 0.6659 	 13 	 5 
63.20 	 6.6667 	 0.6655 	 13 	 5 
63.30 	 0.0000 	 0.6656 	 13 	 5 
63.40 	 0.0000 	 0.6652 	 13 	 5 
63.50 	 0.0000 	 0.6652 	 14 	 5 
63.60 	 0.0000 	 0.6651 	 14 	 5 
63.70 	 0.0000 	 0.6652 	 14 	 5 
63.80 	 0.0000 	 0.6656 	 14 	 5 
63.90 	 0.0000 	 0.6662 	 14 	 5 
64.00 	 0.0000 	 0.6655 	 14 	 5 
64.10 	 0.0000 	 0.6650 	 14 	 5 
64.20 	 0.0000 	 0.6656 	 14 	 5 
64.30 	 3.3333 	 0.6651 	 14 	 5 
64.40 	 0.0000 	 0.6651 	 14 	 4 
64.50 	 0.0000 	 0.6655 	 14 	 4 
64.60 	 3.3333 	 0.6657 	 14 	 4 
64.70 	 3.3333 	 0.6649 	 14 	 7 
64.80 	 0.0000 	 0.6648 	 14 	 4 
64.90 	 0.0000 	 0.6648 	 14 	 4 
65.00 	 0.0000 	 0.6649 	 14 	 4 
65.10 	 0.0000 	 0.6648 	 14 	 4 
65.20 	 0.0000 	 0.6652 	 14 	 5 
65.30 	 0.0000 	 0.6654 	 14 	 5 
65.40 	 0.0000 	 0.6659 	 14 	 5 
65.50 	 0.0000 	 0.6654 	 14 	 5 
65.60 	 0.0000 	 0.6655 	 14 	 4 
65.70 	 3.3333 	 0.6656 	 14 	 5 
65.80 	 0.0000 	 0.6659 	 14 	 4 
65.90 	 0.0000 	 0.6665 	 14 	 4 
66.00 	 3.3333 	 0.6666 	 14 	 4 
66.10 	 0.0000 	 0.6669 	 14 	 4 
66.20 	 3.3333 	 0.6656 	 14 	 4 
66.30 	 0.0000 	 0.6658 	 14 	 4 
66.40 	 0.0000 	 0.6658 	 14 	 4 
66.50 	 0.0000 	 0.6659 	 15 	 4 
66.60 	 0.0000 	 0.6665 	 15 	 4 
66.70 	 0.0000 	 0.6667 	 15 	 4 
66.80 	 0.0000 	 0.6664 	 15 	 4 
66.90 	 0.0000 	 0.6638 	 15 	 4 
67.00 	 0.0000 	 0.6638 	 15 	 4 
67.10 	 3.3333 	 0.6643 	 15 	 4 
67.20 	 0.0000 	 0.6652 	 15 	 4 
67.30 	 0.0000 	 0.6649 	 15 	 4 
67.40 	 3.3333 	 0.6658 	 15 	 4 
67.50 	 0.0000 	 0.6655 	 15 	 4 
67.60 	 0.0000 	 0.6654 	 15 	 4 
67.70 	 3.3333 	 0.6654 	 15 	 4 
67.80 	 0.0000 	 0.6658 	 15 	 4 
67.90 	 0.0000 	 0.6658 	 15 	 4 
68.00 	 0.0000 	 0.6654 	 15 	 4 
68.10 	 0.0000 	 0.6651 	 15 	 4 
68.20 	 0.0000 	 0.6647 	 15 	 4 
68.30 	 0.0000 	 0.6645 	 15 	 4 
68.40 	 0.0000 	 0.6638 	 15 	 4 
68.50 	 3.3333 	 0.6639 	 15 	 4 
68.60 	 0.0000 	 0.6648 	 15 	 4 
68.70 	 0.0000 	 0.6651 	 15 	 4 
68.80 	 3.3333 	 0.6653 	 15 	 4 
68.90 	 0.0000 	 0.6652 	 15 	 4 
69.00 	 0.0000 	 0.6657 	 15 	 4 
69.10 	 0.0000 	 0.6668 	 15 	 4 
69.20 	 3.3333 	 0.6670 	 15 	 4 
69.30 	 0.0000 	 0.6676 	 16 	 4 
69.40 	 0.0000 	 0.6673 	 16 	 4 
69.50 	 0.0000 	 0.6676 	 16 	 4 
69.60 	 0.0000 	 0.6672 	 16 	 4 
69.70 	 0.0000 	 0.6668 	 16 	 4 
69.80 	 0.0000 	 0.6670 	 16 	 4 
69.90 	 3.3333 	 0.6661 	 16 	 4 
70.00 	 0.0000 	 0.6671 	 16 	 4 
70.10 	 0.0000 	 0.6672 	 16 	 4 
70.20 	 3.3333 	 0.6671 	 16 	 4 
70.30 	 0.0000 	 0.6679 	 16 	 4 
70.40 	 0.0000 	 0.6679 	 16 	 4 
70.50 	 0.0000 	 0.6680 	 16 	 4 
70.60 	 0.0000 	 0.6682 	 16 	 4 
70.70 	 3.3333 	 0.6683 	 16 	 5 
70.80 	 0.0000 	 0.6681 	 16 	 5 
70.90 	 0.0000 	 0.6680 	 16 	 6 
71.00 	 0.0000 	 0.6682 	 16 	 6 
71.10 	 0.0000 	 0.6683 	 16 	 7 
71.20 	 0.0000 	 0.6680 	 16 	 4 
71.30 	 3.3333 	 0.6675 	 16 	 4 
71.40 	 0.0000 	 0.6681 	 16 	 4 
71.50 	 0.0000 	 0.6686 	 16 	 4 
71.60 	 3.3333 	 0.6688 	 16 	 3 
71.70 	 0.0000 	 0.6683 	 16 	 3 
71.80 	 0.0000 	 0.6681 	 16 	 3 
71.90 	 0.0000 	 0.6678 	 17 	 3 
72.00 	 0.0000 	 0.6672 	 17 	 3 
72.10 	 3.3333 	 0.6681 	 17 	 5 
72.20 	 0.0000 	 0.6682 	 17 	 5 
72.30 	 0.0000 	 0.6681 	 17 	 5 
72.40 	 0.0000 	 0.6679 	 17 	 3 
72.50 	 0.0000 	 0.6680 	 17 	 3 
72.60 	 0.0000 	 0.6677 	 17 	 3 
72.70 	 3.3333 	 0.6673 	 17 	 3 
72.80 	 0.0000 	 0.6674 	 17 	 3 
72.90 	 3.3333 	 0.6674 	 17 	 3 
73.00 	 0.0000 	 0.6681 	 17 	 4 
73.10 	 0.0000 	 0.6679 	 17 	 3 
73.20 	 0.0000 	 0.6681 	 17 	 3 
73.30 	 0.0000 	 0.6680 	 17 	 3 
73.40 	 0.0000 	 0.6686 	 17 	 3 
73.50 	 0.0000 	 0.6684 	 17 	 3 
73.60 	 3.3333 	 0.6683 	 17 	 3 
73.70 	 0.0000 	 0.6688 	 17 	 4 
73.80 	 0.0000 	 0.6681 	 17 	 5 
73.90 	 0.0000 	 0.6680 	 17 	 5 
74.00 	 0.0000 	 0.6681 	 17 	 3 
74.10 	 3.3333 	 0.6681 	 17 	 3 
74.20 	 0.0000 	 0.6676 	 17 	 3 
74.30 	 3.3333 	 0.6677 	 17 	 3 
74.40 	 0.0000 	 0.6687 	 17 	 3 
74.50 	 0.0000 	 0.6687 	 18 	 3 
74.60 	 0.0000 	 0.6690 	 18 	 3 
74.70 	 0.0000 	 0.6692 	 18 	 4 
74.80 	 0.0000 	 0.6687 	 18 	 4 
74.90 	 0.0000 	 0.6688 	 18 	 3 
75.00 	 0.0000 	 0.6686 	 18 	 3 
75.10 	 3.3333 	 0.6689 	 18 	 3 
75.20 	 0.0000 	 0.6687 	 18 	 3 
75.30 	 0.0000 	 0.6695 	 18 	 4 
75.40 	 0.0000 	 0.6699 	 18 	 3 
75.50 	 3.3333 	 0.6701 	 18 	 5 
75.60 	 0.0000 	 0.6706 	 18 	 3 
75.70 	 0.0000 	 0.6705 	 18 	 3 
75.80 	 3.3333 	 0.6707 	 18 	 6 
75.90 	 0.0000 	 0.6704 	 18 	 3 
76.00 	 0.0000 	 0.6706 	 18 	 3 
76.10 	 0.0000 	 0.6713 	 18 	 3 
76.20 	 0.0000 	 0.6714 	 18 	 3 
76.30 	 0.0000 	 0.6713 	 18 	 3 
76.40 	 0.0000 	 0.6713 	 18 	 4 
76.50 	 0.0000 	 0.6711 	 18 	 3 
76.60 	 3.3333 	 0.6713 	 18 	 3 
76.70 	 0.0000 	 0.6711 	 18 	 3 
76.80 	 0.0000 	 0.6706 	 18 	 3 
76.90 	 3.3333 	 0.6713 	 18 	 4 
77.00 	 0.0000 	 0.6720 	 18 	 3 
77.10 	 0.0000 	 0.6721 	 19 	 3 
77.20 	 3.3333 	 0.6714 	 19 	 5 
77.30 	 0.0000 	 0.6709 	 19 	 3 
77.40 	 0.0000 	 0.6721 	 19 	 6 
77.50 	 0.0000 	 0.6716 	 19 	 3 
77.60 	 0.0000 	 0.6714 	 19 	 3 
77.70 	 0.0000 	 0.6714 	 19 	 3 
77.80 	 0.0000 	 0.6716 	 19 	 3 
77.90 	 0.0000 	 0.6707 	 19 	 3 
78.00 	 0.0000 	 0.6706 	 19 	 3 
78.10 	 3.3333 	 0.6710 	 19 	 3 
78.20 	 0.0000 	 0.6708 	 19 	 3 
78.30 	 3.3333 	 0.6713 	 19 	 3 
78.40 	 0.0000 	 0.6714 	 19 	 3 
78.50 	 0.0000 	 0.6708 	 19 	 2 
78.60 	 3.3333 	 0.6707 	 19 	 4 
78.70 	 0.0000 	 0.6716 	 19 	 3 
78.80 	 0.0000 	 0.6711 	 19 	 5 
78.90 	 0.0000 	 0.6709 	 19 	 3 
79.00 	 0.0000 	 0.6713 	 19 	 3 
79.10 	 0.0000 	 0.6717 	 19 	 6 
79.20 	 0.0000 	 0.6717 	 19 	 2 
79.30 	 0.0000 	 0.6713 	 19 	 3 
79.40 	 0.0000 	 0.6712 	 19 	 3 
79.50 	 0.0000 	 0.6713 	 19 	 3 
79.60 	 3.3333 	 0.6695 	 0 	 3 
79.70 	 3.3333 	 0.6701 	 0 	 3 
79.80 	 0.0000 	 0.6705 	 0 	 3 
79.90 	 0.0000 	 0.6711 	 0 	 2 
80.00 	 3.3333 	 0.6708 	 0 	 2 
80.10 	 0.0000 	 0.6710 	 0 	 2 
80.20 	 0.0000 	 0.6710 	 0 	 4 
80.30 	 0.0000 	 0.6718 	 0 	 4 
80.40 	 0.0000 	 0.6718 	 0 	 3 
80.50 	 0.0000 	 0.6708 	 0 	 3 
80.60 	 0.0000 	 0.6709 	 0 	 2 
80.70 	 0.0000 	 0.6711 	 0 	 6 
80.80 	 0.0000 	 0.6710 	 0 	 2 
80.90 	 0.0000 	 0.6702 	 0 	 2 
81.00 	 0.0000 	 0.6699 	 0 	 3 
81.10 	 6.6667 	 0.6702 	 0 	 3 
81.20 	 0.0000 	 0.6710 	 0 	 3 
81.30 	 0.0000 	 0.6705 	 0 	 3 
81.40 	 3.3333 	 0.6707 	 0 	 2 
81.50 	 0.0000 	 0.6707 	 0 	 2 
81.60 	 0.0000 	 0.6711 	 0 	 2 
81.70 	 0.0000 	 0.6705 	 0 	 2 
81.80 	 0.0000 	 0.6711 	 0 	 4 
81.90 	 0.0000 	 0.6711 	 0 	 4 
82.00 	 0.0000 	 0.6715 	 0 	 3 
82.10 	 0.0000 	 0.6711 	 0 	 3 
82.20 	 0.0000 	 0.6711 	 0 	 2 
82.30 	 0.0000 	 0.6708 	 0 	 6 
82.40 	 0.0000 	 0.6710 	 0 	 2 
82.50 	 0.0000 	 0.6700 	 0 	 0 
82.60 	 3.3333 	 0.6701 	 1 	 3 
82.70 	 3.3333 	 0.6702 	 1 	 3 
82.80 	 0.0000 	 0.6700 	 1 	 3 
82.90 	 3.3333 	 0.6712 	 1 	 1 
83.00 	 0.0000 	 0.6708 	 1 	 2 
83.10 	 0.0000 	 0.6712 	 1 	 2 
83.20 	 0.0000 	 0.6709 	 1 	 2 
83.30 	 0.0000 	 0.6710 	 1 	 2 
83.40 	 0.0000 	 0.6708 	 1 	 3 
83.50 	 0.0000 	 0.6704 	 1 	 4 
83.60 	 0.0000 	 0.6705 	 1 	 3 
83.70 	 0.0000 	 0.6707 	 1 	 6 
83.80 	 0.0000 	 0.6706 	 1 	 2 
83.90 	 0.0000 	 0.6700 	 1 	 6 
84.00 	 3.3333 	 0.6703 	 1 	 2 
84.10 	 0.0000 	 0.6710 	 1 	 2 
84.20 	 3.3333 	 0.6713 	 1 	 3 
84.30 	 3.3333 	 0.6709 	 1 	 1 
84.40 	 0.0000 	 0.6703 	 1 	 1 
84.50 	 0.0000 	 0.6706 	 1 	 2 
84.60 	 0.0000 	 0.6704 	 1 	 2 
84.70 	 0.0000 	 0.6710 	 1 	 2 
84.80 	 0.0000 	 0.6708 	 1 	 2 
84.90 	 0.0000 	 0.6704 	 1 	 2 
85.00 	 0.0000 	 0.6704 	 1 	 3 
85.10 	 0.0000 	 0.6714 	 1 	 4 
85.20 	 0.0000 	 0.6709 	 1 	 3 
85.30 	 0.0000 	 0.6703 	 1 	 6 
85.40 	 0.0000 	 0.6709 	 1 	 0 
85.50 	 3.3333 	 0.6705 	 1 	 2 
85.60 	 0.0000 	 0.6708 	 1 	 2 
85.70 	 3.3333 	 0.6711 	 1 	 2 
85.80 	 3.3333 	 0.6710 	 1 	 1 
85.90 	 0.0000 	 0.6713 	 1 	 1 
86.00 	 0.0000 	 0.6707 	 1 	 1 
86.10 	 0.0000 	 0.6706 	 2 	 2 
86.20 	 0.0000 	 0.6707 	 2 	 2 
86.30 	 0.0000 	 0.6711 	 2 	 2 
86.40 	 0.0000 	 0.6704 	 2 	 2 
86.50 	 0.0000 	 0.6706 	 2 	 2 
86.60 	 0.0000 	 0.6706 	 2 	 3 
86.70 	 0.0000 	 0.6703 	 2 	 4 
86.80 	 0.0000 	 0.6700 	 2 	 3 
86.90 	 3.3333 	 0.6702 	 2 	 6 
87.00 	 0.0000 	 0.6706 	 2 	 5 
87.10 	 0.0000 	 0.6708 	 2 	 2 
87.20 	 3.3333 	 0.6705 	 2 	 2 
87.30 	 3.3333 	 0.6703 	 2 	 1 
87.40 	 0.0000 	 0.6709 	 2 	 1 
87.50 	 0.0000 	 0.6705 	 2 	 1 
87.60 	 0.0000 	 0.6704 	 2 	 2 
87.70 	 0.0000 	 0.6705 	 2 	 2 
87.80 	 0.0000 	 0.6706 	 2 	 2 
87.90 	 0.0000 	 0.6704 	 2 	 2 
88.00 	 0.0000 	 0.6700 	 2 	 2 
88.10 	 0.0000 	 0.6699 	 2 	 2 
88.20 	 0.0000 	 0.6703 	 2 	 3 
88.30 	 0.0000 	 0.6707 	 2 	 4 
88.40 	 3.3333 	 0.6700 	 2 	 4 
88.50 	 0.0000 	 0.6706 	 2 	 5 
88.60 	 0.0000 	 0.6707 	 2 	 5 
88.70 	 0.0000 	 0.6711 	 2 	 2 
88.80 	 6.6667 	 0.6707 	 2 	 1 
88.90 	 0.0000 	 0.6704 	 2 	 1 
89.00 	 0.0000 	 0.6699 	 2 	 1 
89.10 	 0.0000 	 0.6699 	 2 	 1 
89.20 	 0.0000 	 0.6701 	 2 	 2 
89.30 	 0.0000 	 0.6702 	 2 	 2 
89.40 	 0.0000 	 0.6703 	 2 	 2 
89.50 	 0.0000 	 0.6702 	 2 	 2 
89.60 	 0.0000 	 0.6706 	 2 	 0 
89.70 	 0.0000 	 0.6706 	 2 	 0 
89.80 	 0.0000 	 0.6702 	 2 	 0 
89.90 	 3.3333 	 0.6705 	 2 	 3 
90.00 	 0.0000 	 0.6703 	 2 	 4 
90.10 	 0.0000 	 0.6703 	 2 	 2 
90.20 	 0.0000 	 0.6706 	 2 	 5 
90.30 	 3.3333 	 0.6706 	 2 	 2 
90.40 	 3.3333 	 0.6703 	 2 	 1 
90.50 	 0.0000 	 0.6705 	 2 	 1 
90.60 	 0.0000 	 0.6705 	 3 	 1 
90.70 	 0.0000 	 0.6701 	 3 	 1 
90.80 	 0.0000 	 0.6696 	 3 	 2 
90.90 	 0.0000 	 0.6708 	 3 	 2 
91.00 	 0.0000 	 0.6702 	 3 	 2 
91.10 	 0.0000 	 0.6700 	 3 	 0 
91.20 	 0.0000 	 0.6699 	 3 	 0 
91.30 	 0.0000 	 0.6692 	 3 	 0 
91.40 	 3.3333 	 0.6687 	 3 	 1 
91.50 	 0.0000 	 0.6676 	 3 	 3 
91.60 	 0.0000 	 0.6671 	 3 	 4 
91.70 	 0.0000 	 0.6664 	 3 	 2 
91.80 	 0.0000 	 0.6661 	 3 	 5 
91.90 	 6.6667 	 0.6653 	 3 	 1 
92.00 	 0.0000 	 0.6650 	 3 	 1 
92.10 	 0.0000 	 0.6660 	 3 	 1 
92.20 	 0.0000 	 0.6659 	 3 	 1 
92.30 	 0.0000 	 0.6657 	 3 	 1 
92.40 	 0.0000 	 0.6659 	 3 	 2 
92.50 	 0.0000 	 0.6655 	 3 	 0 
92.60 	 0.0000 	 0.6655 	 3 	 0 
92.70 	 0.0000 	 0.6662 	 3 	 0 
92.80 	 0.0000 	 0.6660 	 3 	 0 
92.90 	 3.3333 	 0.6657 	 3 	 1 
93.00 	 0.0000 	 0.6661 	 3 	 1 
93.10 	 0.0000 	 0.6670 	 3 	 3 
93.20 	 0.0000 	 0.6661 	 3 	 4 
93.30 	 0.0000 	 0.6660 	 3 	 2 
93.40 	 3.3333 	 0.6661 	 3 	 5 
93.50 	 3.3333 	 0.6655 	 3 	 1 
93.60 	 0.0000 	 0.6661 	 3 	 1 
93.70 	 0.0000 	 0.6656 	 3 	 1 
93.80 	 0.0000 	 0.6650 	 3 	 1 
93.90 	 0.0000 	 0.6637 	 3 	 2 
94.00 	 0.0000 	 0.6646 	 3 	 0 
94.10 	 0.0000 	 0.6645 	 3 	 0 
94.20 	 0.0000 	 0.6653 	 3 	 0 
94.30 	 0.0000 	 0.6653 	 3 	 0 
94.40 	 3.3333 	 0.6655 	 3 	 1 
94.50 	 0.0000 	 0.6660 	 3 	 1 
94.60 	 0.0000 	 0.6649 	 3 	 1 
94.70 	 0.0000 	 0.6654 	 3 	 3 
94.80 	 0.0000 	 0.6655 	 3 	 4 
94.90 	 0.0000 	 0.6657 	 3 	 2 
95.00 	 6.6667 	 0.6659 	 4 	 1 
95.10 	 0.0000 	 0.6661 	 4 	 1 
95.20 	 0.0000 	 0.6672 	 4 	 1 
95.30 	 0.0000 	 0.6664 	 4 	 1 
95.40 	 0.0000 	 0.6671 	 4 	 0 
95.50 	 0.0000 	 0.6680 	 4 	 0 
95.60 	 0.0000 	 0.6676 	 4 	 0 
95.70 	 0.0000 	 0.6680 	 4 	 0 
95.80 	 0.0000 	 0.6681 	 4 	 0 
95.90 	 0.0000 	 0.6678 	 4 	 0 
96.00 	 3.3333 	 0.6677 	 4 	 1 
96.10 	 0.0000 	 0.6681 	 4 	 1 
96.20 	 0.0000 	 0.6690 	 4 	 1 
96.30 	 0.0000 	 0.6695 	 4 	 3 
96.40 	 0.0000 	 0.6691 	 4 	 4 
96.50 	 3.3333 	 0.6688 	 4 	 2 
96.60 	 3.3333 	 0.6697 	 4 	 1 
96.70 	 0.0000 	 0.6693 	 4 	 1 
96.80 	 0.0000 	 0.6697 	 4 	 1 
96.90 	 0.0000 	 0.6699 	 4 	 0 
97.00 	 0.0000 	 0.6701 	 4 	 0 
97.10 	 0.0000 	 0.6697 	 4 	 0 
97.20 	 0.0000 	 0.6696 	 4 	 0 
97.30 	 0.0000 	 0.6697 	 4 	 0 
97.40 	 0.0000 	 0.6696 	 4 	 0 
97.50 	 3.3333 	 0.6689 	 4 	 1 
97.60 	 0.0000 	 0.6700 	 4 	 1 
97.70 	 0.0000 	 0.6700 	 4 	 1 
97.80 	 0.0000 	 0.6697 	 4 	 1 
97.90 	 0.0000 	 0.6707 	 4 	 3 
98.00 	 0.0000 	 0.6698 	 4 	 3 
98.10 	 6.6667 	 0.6702 	 4 	 4 
98.20 	 0.0000 	 0.6704 	 4 	 1 
98.30 	 0.0000 	 0.6708 	 4 	 1 
98.40 	 0.0000 	 0.6705 	 4 	 0 
98.50 	 0.0000 	 0.6706 	 4 	 0 
98.60 	 0.0000 	 0.6707 	 4 	 0 
98.70 	 0.0000 	 0.6703 	 4 	 0 
98.80 	 0.0000 	 0.6694 	 4 	 0 
98.90 	 0.0000 	 0.6695 	 4 	 0 
99.00 	 3.3333 	 0.6698 	 4 	 1 
99.10 	 0.0000 	 0.6697 	 4 	 1 
99.20 	 0.0000 	 0.6704 	 4 	 1 
99.30 	 0.0000 	 0.6700 	 5 	 1 
99.40 	 0.0000 	 0.6700 	 5 	 1 
99.50 	 0.0000 	 0.6701 	 5 	 3 
99.60 	 0.0000 	 0.6703 	 5 	 3 
99.70 	 6.6667 	 0.6700 	 5 	 4 
99.80 	 0.0000 	 0.6706 	 5 	 1 
99.90 	 0.0000 	 0.6712 	 5 	 1 
100.00 	 0.0000 	 0.6712 	 5 	 0 
