# Optimal flow and avg speed dependent on time 
 # Aggressives: 0 
 # Velocity factor: 0.75 
0.10 	 3.3333 	 0.6803 	 15 	 1 
0.20 	 0.0000 	 0.6800 	 15 	 1 
0.30 	 0.0000 	 0.6791 	 15 	 0 
0.40 	 0.0000 	 0.6799 	 15 	 0 
0.50 	 0.0000 	 0.6798 	 15 	 0 
0.60 	 0.0000 	 0.6790 	 15 	 0 
0.70 	 3.3333 	 0.6796 	 15 	 1 
0.80 	 0.0000 	 0.6793 	 15 	 0 
0.90 	 0.0000 	 0.6813 	 15 	 0 
1.00 	 0.0000 	 0.6804 	 15 	 0 
1.10 	 3.3333 	 0.6805 	 15 	 1 
1.20 	 0.0000 	 0.6820 	 15 	 1 
1.30 	 0.0000 	 0.6817 	 15 	 0 
1.40 	 0.0000 	 0.6840 	 15 	 0 
1.50 	 0.0000 	 0.6838 	 15 	 0 
1.60 	 3.3333 	 0.6847 	 15 	 1 
1.70 	 0.0000 	 0.6866 	 15 	 1 
1.80 	 0.0000 	 0.6881 	 15 	 0 
1.90 	 0.0000 	 0.6903 	 15 	 0 
2.00 	 0.0000 	 0.6905 	 15 	 0 
2.10 	 3.3333 	 0.6915 	 15 	 14 
2.20 	 0.0000 	 0.6950 	 15 	 14 
2.30 	 0.0000 	 0.6985 	 15 	 14 
2.40 	 0.0000 	 0.7003 	 15 	 0 
2.50 	 0.0000 	 0.7010 	 15 	 0 
2.60 	 3.3333 	 0.7041 	 15 	 1 
2.70 	 0.0000 	 0.7049 	 15 	 13 
2.80 	 0.0000 	 0.7062 	 15 	 13 
2.90 	 0.0000 	 0.7080 	 15 	 13 
3.00 	 0.0000 	 0.7061 	 15 	 13 
3.10 	 3.3333 	 0.7027 	 15 	 14 
3.20 	 0.0000 	 0.7025 	 15 	 14 
3.30 	 0.0000 	 0.7030 	 15 	 14 
3.40 	 0.0000 	 0.7009 	 15 	 14 
3.50 	 0.0000 	 0.6975 	 15 	 14 
3.60 	 3.3333 	 0.6950 	 15 	 12 
3.70 	 0.0000 	 0.6929 	 15 	 14 
3.80 	 0.0000 	 0.6924 	 15 	 14 
3.90 	 0.0000 	 0.6900 	 15 	 13 
4.00 	 3.3333 	 0.6871 	 15 	 11 
4.10 	 0.0000 	 0.6844 	 15 	 11 
4.20 	 0.0000 	 0.6868 	 15 	 9 
4.30 	 0.0000 	 0.6842 	 15 	 14 
4.40 	 0.0000 	 0.6833 	 15 	 14 
4.50 	 3.3333 	 0.6814 	 15 	 14 
4.60 	 0.0000 	 0.6840 	 15 	 14 
4.70 	 0.0000 	 0.6835 	 15 	 12 
4.80 	 0.0000 	 0.6839 	 15 	 14 
4.90 	 0.0000 	 0.6867 	 15 	 14 
5.00 	 3.3333 	 0.6883 	 15 	 14 
5.10 	 0.0000 	 0.6893 	 15 	 14 
5.20 	 0.0000 	 0.6916 	 15 	 14 
5.30 	 0.0000 	 0.6947 	 15 	 14 
5.40 	 0.0000 	 0.6962 	 15 	 14 
5.50 	 3.3333 	 0.6998 	 15 	 14 
5.60 	 0.0000 	 0.7006 	 15 	 14 
5.70 	 0.0000 	 0.7045 	 15 	 14 
5.80 	 0.0000 	 0.7082 	 15 	 14 
5.90 	 3.3333 	 0.7110 	 15 	 14 
6.00 	 0.0000 	 0.7147 	 15 	 14 
6.10 	 0.0000 	 0.7163 	 15 	 13 
6.20 	 0.0000 	 0.7196 	 15 	 5 
6.30 	 0.0000 	 0.7168 	 15 	 8 
6.40 	 3.3333 	 0.7184 	 15 	 6 
6.50 	 0.0000 	 0.7212 	 15 	 14 
6.60 	 0.0000 	 0.7174 	 15 	 14 
6.70 	 0.0000 	 0.7187 	 15 	 14 
6.80 	 0.0000 	 0.7192 	 15 	 14 
6.90 	 0.0000 	 0.7222 	 15 	 14 
7.00 	 3.3333 	 0.7229 	 15 	 14 
7.10 	 0.0000 	 0.7208 	 15 	 14 
7.20 	 0.0000 	 0.7190 	 15 	 14 
7.30 	 3.3333 	 0.7195 	 15 	 14 
7.40 	 0.0000 	 0.7171 	 15 	 14 
7.50 	 0.0000 	 0.7148 	 15 	 14 
7.60 	 3.3333 	 0.7132 	 15 	 1 
7.70 	 0.0000 	 0.7093 	 15 	 14 
7.80 	 0.0000 	 0.7051 	 15 	 14 
7.90 	 0.0000 	 0.7029 	 15 	 14 
8.00 	 0.0000 	 0.7021 	 15 	 14 
8.10 	 0.0000 	 0.6986 	 15 	 14 
8.20 	 0.0000 	 0.6996 	 15 	 14 
8.30 	 0.0000 	 0.7010 	 15 	 14 
8.40 	 3.3333 	 0.6982 	 15 	 14 
8.50 	 0.0000 	 0.6965 	 15 	 14 
8.60 	 0.0000 	 0.6967 	 15 	 7 
8.70 	 3.3333 	 0.6981 	 15 	 14 
8.80 	 0.0000 	 0.6984 	 15 	 14 
8.90 	 3.3333 	 0.6975 	 15 	 14 
9.00 	 0.0000 	 0.6993 	 15 	 14 
9.10 	 0.0000 	 0.6997 	 15 	 14 
9.20 	 0.0000 	 0.7025 	 15 	 14 
9.30 	 0.0000 	 0.7019 	 15 	 14 
9.40 	 0.0000 	 0.7046 	 15 	 14 
9.50 	 0.0000 	 0.7048 	 15 	 14 
9.60 	 0.0000 	 0.7067 	 15 	 2 
9.70 	 0.0000 	 0.7064 	 15 	 0 
9.80 	 0.0000 	 0.7080 	 15 	 7 
9.90 	 3.3333 	 0.7098 	 15 	 7 
10.00 	 0.0000 	 0.7098 	 15 	 14 
10.10 	 0.0000 	 0.7128 	 15 	 14 
10.20 	 3.3333 	 0.7147 	 15 	 14 
10.30 	 3.3333 	 0.7147 	 15 	 14 
10.40 	 0.0000 	 0.7167 	 15 	 14 
10.50 	 0.0000 	 0.7191 	 15 	 14 
10.60 	 0.0000 	 0.7207 	 15 	 14 
10.70 	 0.0000 	 0.7220 	 15 	 14 
10.80 	 0.0000 	 0.7259 	 15 	 14 
10.90 	 0.0000 	 0.7293 	 15 	 14 
11.00 	 0.0000 	 0.7315 	 15 	 14 
11.10 	 0.0000 	 0.7354 	 15 	 14 
11.20 	 0.0000 	 0.7396 	 15 	 14 
11.30 	 3.3333 	 0.7412 	 15 	 14 
11.40 	 0.0000 	 0.7366 	 15 	 14 
11.50 	 0.0000 	 0.7337 	 15 	 14 
11.60 	 3.3333 	 0.7329 	 15 	 14 
11.70 	 0.0000 	 0.7339 	 15 	 14 
11.80 	 3.3333 	 0.7329 	 15 	 13 
11.90 	 0.0000 	 0.7324 	 15 	 8 
12.00 	 0.0000 	 0.7323 	 15 	 13 
12.10 	 0.0000 	 0.7317 	 15 	 13 
12.20 	 0.0000 	 0.7288 	 15 	 14 
12.30 	 0.0000 	 0.7275 	 15 	 14 
12.40 	 0.0000 	 0.7240 	 15 	 14 
12.50 	 0.0000 	 0.7216 	 15 	 14 
12.60 	 3.3333 	 0.7195 	 15 	 14 
12.70 	 0.0000 	 0.7208 	 15 	 14 
12.80 	 0.0000 	 0.7199 	 15 	 14 
12.90 	 0.0000 	 0.7201 	 15 	 14 
13.00 	 0.0000 	 0.7199 	 15 	 14 
13.10 	 3.3333 	 0.7221 	 15 	 14 
13.20 	 3.3333 	 0.7226 	 15 	 14 
13.30 	 0.0000 	 0.7218 	 15 	 14 
13.40 	 0.0000 	 0.7205 	 15 	 14 
13.50 	 0.0000 	 0.7223 	 15 	 14 
13.60 	 0.0000 	 0.7254 	 15 	 14 
13.70 	 0.0000 	 0.7255 	 15 	 14 
13.80 	 0.0000 	 0.7274 	 15 	 14 
13.90 	 0.0000 	 0.7303 	 15 	 13 
14.00 	 3.3333 	 0.7314 	 15 	 14 
14.10 	 0.0000 	 0.7335 	 15 	 14 
14.20 	 0.0000 	 0.7334 	 15 	 14 
14.30 	 0.0000 	 0.7352 	 15 	 14 
14.40 	 0.0000 	 0.7369 	 15 	 14 
14.50 	 3.3333 	 0.7396 	 15 	 14 
14.60 	 0.0000 	 0.7406 	 15 	 14 
14.70 	 3.3333 	 0.7450 	 15 	 14 
14.80 	 0.0000 	 0.7462 	 15 	 14 
14.90 	 0.0000 	 0.7499 	 15 	 14 
15.00 	 0.0000 	 0.7530 	 15 	 14 
15.10 	 0.0000 	 0.7522 	 15 	 13 
15.20 	 0.0000 	 0.7512 	 15 	 13 
15.30 	 0.0000 	 0.7464 	 15 	 13 
15.40 	 0.0000 	 0.7462 	 15 	 14 
15.50 	 3.3333 	 0.7428 	 15 	 14 
15.60 	 0.0000 	 0.7412 	 15 	 14 
15.70 	 0.0000 	 0.7372 	 15 	 14 
15.80 	 0.0000 	 0.7312 	 15 	 14 
15.90 	 0.0000 	 0.7282 	 15 	 14 
16.00 	 3.3333 	 0.7256 	 15 	 14 
16.10 	 0.0000 	 0.7210 	 15 	 14 
16.20 	 0.0000 	 0.7143 	 15 	 14 
16.30 	 3.3333 	 0.7125 	 15 	 14 
16.40 	 3.3333 	 0.7088 	 15 	 14 
16.50 	 0.0000 	 0.7090 	 15 	 14 
16.60 	 0.0000 	 0.7072 	 15 	 14 
16.70 	 0.0000 	 0.7073 	 15 	 14 
16.80 	 0.0000 	 0.7047 	 15 	 13 
16.90 	 0.0000 	 0.7029 	 15 	 13 
17.00 	 0.0000 	 0.7031 	 15 	 14 
17.10 	 3.3333 	 0.7050 	 15 	 14 
17.20 	 0.0000 	 0.7045 	 15 	 14 
17.30 	 0.0000 	 0.7041 	 15 	 14 
17.40 	 3.3333 	 0.7065 	 15 	 14 
17.50 	 3.3333 	 0.7130 	 15 	 14 
17.60 	 0.0000 	 0.7182 	 15 	 14 
17.70 	 0.0000 	 0.7203 	 15 	 14 
17.80 	 0.0000 	 0.7253 	 15 	 14 
17.90 	 0.0000 	 0.7338 	 15 	 14 
18.00 	 0.0000 	 0.7421 	 15 	 14 
18.10 	 0.0000 	 0.7465 	 15 	 14 
18.20 	 3.3333 	 0.7546 	 15 	 14 
18.30 	 0.0000 	 0.7604 	 15 	 14 
18.40 	 3.3333 	 0.7668 	 15 	 14 
18.50 	 0.0000 	 0.7711 	 15 	 14 
18.60 	 0.0000 	 0.7763 	 15 	 13 
18.70 	 0.0000 	 0.7832 	 15 	 14 
18.80 	 3.3333 	 0.7910 	 15 	 14 
18.90 	 0.0000 	 0.7957 	 15 	 14 
19.00 	 0.0000 	 0.7987 	 15 	 14 
19.10 	 3.3333 	 0.8026 	 15 	 14 
19.20 	 0.0000 	 0.8057 	 15 	 14 
19.30 	 0.0000 	 0.8077 	 15 	 14 
19.40 	 0.0000 	 0.8083 	 15 	 14 
19.50 	 3.3333 	 0.8092 	 15 	 14 
19.60 	 0.0000 	 0.8113 	 15 	 13 
19.70 	 3.3333 	 0.8124 	 15 	 13 
19.80 	 0.0000 	 0.8150 	 15 	 13 
19.90 	 0.0000 	 0.8165 	 15 	 13 
20.00 	 3.3333 	 0.8185 	 15 	 14 
20.10 	 0.0000 	 0.8187 	 15 	 14 
20.20 	 0.0000 	 0.8188 	 15 	 14 
20.30 	 3.3333 	 0.8170 	 15 	 14 
20.40 	 0.0000 	 0.8162 	 15 	 14 
20.50 	 3.3333 	 0.8123 	 15 	 1 
20.60 	 0.0000 	 0.8132 	 15 	 13 
20.70 	 0.0000 	 0.8149 	 15 	 13 
20.80 	 0.0000 	 0.8177 	 15 	 13 
20.90 	 0.0000 	 0.8195 	 15 	 13 
21.00 	 0.0000 	 0.8197 	 15 	 14 
21.10 	 0.0000 	 0.8188 	 15 	 14 
21.20 	 0.0000 	 0.8185 	 15 	 14 
21.30 	 3.3333 	 0.8173 	 15 	 14 
21.40 	 0.0000 	 0.8111 	 15 	 14 
21.50 	 6.6667 	 0.8072 	 15 	 1 
21.60 	 0.0000 	 0.8030 	 15 	 2 
21.70 	 0.0000 	 0.7952 	 15 	 13 
21.80 	 0.0000 	 0.7853 	 15 	 13 
21.90 	 0.0000 	 0.7805 	 15 	 13 
22.00 	 3.3333 	 0.7759 	 15 	 13 
22.10 	 0.0000 	 0.7716 	 15 	 13 
22.20 	 3.3333 	 0.7660 	 15 	 13 
22.30 	 3.3333 	 0.7611 	 15 	 13 
22.40 	 0.0000 	 0.7546 	 15 	 13 
22.50 	 0.0000 	 0.7483 	 15 	 13 
22.60 	 0.0000 	 0.7427 	 15 	 13 
22.70 	 0.0000 	 0.7395 	 15 	 13 
22.80 	 0.0000 	 0.7361 	 15 	 13 
22.90 	 0.0000 	 0.7345 	 15 	 13 
23.00 	 0.0000 	 0.7328 	 15 	 13 
23.10 	 0.0000 	 0.7292 	 15 	 13 
23.20 	 0.0000 	 0.7275 	 15 	 13 
23.30 	 3.3333 	 0.7250 	 15 	 13 
23.40 	 0.0000 	 0.7225 	 15 	 13 
23.50 	 0.0000 	 0.7210 	 15 	 13 
23.60 	 6.6667 	 0.7183 	 15 	 13 
23.70 	 0.0000 	 0.7153 	 15 	 13 
23.80 	 0.0000 	 0.7180 	 15 	 13 
23.90 	 0.0000 	 0.7184 	 15 	 13 
24.00 	 0.0000 	 0.7196 	 15 	 13 
24.10 	 0.0000 	 0.7169 	 15 	 13 
24.20 	 0.0000 	 0.7143 	 15 	 13 
24.30 	 0.0000 	 0.7161 	 15 	 13 
24.40 	 0.0000 	 0.7121 	 15 	 13 
24.50 	 3.3333 	 0.7114 	 15 	 13 
24.60 	 0.0000 	 0.7107 	 15 	 5 
24.70 	 0.0000 	 0.7132 	 15 	 13 
24.80 	 0.0000 	 0.7118 	 15 	 14 
24.90 	 0.0000 	 0.7145 	 15 	 14 
25.00 	 3.3333 	 0.7117 	 15 	 14 
25.10 	 3.3333 	 0.7105 	 15 	 14 
25.20 	 0.0000 	 0.7103 	 15 	 14 
25.30 	 0.0000 	 0.7103 	 15 	 13 
25.40 	 0.0000 	 0.7123 	 15 	 13 
25.50 	 0.0000 	 0.7141 	 15 	 14 
25.60 	 0.0000 	 0.7172 	 15 	 14 
25.70 	 0.0000 	 0.7180 	 15 	 14 
25.80 	 6.6667 	 0.7199 	 15 	 14 
25.90 	 0.0000 	 0.7216 	 15 	 14 
26.00 	 0.0000 	 0.7226 	 15 	 14 
26.10 	 0.0000 	 0.7223 	 15 	 14 
26.20 	 0.0000 	 0.7267 	 15 	 14 
26.30 	 3.3333 	 0.7273 	 15 	 14 
26.40 	 0.0000 	 0.7247 	 15 	 14 
26.50 	 0.0000 	 0.7208 	 15 	 14 
26.60 	 0.0000 	 0.7178 	 15 	 14 
26.70 	 3.3333 	 0.7175 	 15 	 14 
26.80 	 0.0000 	 0.7112 	 15 	 14 
26.90 	 0.0000 	 0.7094 	 15 	 13 
27.00 	 0.0000 	 0.7083 	 15 	 14 
27.10 	 0.0000 	 0.7086 	 15 	 14 
27.20 	 3.3333 	 0.7089 	 15 	 14 
27.30 	 3.3333 	 0.7088 	 15 	 14 
27.40 	 0.0000 	 0.7102 	 15 	 14 
27.50 	 0.0000 	 0.7086 	 15 	 14 
27.60 	 0.0000 	 0.7096 	 15 	 14 
27.70 	 0.0000 	 0.7120 	 15 	 14 
27.80 	 0.0000 	 0.7129 	 15 	 14 
27.90 	 0.0000 	 0.7126 	 15 	 14 
28.00 	 0.0000 	 0.7150 	 15 	 14 
28.10 	 0.0000 	 0.7168 	 15 	 14 
28.20 	 0.0000 	 0.7181 	 15 	 14 
28.30 	 0.0000 	 0.7206 	 15 	 14 
28.40 	 3.3333 	 0.7243 	 15 	 14 
28.50 	 0.0000 	 0.7246 	 15 	 14 
28.60 	 0.0000 	 0.7271 	 15 	 14 
28.70 	 0.0000 	 0.7299 	 15 	 14 
28.80 	 0.0000 	 0.7304 	 15 	 14 
28.90 	 3.3333 	 0.7329 	 15 	 14 
29.00 	 0.0000 	 0.7346 	 15 	 14 
29.10 	 3.3333 	 0.7376 	 15 	 14 
29.20 	 0.0000 	 0.7410 	 15 	 14 
29.30 	 0.0000 	 0.7462 	 15 	 14 
29.40 	 0.0000 	 0.7457 	 15 	 14 
29.50 	 0.0000 	 0.7471 	 15 	 14 
29.60 	 0.0000 	 0.7486 	 15 	 5 
29.70 	 3.3333 	 0.7505 	 15 	 13 
29.80 	 0.0000 	 0.7508 	 15 	 14 
29.90 	 0.0000 	 0.7522 	 15 	 7 
30.00 	 0.0000 	 0.7507 	 15 	 7 
30.10 	 3.3333 	 0.7506 	 15 	 14 
30.20 	 0.0000 	 0.7513 	 15 	 14 
30.30 	 0.0000 	 0.7505 	 15 	 13 
30.40 	 3.3333 	 0.7521 	 15 	 13 
30.50 	 0.0000 	 0.7514 	 15 	 13 
30.60 	 0.0000 	 0.7506 	 15 	 13 
30.70 	 0.0000 	 0.7513 	 15 	 13 
30.80 	 0.0000 	 0.7531 	 15 	 4 
30.90 	 0.0000 	 0.7531 	 15 	 4 
31.00 	 0.0000 	 0.7550 	 15 	 14 
31.10 	 3.3333 	 0.7587 	 15 	 14 
31.20 	 0.0000 	 0.7598 	 15 	 14 
31.30 	 0.0000 	 0.7629 	 15 	 13 
31.40 	 0.0000 	 0.7657 	 15 	 13 
31.50 	 3.3333 	 0.7663 	 15 	 13 
31.60 	 0.0000 	 0.7676 	 15 	 13 
31.70 	 0.0000 	 0.7641 	 15 	 13 
31.80 	 0.0000 	 0.7633 	 15 	 14 
31.90 	 0.0000 	 0.7628 	 15 	 14 
32.00 	 0.0000 	 0.7603 	 15 	 14 
32.10 	 6.6667 	 0.7596 	 15 	 14 
32.20 	 0.0000 	 0.7584 	 15 	 13 
32.30 	 0.0000 	 0.7574 	 15 	 13 
32.40 	 0.0000 	 0.7563 	 15 	 13 
32.50 	 0.0000 	 0.7504 	 15 	 13 
32.60 	 0.0000 	 0.7495 	 15 	 13 
32.70 	 0.0000 	 0.7464 	 15 	 12 
32.80 	 0.0000 	 0.7449 	 15 	 14 
32.90 	 3.3333 	 0.7445 	 15 	 14 
33.00 	 0.0000 	 0.7452 	 15 	 14 
33.10 	 3.3333 	 0.7448 	 15 	 13 
33.20 	 0.0000 	 0.7441 	 15 	 13 
33.30 	 0.0000 	 0.7428 	 15 	 13 
33.40 	 0.0000 	 0.7429 	 15 	 13 
33.50 	 0.0000 	 0.7428 	 15 	 13 
33.60 	 0.0000 	 0.7420 	 15 	 13 
33.70 	 3.3333 	 0.7409 	 15 	 13 
33.80 	 3.3333 	 0.7415 	 15 	 13 
33.90 	 0.0000 	 0.7431 	 15 	 13 
34.00 	 0.0000 	 0.7452 	 15 	 13 
34.10 	 0.0000 	 0.7438 	 15 	 13 
34.20 	 0.0000 	 0.7433 	 15 	 13 
34.30 	 0.0000 	 0.7425 	 15 	 13 
34.40 	 0.0000 	 0.7444 	 15 	 13 
34.50 	 0.0000 	 0.7448 	 15 	 13 
34.60 	 3.3333 	 0.7435 	 15 	 13 
34.70 	 0.0000 	 0.7437 	 15 	 13 
34.80 	 3.3333 	 0.7441 	 15 	 12 
34.90 	 0.0000 	 0.7452 	 15 	 12 
35.00 	 0.0000 	 0.7439 	 15 	 7 
35.10 	 0.0000 	 0.7442 	 15 	 7 
35.20 	 0.0000 	 0.7430 	 15 	 13 
35.30 	 0.0000 	 0.7422 	 15 	 13 
35.40 	 0.0000 	 0.7407 	 15 	 13 
35.50 	 3.3333 	 0.7409 	 15 	 13 
35.60 	 3.3333 	 0.7400 	 15 	 13 
35.70 	 0.0000 	 0.7378 	 15 	 13 
35.80 	 0.0000 	 0.7385 	 15 	 13 
35.90 	 0.0000 	 0.7377 	 15 	 13 
36.00 	 0.0000 	 0.7371 	 15 	 13 
36.10 	 0.0000 	 0.7347 	 15 	 13 
36.20 	 0.0000 	 0.7322 	 15 	 13 
36.30 	 0.0000 	 0.7326 	 15 	 13 
36.40 	 0.0000 	 0.7329 	 15 	 13 
36.50 	 3.3333 	 0.7324 	 15 	 13 
36.60 	 3.3333 	 0.7308 	 15 	 13 
36.70 	 0.0000 	 0.7311 	 15 	 14 
36.80 	 0.0000 	 0.7287 	 15 	 14 
36.90 	 0.0000 	 0.7296 	 15 	 12 
37.00 	 0.0000 	 0.7261 	 15 	 12 
37.10 	 0.0000 	 0.7273 	 15 	 12 
37.20 	 0.0000 	 0.7246 	 15 	 12 
37.30 	 0.0000 	 0.7221 	 15 	 13 
37.40 	 0.0000 	 0.7208 	 15 	 13 
37.50 	 3.3333 	 0.7213 	 15 	 13 
37.60 	 0.0000 	 0.7214 	 15 	 13 
37.70 	 3.3333 	 0.7206 	 15 	 13 
37.80 	 0.0000 	 0.7221 	 15 	 13 
37.90 	 0.0000 	 0.7210 	 15 	 14 
38.00 	 0.0000 	 0.7219 	 15 	 14 
38.10 	 0.0000 	 0.7231 	 15 	 14 
38.20 	 0.0000 	 0.7218 	 15 	 12 
38.30 	 0.0000 	 0.7216 	 15 	 10 
38.40 	 0.0000 	 0.7220 	 15 	 10 
38.50 	 0.0000 	 0.7235 	 15 	 13 
38.60 	 6.6667 	 0.7230 	 15 	 13 
38.70 	 0.0000 	 0.7230 	 15 	 13 
38.80 	 0.0000 	 0.7229 	 15 	 14 
38.90 	 0.0000 	 0.7229 	 15 	 14 
39.00 	 0.0000 	 0.7247 	 15 	 14 
39.10 	 0.0000 	 0.7240 	 15 	 13 
39.20 	 0.0000 	 0.7244 	 15 	 13 
39.30 	 0.0000 	 0.7259 	 15 	 13 
39.40 	 0.0000 	 0.7260 	 15 	 13 
39.50 	 0.0000 	 0.7271 	 15 	 13 
39.60 	 0.0000 	 0.7269 	 15 	 13 
39.70 	 0.0000 	 0.7278 	 15 	 13 
39.80 	 0.0000 	 0.7291 	 15 	 14 
39.90 	 0.0000 	 0.7288 	 15 	 14 
40.00 	 0.0000 	 0.7318 	 15 	 14 
40.10 	 0.0000 	 0.7326 	 15 	 14 
40.20 	 0.0000 	 0.7333 	 15 	 14 
40.30 	 0.0000 	 0.7340 	 15 	 12 
40.40 	 0.0000 	 0.7339 	 15 	 14 
40.50 	 0.0000 	 0.7370 	 15 	 13 
40.60 	 0.0000 	 0.7375 	 15 	 13 
40.70 	 0.0000 	 0.7393 	 15 	 13 
40.80 	 0.0000 	 0.7316 	 15 	 13 
40.90 	 0.0000 	 0.7298 	 15 	 14 
41.00 	 0.0000 	 0.7288 	 15 	 14 
41.10 	 0.0000 	 0.7269 	 15 	 14 
41.20 	 0.0000 	 0.7248 	 15 	 14 
41.30 	 3.3333 	 0.7239 	 15 	 14 
41.40 	 3.3333 	 0.7225 	 15 	 14 
41.50 	 0.0000 	 0.7219 	 15 	 14 
41.60 	 0.0000 	 0.7189 	 15 	 12 
41.70 	 0.0000 	 0.7170 	 15 	 14 
41.80 	 0.0000 	 0.7138 	 15 	 14 
41.90 	 0.0000 	 0.7147 	 15 	 14 
42.00 	 0.0000 	 0.7152 	 15 	 14 
42.10 	 3.3333 	 0.7124 	 15 	 14 
42.20 	 0.0000 	 0.7121 	 15 	 11 
42.30 	 3.3333 	 0.7130 	 15 	 13 
42.40 	 0.0000 	 0.7121 	 15 	 14 
42.50 	 0.0000 	 0.7122 	 15 	 14 
42.60 	 0.0000 	 0.7128 	 15 	 14 
42.70 	 0.0000 	 0.7130 	 15 	 14 
42.80 	 0.0000 	 0.7116 	 15 	 14 
42.90 	 3.3333 	 0.7134 	 15 	 14 
43.00 	 0.0000 	 0.7109 	 15 	 13 
43.10 	 3.3333 	 0.7106 	 15 	 13 
43.20 	 0.0000 	 0.7100 	 15 	 14 
43.30 	 0.0000 	 0.7122 	 15 	 14 
43.40 	 0.0000 	 0.7136 	 15 	 14 
43.50 	 3.3333 	 0.7160 	 15 	 13 
43.60 	 0.0000 	 0.7180 	 15 	 12 
43.70 	 0.0000 	 0.7207 	 15 	 12 
43.80 	 3.3333 	 0.7192 	 15 	 12 
43.90 	 0.0000 	 0.7198 	 15 	 12 
44.00 	 0.0000 	 0.7203 	 15 	 14 
44.10 	 0.0000 	 0.7225 	 15 	 12 
44.20 	 3.3333 	 0.7222 	 15 	 14 
44.30 	 0.0000 	 0.7247 	 15 	 13 
44.40 	 0.0000 	 0.7252 	 15 	 13 
44.50 	 0.0000 	 0.7268 	 15 	 13 
44.60 	 0.0000 	 0.7271 	 15 	 13 
44.70 	 3.3333 	 0.7290 	 15 	 13 
44.80 	 0.0000 	 0.7292 	 15 	 14 
44.90 	 0.0000 	 0.7314 	 15 	 12 
45.00 	 3.3333 	 0.7330 	 15 	 12 
45.10 	 0.0000 	 0.7351 	 15 	 13 
45.20 	 0.0000 	 0.7368 	 15 	 13 
45.30 	 0.0000 	 0.7394 	 15 	 13 
45.40 	 0.0000 	 0.7390 	 15 	 13 
45.50 	 3.3333 	 0.7407 	 15 	 13 
45.60 	 0.0000 	 0.7421 	 15 	 13 
45.70 	 0.0000 	 0.7447 	 15 	 13 
45.80 	 0.0000 	 0.7439 	 15 	 13 
45.90 	 3.3333 	 0.7463 	 15 	 13 
46.00 	 0.0000 	 0.7462 	 15 	 13 
46.10 	 0.0000 	 0.7486 	 15 	 13 
46.20 	 0.0000 	 0.7487 	 15 	 13 
46.30 	 0.0000 	 0.7507 	 15 	 13 
46.40 	 3.3333 	 0.7512 	 15 	 13 
46.50 	 0.0000 	 0.7528 	 15 	 13 
46.60 	 0.0000 	 0.7532 	 15 	 13 
46.70 	 3.3333 	 0.7555 	 15 	 13 
46.80 	 0.0000 	 0.7562 	 15 	 12 
46.90 	 0.0000 	 0.7581 	 15 	 12 
47.00 	 0.0000 	 0.7596 	 15 	 13 
47.10 	 0.0000 	 0.7611 	 15 	 13 
47.20 	 0.0000 	 0.7615 	 15 	 13 
47.30 	 3.3333 	 0.7632 	 15 	 13 
47.40 	 0.0000 	 0.7633 	 15 	 13 
47.50 	 0.0000 	 0.7640 	 15 	 13 
47.60 	 3.3333 	 0.7650 	 15 	 12 
47.70 	 0.0000 	 0.7650 	 15 	 12 
47.80 	 0.0000 	 0.7658 	 15 	 13 
47.90 	 0.0000 	 0.7662 	 15 	 14 
48.00 	 0.0000 	 0.7664 	 15 	 13 
48.10 	 0.0000 	 0.7680 	 15 	 13 
48.20 	 0.0000 	 0.7663 	 15 	 13 
48.30 	 3.3333 	 0.7678 	 15 	 13 
48.40 	 0.0000 	 0.7667 	 15 	 13 
48.50 	 3.3333 	 0.7660 	 15 	 13 
48.60 	 0.0000 	 0.7595 	 15 	 12 
48.70 	 0.0000 	 0.7542 	 15 	 14 
48.80 	 0.0000 	 0.7532 	 15 	 14 
48.90 	 0.0000 	 0.7514 	 15 	 13 
49.00 	 0.0000 	 0.7483 	 15 	 13 
49.10 	 0.0000 	 0.7468 	 15 	 12 
49.20 	 0.0000 	 0.7431 	 15 	 12 
49.30 	 6.6667 	 0.7408 	 15 	 12 
49.40 	 0.0000 	 0.7373 	 15 	 12 
49.50 	 0.0000 	 0.7362 	 15 	 12 
49.60 	 0.0000 	 0.7378 	 15 	 14 
49.70 	 0.0000 	 0.7385 	 15 	 14 
49.80 	 0.0000 	 0.7391 	 15 	 12 
49.90 	 0.0000 	 0.7402 	 15 	 12 
50.00 	 0.0000 	 0.7407 	 15 	 12 
50.10 	 0.0000 	 0.7436 	 15 	 12 
50.20 	 0.0000 	 0.7429 	 15 	 12 
50.30 	 6.6667 	 0.7441 	 15 	 12 
50.40 	 0.0000 	 0.7457 	 15 	 12 
50.50 	 0.0000 	 0.7471 	 15 	 12 
50.60 	 0.0000 	 0.7472 	 15 	 12 
50.70 	 0.0000 	 0.7479 	 15 	 12 
50.80 	 0.0000 	 0.7474 	 15 	 12 
50.90 	 0.0000 	 0.7480 	 15 	 12 
51.00 	 0.0000 	 0.7495 	 15 	 12 
51.10 	 0.0000 	 0.7465 	 15 	 12 
51.20 	 3.3333 	 0.7460 	 15 	 12 
51.30 	 0.0000 	 0.7455 	 15 	 12 
51.40 	 0.0000 	 0.7420 	 15 	 12 
51.50 	 0.0000 	 0.7417 	 15 	 12 
51.60 	 0.0000 	 0.7386 	 15 	 13 
51.70 	 0.0000 	 0.7380 	 15 	 13 
51.80 	 0.0000 	 0.7362 	 15 	 13 
51.90 	 0.0000 	 0.7323 	 15 	 13 
52.00 	 0.0000 	 0.7316 	 15 	 13 
52.10 	 0.0000 	 0.7299 	 15 	 12 
52.20 	 3.3333 	 0.7302 	 15 	 13 
52.30 	 0.0000 	 0.7276 	 15 	 13 
52.40 	 0.0000 	 0.7259 	 15 	 13 
52.50 	 0.0000 	 0.7270 	 15 	 12 
52.60 	 0.0000 	 0.7264 	 15 	 13 
52.70 	 0.0000 	 0.7269 	 15 	 13 
52.80 	 0.0000 	 0.7262 	 15 	 13 
52.90 	 0.0000 	 0.7241 	 15 	 13 
53.00 	 0.0000 	 0.7245 	 15 	 12 
53.10 	 3.3333 	 0.7218 	 15 	 13 
53.20 	 3.3333 	 0.7223 	 15 	 12 
53.30 	 0.0000 	 0.7200 	 15 	 12 
53.40 	 0.0000 	 0.7231 	 15 	 12 
53.50 	 0.0000 	 0.7226 	 15 	 12 
53.60 	 0.0000 	 0.7234 	 15 	 13 
53.70 	 0.0000 	 0.7217 	 15 	 13 
53.80 	 3.3333 	 0.7212 	 15 	 13 
53.90 	 0.0000 	 0.7176 	 15 	 13 
54.00 	 0.0000 	 0.7175 	 15 	 13 
54.10 	 0.0000 	 0.7195 	 15 	 13 
54.20 	 3.3333 	 0.7163 	 15 	 13 
54.30 	 0.0000 	 0.7155 	 15 	 13 
54.40 	 0.0000 	 0.7145 	 15 	 14 
54.50 	 3.3333 	 0.7144 	 15 	 12 
54.60 	 0.0000 	 0.7142 	 15 	 13 
54.70 	 0.0000 	 0.7125 	 15 	 13 
54.80 	 0.0000 	 0.7132 	 15 	 12 
54.90 	 0.0000 	 0.7114 	 15 	 12 
55.00 	 0.0000 	 0.7150 	 15 	 12 
55.10 	 0.0000 	 0.7164 	 15 	 12 
55.20 	 3.3333 	 0.7177 	 15 	 12 
55.30 	 3.3333 	 0.7180 	 15 	 12 
55.40 	 0.0000 	 0.7187 	 15 	 12 
55.50 	 0.0000 	 0.7206 	 15 	 12 
55.60 	 0.0000 	 0.7225 	 15 	 13 
55.70 	 0.0000 	 0.7238 	 15 	 13 
55.80 	 0.0000 	 0.7267 	 15 	 13 
55.90 	 0.0000 	 0.7294 	 15 	 13 
56.00 	 3.3333 	 0.7277 	 15 	 13 
56.10 	 0.0000 	 0.7282 	 15 	 12 
56.20 	 0.0000 	 0.7289 	 15 	 12 
56.30 	 0.0000 	 0.7315 	 15 	 14 
56.40 	 0.0000 	 0.7312 	 15 	 12 
56.50 	 0.0000 	 0.7335 	 15 	 14 
56.60 	 3.3333 	 0.7346 	 15 	 13 
56.70 	 0.0000 	 0.7338 	 15 	 13 
56.80 	 0.0000 	 0.7333 	 15 	 13 
56.90 	 0.0000 	 0.7357 	 15 	 14 
57.00 	 0.0000 	 0.7378 	 15 	 12 
57.10 	 0.0000 	 0.7381 	 15 	 12 
57.20 	 3.3333 	 0.7385 	 15 	 14 
57.30 	 0.0000 	 0.7397 	 15 	 14 
57.40 	 0.0000 	 0.7400 	 15 	 13 
57.50 	 0.0000 	 0.7386 	 15 	 13 
57.60 	 0.0000 	 0.7408 	 15 	 13 
57.70 	 0.0000 	 0.7392 	 15 	 13 
57.80 	 0.0000 	 0.7433 	 15 	 13 
57.90 	 3.3333 	 0.7428 	 15 	 13 
58.00 	 3.3333 	 0.7426 	 15 	 13 
58.10 	 0.0000 	 0.7423 	 15 	 14 
58.20 	 0.0000 	 0.7344 	 15 	 13 
58.30 	 0.0000 	 0.7343 	 15 	 14 
58.40 	 0.0000 	 0.7325 	 15 	 14 
58.50 	 3.3333 	 0.7316 	 15 	 13 
58.60 	 0.0000 	 0.7295 	 15 	 13 
58.70 	 3.3333 	 0.7273 	 15 	 13 
58.80 	 0.0000 	 0.7258 	 15 	 13 
58.90 	 0.0000 	 0.7267 	 15 	 14 
59.00 	 0.0000 	 0.7259 	 15 	 14 
59.10 	 0.0000 	 0.7268 	 15 	 14 
59.20 	 3.3333 	 0.7270 	 15 	 14 
59.30 	 0.0000 	 0.7284 	 15 	 14 
59.40 	 3.3333 	 0.7297 	 15 	 14 
59.50 	 0.0000 	 0.7334 	 15 	 14 
59.60 	 0.0000 	 0.7350 	 15 	 14 
59.70 	 0.0000 	 0.7371 	 15 	 14 
59.80 	 0.0000 	 0.7363 	 15 	 14 
59.90 	 3.3333 	 0.7363 	 15 	 14 
60.00 	 0.0000 	 0.7373 	 15 	 14 
60.10 	 0.0000 	 0.7380 	 15 	 14 
60.20 	 3.3333 	 0.7367 	 15 	 14 
60.30 	 0.0000 	 0.7386 	 15 	 14 
60.40 	 0.0000 	 0.7385 	 15 	 14 
60.50 	 0.0000 	 0.7368 	 15 	 14 
60.60 	 0.0000 	 0.7378 	 15 	 13 
60.70 	 3.3333 	 0.7388 	 15 	 13 
60.80 	 0.0000 	 0.7400 	 15 	 14 
60.90 	 0.0000 	 0.7383 	 15 	 14 
61.00 	 0.0000 	 0.7398 	 15 	 14 
61.10 	 3.3333 	 0.7402 	 15 	 14 
61.20 	 0.0000 	 0.7412 	 15 	 14 
61.30 	 0.0000 	 0.7408 	 15 	 14 
61.40 	 0.0000 	 0.7397 	 15 	 13 
61.50 	 3.3333 	 0.7410 	 15 	 14 
61.60 	 0.0000 	 0.7424 	 15 	 14 
61.70 	 0.0000 	 0.7421 	 15 	 14 
61.80 	 0.0000 	 0.7440 	 15 	 13 
61.90 	 0.0000 	 0.7463 	 15 	 13 
62.00 	 0.0000 	 0.7461 	 15 	 13 
62.10 	 3.3333 	 0.7473 	 15 	 13 
62.20 	 0.0000 	 0.7482 	 15 	 13 
62.30 	 3.3333 	 0.7499 	 15 	 13 
62.40 	 0.0000 	 0.7506 	 15 	 13 
62.50 	 0.0000 	 0.7503 	 15 	 13 
62.60 	 0.0000 	 0.7517 	 15 	 14 
62.70 	 0.0000 	 0.7543 	 15 	 13 
62.80 	 0.0000 	 0.7556 	 15 	 13 
62.90 	 0.0000 	 0.7557 	 15 	 13 
63.00 	 3.3333 	 0.7573 	 15 	 13 
63.10 	 0.0000 	 0.7589 	 15 	 13 
63.20 	 0.0000 	 0.7596 	 15 	 13 
63.30 	 3.3333 	 0.7602 	 15 	 13 
63.40 	 0.0000 	 0.7600 	 15 	 13 
63.50 	 0.0000 	 0.7630 	 15 	 13 
63.60 	 0.0000 	 0.7630 	 15 	 12 
63.70 	 0.0000 	 0.7645 	 15 	 12 
63.80 	 0.0000 	 0.7644 	 15 	 12 
63.90 	 3.3333 	 0.7660 	 15 	 14 
64.00 	 0.0000 	 0.7648 	 15 	 13 
64.10 	 0.0000 	 0.7649 	 15 	 13 
64.20 	 3.3333 	 0.7650 	 15 	 13 
64.30 	 0.0000 	 0.7645 	 15 	 13 
64.40 	 0.0000 	 0.7651 	 15 	 13 
64.50 	 0.0000 	 0.7651 	 15 	 13 
64.60 	 0.0000 	 0.7644 	 15 	 12 
64.70 	 0.0000 	 0.7664 	 15 	 14 
64.80 	 3.3333 	 0.7659 	 15 	 12 
64.90 	 0.0000 	 0.7656 	 15 	 13 
65.00 	 0.0000 	 0.7645 	 15 	 13 
65.10 	 3.3333 	 0.7559 	 15 	 13 
65.20 	 0.0000 	 0.7527 	 15 	 13 
65.30 	 0.0000 	 0.7503 	 15 	 13 
65.40 	 0.0000 	 0.7463 	 15 	 13 
65.50 	 3.3333 	 0.7433 	 15 	 13 
65.60 	 0.0000 	 0.7412 	 15 	 11 
65.70 	 0.0000 	 0.7392 	 15 	 11 
65.80 	 0.0000 	 0.7380 	 15 	 11 
65.90 	 0.0000 	 0.7373 	 15 	 11 
66.00 	 0.0000 	 0.7388 	 15 	 13 
66.10 	 0.0000 	 0.7394 	 15 	 12 
66.20 	 6.6667 	 0.7383 	 15 	 12 
66.30 	 0.0000 	 0.7380 	 15 	 12 
66.40 	 0.0000 	 0.7361 	 15 	 12 
66.50 	 0.0000 	 0.7363 	 15 	 12 
66.60 	 0.0000 	 0.7353 	 15 	 12 
66.70 	 0.0000 	 0.7350 	 15 	 12 
66.80 	 0.0000 	 0.7322 	 15 	 12 
66.90 	 0.0000 	 0.7318 	 15 	 12 
67.00 	 3.3333 	 0.7361 	 15 	 11 
67.10 	 0.0000 	 0.7323 	 15 	 12 
67.20 	 3.3333 	 0.7338 	 15 	 12 
67.30 	 0.0000 	 0.7361 	 15 	 12 
67.40 	 0.0000 	 0.7386 	 15 	 12 
67.50 	 0.0000 	 0.7399 	 15 	 12 
67.60 	 0.0000 	 0.7383 	 15 	 12 
67.70 	 0.0000 	 0.7395 	 15 	 12 
67.80 	 3.3333 	 0.7399 	 15 	 12 
67.90 	 0.0000 	 0.7404 	 15 	 12 
68.00 	 0.0000 	 0.7430 	 15 	 12 
68.10 	 0.0000 	 0.7442 	 15 	 12 
68.20 	 0.0000 	 0.7469 	 15 	 12 
68.30 	 0.0000 	 0.7466 	 15 	 11 
68.40 	 0.0000 	 0.7472 	 15 	 11 
68.50 	 0.0000 	 0.7488 	 15 	 12 
68.60 	 0.0000 	 0.7471 	 15 	 12 
68.70 	 0.0000 	 0.7472 	 15 	 12 
68.80 	 3.3333 	 0.7467 	 15 	 12 
68.90 	 0.0000 	 0.7491 	 15 	 12 
69.00 	 0.0000 	 0.7527 	 15 	 12 
69.10 	 0.0000 	 0.7533 	 15 	 12 
69.20 	 0.0000 	 0.7569 	 15 	 12 
69.30 	 0.0000 	 0.7584 	 15 	 12 
69.40 	 0.0000 	 0.7570 	 15 	 12 
69.50 	 0.0000 	 0.7556 	 15 	 12 
69.60 	 0.0000 	 0.7537 	 15 	 13 
69.70 	 0.0000 	 0.7519 	 15 	 13 
69.80 	 3.3333 	 0.7519 	 15 	 14 
69.90 	 0.0000 	 0.7460 	 15 	 14 
70.00 	 3.3333 	 0.7457 	 15 	 12 
70.10 	 0.0000 	 0.7443 	 15 	 11 
70.20 	 0.0000 	 0.7426 	 15 	 12 
70.30 	 0.0000 	 0.7414 	 15 	 14 
70.40 	 0.0000 	 0.7404 	 15 	 14 
70.50 	 0.0000 	 0.7423 	 15 	 12 
70.60 	 0.0000 	 0.7423 	 15 	 14 
70.70 	 3.3333 	 0.7398 	 15 	 14 
70.80 	 3.3333 	 0.7400 	 15 	 12 
70.90 	 0.0000 	 0.7387 	 15 	 12 
71.00 	 0.0000 	 0.7384 	 15 	 13 
71.10 	 0.0000 	 0.7373 	 15 	 12 
71.20 	 0.0000 	 0.7340 	 15 	 12 
71.30 	 0.0000 	 0.7321 	 15 	 12 
71.40 	 3.3333 	 0.7309 	 15 	 13 
71.50 	 0.0000 	 0.7334 	 15 	 14 
71.60 	 3.3333 	 0.7349 	 15 	 14 
71.70 	 0.0000 	 0.7350 	 15 	 14 
71.80 	 0.0000 	 0.7340 	 15 	 12 
71.90 	 0.0000 	 0.7324 	 15 	 11 
72.00 	 0.0000 	 0.7340 	 15 	 12 
72.10 	 0.0000 	 0.7357 	 15 	 13 
72.20 	 3.3333 	 0.7371 	 15 	 12 
72.30 	 0.0000 	 0.7401 	 15 	 12 
72.40 	 0.0000 	 0.7403 	 15 	 14 
72.50 	 0.0000 	 0.7406 	 15 	 13 
72.60 	 3.3333 	 0.7409 	 15 	 13 
72.70 	 0.0000 	 0.7434 	 15 	 12 
72.80 	 0.0000 	 0.7429 	 15 	 12 
72.90 	 3.3333 	 0.7436 	 15 	 12 
73.00 	 0.0000 	 0.7441 	 15 	 12 
73.10 	 0.0000 	 0.7459 	 15 	 14 
73.20 	 0.0000 	 0.7492 	 15 	 14 
73.30 	 0.0000 	 0.7518 	 15 	 14 
73.40 	 0.0000 	 0.7531 	 15 	 14 
73.50 	 3.3333 	 0.7535 	 15 	 13 
73.60 	 0.0000 	 0.7560 	 15 	 14 
73.70 	 0.0000 	 0.7558 	 15 	 12 
73.80 	 0.0000 	 0.7571 	 15 	 12 
73.90 	 0.0000 	 0.7596 	 15 	 14 
74.00 	 3.3333 	 0.7611 	 15 	 12 
74.10 	 0.0000 	 0.7626 	 15 	 13 
74.20 	 0.0000 	 0.7648 	 15 	 13 
74.30 	 0.0000 	 0.7666 	 15 	 13 
74.40 	 0.0000 	 0.7691 	 15 	 13 
74.50 	 0.0000 	 0.7711 	 15 	 13 
74.60 	 0.0000 	 0.7706 	 15 	 13 
74.70 	 3.3333 	 0.7713 	 15 	 13 
74.80 	 0.0000 	 0.7698 	 15 	 12 
74.90 	 0.0000 	 0.7695 	 15 	 14 
75.00 	 0.0000 	 0.7695 	 15 	 14 
75.10 	 0.0000 	 0.7703 	 15 	 13 
75.20 	 3.3333 	 0.7701 	 15 	 13 
75.30 	 0.0000 	 0.7709 	 15 	 13 
75.40 	 3.3333 	 0.7740 	 15 	 13 
75.50 	 0.0000 	 0.7757 	 15 	 14 
75.60 	 0.0000 	 0.7771 	 15 	 12 
75.70 	 0.0000 	 0.7801 	 15 	 13 
75.80 	 3.3333 	 0.7827 	 15 	 14 
75.90 	 0.0000 	 0.7848 	 15 	 14 
76.00 	 0.0000 	 0.7852 	 15 	 13 
76.10 	 3.3333 	 0.7849 	 15 	 13 
76.20 	 0.0000 	 0.7861 	 15 	 13 
76.30 	 0.0000 	 0.7842 	 15 	 13 
76.40 	 0.0000 	 0.7850 	 15 	 13 
76.50 	 3.3333 	 0.7875 	 15 	 13 
76.60 	 0.0000 	 0.7877 	 15 	 13 
76.70 	 3.3333 	 0.7861 	 15 	 14 
76.80 	 0.0000 	 0.7851 	 15 	 14 
76.90 	 0.0000 	 0.7847 	 15 	 14 
77.00 	 0.0000 	 0.7845 	 15 	 13 
77.10 	 3.3333 	 0.7840 	 15 	 13 
77.20 	 0.0000 	 0.7840 	 15 	 13 
77.30 	 0.0000 	 0.7844 	 15 	 13 
77.40 	 0.0000 	 0.7854 	 15 	 13 
77.50 	 3.3333 	 0.7870 	 15 	 13 
77.60 	 0.0000 	 0.7870 	 15 	 14 
77.70 	 3.3333 	 0.7898 	 15 	 14 
77.80 	 0.0000 	 0.7917 	 15 	 14 
77.90 	 0.0000 	 0.7927 	 15 	 14 
78.00 	 0.0000 	 0.7934 	 15 	 13 
78.10 	 0.0000 	 0.7921 	 15 	 13 
78.20 	 0.0000 	 0.7926 	 15 	 13 
78.30 	 3.3333 	 0.7894 	 15 	 13 
78.40 	 3.3333 	 0.7872 	 15 	 13 
78.50 	 0.0000 	 0.7861 	 15 	 13 
78.60 	 0.0000 	 0.7854 	 15 	 14 
78.70 	 0.0000 	 0.7846 	 15 	 12 
78.80 	 0.0000 	 0.7836 	 15 	 12 
78.90 	 0.0000 	 0.7806 	 15 	 14 
79.00 	 0.0000 	 0.7787 	 15 	 13 
79.10 	 3.3333 	 0.7762 	 15 	 13 
79.20 	 3.3333 	 0.7690 	 15 	 13 
79.30 	 0.0000 	 0.7673 	 15 	 13 
79.40 	 0.0000 	 0.7612 	 15 	 13 
79.50 	 0.0000 	 0.7605 	 15 	 13 
79.60 	 0.0000 	 0.7564 	 15 	 13 
79.70 	 0.0000 	 0.7582 	 15 	 14 
79.80 	 3.3333 	 0.7594 	 15 	 14 
79.90 	 0.0000 	 0.7579 	 15 	 12 
80.00 	 0.0000 	 0.7583 	 15 	 12 
80.10 	 0.0000 	 0.7583 	 15 	 12 
80.20 	 3.3333 	 0.7567 	 15 	 12 
80.30 	 0.0000 	 0.7553 	 15 	 12 
80.40 	 0.0000 	 0.7543 	 15 	 12 
80.50 	 0.0000 	 0.7556 	 15 	 12 
80.60 	 3.3333 	 0.7572 	 15 	 14 
80.70 	 0.0000 	 0.7577 	 15 	 12 
80.80 	 0.0000 	 0.7580 	 15 	 14 
80.90 	 0.0000 	 0.7576 	 15 	 14 
81.00 	 0.0000 	 0.7582 	 15 	 14 
81.10 	 0.0000 	 0.7550 	 15 	 14 
81.20 	 3.3333 	 0.7569 	 15 	 14 
81.30 	 0.0000 	 0.7567 	 15 	 14 
81.40 	 3.3333 	 0.7558 	 15 	 14 
81.50 	 0.0000 	 0.7560 	 15 	 14 
81.60 	 0.0000 	 0.7561 	 15 	 12 
81.70 	 0.0000 	 0.7563 	 15 	 12 
81.80 	 0.0000 	 0.7563 	 15 	 12 
81.90 	 0.0000 	 0.7541 	 15 	 12 
82.00 	 0.0000 	 0.7542 	 15 	 12 
82.10 	 3.3333 	 0.7548 	 15 	 12 
82.20 	 0.0000 	 0.7553 	 15 	 13 
82.30 	 3.3333 	 0.7541 	 15 	 13 
82.40 	 0.0000 	 0.7525 	 15 	 12 
82.50 	 0.0000 	 0.7479 	 15 	 12 
82.60 	 0.0000 	 0.7470 	 15 	 14 
82.70 	 0.0000 	 0.7449 	 15 	 13 
82.80 	 0.0000 	 0.7453 	 15 	 11 
82.90 	 0.0000 	 0.7447 	 15 	 11 
83.00 	 0.0000 	 0.7458 	 15 	 12 
83.10 	 3.3333 	 0.7460 	 15 	 12 
83.20 	 3.3333 	 0.7466 	 15 	 12 
83.30 	 0.0000 	 0.7480 	 15 	 11 
83.40 	 0.0000 	 0.7505 	 15 	 11 
83.50 	 0.0000 	 0.7506 	 15 	 12 
83.60 	 0.0000 	 0.7516 	 15 	 12 
83.70 	 0.0000 	 0.7516 	 15 	 12 
83.80 	 0.0000 	 0.7518 	 15 	 13 
83.90 	 0.0000 	 0.7522 	 15 	 13 
84.00 	 0.0000 	 0.7555 	 15 	 13 
84.10 	 3.3333 	 0.7520 	 15 	 13 
84.20 	 0.0000 	 0.7533 	 15 	 13 
84.30 	 0.0000 	 0.7507 	 15 	 13 
84.40 	 0.0000 	 0.7523 	 15 	 13 
84.50 	 0.0000 	 0.7509 	 15 	 13 
84.60 	 0.0000 	 0.7522 	 15 	 13 
84.70 	 0.0000 	 0.7511 	 15 	 13 
84.80 	 0.0000 	 0.7511 	 15 	 13 
84.90 	 0.0000 	 0.7520 	 15 	 13 
85.00 	 3.3333 	 0.7516 	 15 	 13 
85.10 	 0.0000 	 0.7512 	 15 	 13 
85.20 	 0.0000 	 0.7521 	 15 	 12 
85.30 	 0.0000 	 0.7512 	 15 	 11 
85.40 	 0.0000 	 0.7519 	 15 	 12 
85.50 	 0.0000 	 0.7535 	 15 	 13 
85.60 	 0.0000 	 0.7529 	 15 	 13 
85.70 	 0.0000 	 0.7532 	 15 	 13 
85.80 	 3.3333 	 0.7500 	 15 	 13 
85.90 	 3.3333 	 0.7498 	 15 	 13 
86.00 	 0.0000 	 0.7498 	 15 	 13 
86.10 	 0.0000 	 0.7503 	 15 	 13 
86.20 	 0.0000 	 0.7488 	 15 	 13 
86.30 	 0.0000 	 0.7492 	 15 	 13 
86.40 	 0.0000 	 0.7504 	 15 	 13 
86.50 	 0.0000 	 0.7512 	 15 	 13 
86.60 	 0.0000 	 0.7524 	 15 	 13 
86.70 	 3.3333 	 0.7529 	 15 	 13 
86.80 	 3.3333 	 0.7518 	 15 	 13 
86.90 	 0.0000 	 0.7536 	 15 	 12 
87.00 	 0.0000 	 0.7507 	 15 	 11 
87.10 	 0.0000 	 0.7513 	 15 	 11 
87.20 	 0.0000 	 0.7514 	 15 	 11 
87.30 	 3.3333 	 0.7496 	 15 	 12 
87.40 	 0.0000 	 0.7507 	 15 	 12 
87.50 	 0.0000 	 0.7503 	 15 	 12 
87.60 	 0.0000 	 0.7499 	 15 	 13 
87.70 	 3.3333 	 0.7491 	 15 	 13 
87.80 	 3.3333 	 0.7498 	 15 	 13 
87.90 	 0.0000 	 0.7491 	 15 	 13 
88.00 	 0.0000 	 0.7484 	 15 	 13 
88.10 	 0.0000 	 0.7486 	 15 	 13 
88.20 	 0.0000 	 0.7466 	 15 	 13 
88.30 	 0.0000 	 0.7485 	 15 	 13 
88.40 	 0.0000 	 0.7494 	 15 	 13 
88.50 	 3.3333 	 0.7475 	 15 	 13 
88.60 	 0.0000 	 0.7490 	 15 	 14 
88.70 	 3.3333 	 0.7480 	 15 	 14 
88.80 	 0.0000 	 0.7476 	 15 	 12 
88.90 	 0.0000 	 0.7479 	 15 	 12 
89.00 	 0.0000 	 0.7477 	 15 	 12 
89.10 	 3.3333 	 0.7472 	 15 	 14 
89.20 	 0.0000 	 0.7413 	 15 	 14 
89.30 	 0.0000 	 0.7415 	 15 	 13 
89.40 	 0.0000 	 0.7418 	 15 	 13 
89.50 	 0.0000 	 0.7408 	 15 	 14 
89.60 	 0.0000 	 0.7375 	 15 	 14 
89.70 	 3.3333 	 0.7334 	 15 	 13 
89.80 	 3.3333 	 0.7310 	 15 	 13 
89.90 	 0.0000 	 0.7296 	 15 	 13 
90.00 	 0.0000 	 0.7272 	 15 	 13 
90.10 	 0.0000 	 0.7286 	 15 	 13 
90.20 	 0.0000 	 0.7290 	 15 	 13 
90.30 	 0.0000 	 0.7297 	 15 	 14 
90.40 	 0.0000 	 0.7331 	 15 	 14 
90.50 	 3.3333 	 0.7349 	 15 	 14 
90.60 	 3.3333 	 0.7367 	 15 	 14 
90.70 	 0.0000 	 0.7393 	 15 	 14 
90.80 	 0.0000 	 0.7406 	 15 	 14 
90.90 	 0.0000 	 0.7432 	 15 	 14 
91.00 	 0.0000 	 0.7471 	 15 	 14 
91.10 	 0.0000 	 0.7485 	 15 	 14 
91.20 	 3.3333 	 0.7474 	 15 	 14 
91.30 	 0.0000 	 0.7466 	 15 	 14 
91.40 	 0.0000 	 0.7444 	 15 	 14 
91.50 	 3.3333 	 0.7459 	 15 	 12 
91.60 	 0.0000 	 0.7435 	 15 	 12 
91.70 	 3.3333 	 0.7433 	 15 	 14 
91.80 	 0.0000 	 0.7429 	 15 	 14 
91.90 	 0.0000 	 0.7445 	 15 	 14 
92.00 	 0.0000 	 0.7425 	 15 	 14 
92.10 	 0.0000 	 0.7425 	 15 	 14 
92.20 	 0.0000 	 0.7402 	 15 	 13 
92.30 	 3.3333 	 0.7425 	 15 	 14 
92.40 	 0.0000 	 0.7458 	 15 	 14 
92.50 	 3.3333 	 0.7471 	 15 	 14 
92.60 	 0.0000 	 0.7460 	 15 	 13 
92.70 	 0.0000 	 0.7492 	 15 	 13 
92.80 	 0.0000 	 0.7499 	 15 	 13 
92.90 	 0.0000 	 0.7527 	 15 	 13 
93.00 	 0.0000 	 0.7528 	 15 	 14 
93.10 	 3.3333 	 0.7553 	 15 	 14 
93.20 	 0.0000 	 0.7571 	 15 	 12 
93.30 	 0.0000 	 0.7578 	 15 	 14 
93.40 	 3.3333 	 0.7567 	 15 	 14 
93.50 	 0.0000 	 0.7591 	 15 	 13 
93.60 	 0.0000 	 0.7623 	 15 	 13 
93.70 	 0.0000 	 0.7620 	 15 	 14 
93.80 	 3.3333 	 0.7642 	 15 	 13 
93.90 	 0.0000 	 0.7666 	 15 	 13 
94.00 	 0.0000 	 0.7702 	 15 	 13 
94.10 	 0.0000 	 0.7729 	 15 	 13 
94.20 	 6.6667 	 0.7730 	 15 	 13 
94.30 	 0.0000 	 0.7758 	 15 	 13 
94.40 	 0.0000 	 0.7773 	 15 	 14 
94.50 	 0.0000 	 0.7781 	 15 	 14 
94.60 	 0.0000 	 0.7797 	 15 	 14 
94.70 	 0.0000 	 0.7799 	 15 	 13 
94.80 	 0.0000 	 0.7816 	 15 	 13 
94.90 	 0.0000 	 0.7824 	 15 	 13 
95.00 	 3.3333 	 0.7845 	 15 	 13 
95.10 	 0.0000 	 0.7857 	 15 	 13 
95.20 	 0.0000 	 0.7872 	 15 	 13 
95.30 	 0.0000 	 0.7883 	 15 	 14 
95.40 	 0.0000 	 0.7880 	 15 	 12 
95.50 	 0.0000 	 0.7891 	 15 	 13 
95.60 	 0.0000 	 0.7907 	 15 	 13 
95.70 	 3.3333 	 0.7895 	 15 	 13 
95.80 	 0.0000 	 0.7899 	 15 	 13 
95.90 	 0.0000 	 0.7904 	 15 	 13 
96.00 	 0.0000 	 0.7904 	 15 	 13 
96.10 	 0.0000 	 0.7906 	 15 	 13 
96.20 	 0.0000 	 0.7904 	 15 	 12 
96.30 	 0.0000 	 0.7915 	 15 	 13 
96.40 	 0.0000 	 0.7917 	 15 	 13 
96.50 	 3.3333 	 0.7921 	 15 	 14 
96.60 	 0.0000 	 0.7907 	 15 	 14 
96.70 	 0.0000 	 0.7831 	 15 	 14 
96.80 	 0.0000 	 0.7809 	 15 	 13 
96.90 	 3.3333 	 0.7759 	 15 	 13 
97.00 	 0.0000 	 0.7716 	 15 	 13 
97.10 	 0.0000 	 0.7664 	 15 	 13 
97.20 	 0.0000 	 0.7636 	 15 	 13 
97.30 	 3.3333 	 0.7598 	 15 	 14 
97.40 	 0.0000 	 0.7581 	 15 	 14 
97.50 	 3.3333 	 0.7591 	 15 	 14 
97.60 	 0.0000 	 0.7522 	 15 	 12 
97.70 	 0.0000 	 0.7535 	 15 	 11 
97.80 	 0.0000 	 0.7546 	 15 	 12 
97.90 	 0.0000 	 0.7543 	 15 	 13 
98.00 	 0.0000 	 0.7571 	 15 	 12 
98.10 	 6.6667 	 0.7584 	 15 	 12 
98.20 	 0.0000 	 0.7575 	 15 	 12 
98.30 	 0.0000 	 0.7585 	 15 	 12 
98.40 	 0.0000 	 0.7576 	 15 	 12 
98.50 	 0.0000 	 0.7561 	 15 	 12 
98.60 	 0.0000 	 0.7574 	 15 	 12 
98.70 	 0.0000 	 0.7565 	 15 	 12 
98.80 	 0.0000 	 0.7560 	 15 	 12 
98.90 	 3.3333 	 0.7579 	 15 	 12 
99.00 	 3.3333 	 0.7580 	 15 	 12 
99.10 	 0.0000 	 0.7608 	 15 	 12 
99.20 	 0.0000 	 0.7595 	 15 	 12 
99.30 	 0.0000 	 0.7601 	 15 	 12 
99.40 	 0.0000 	 0.7593 	 15 	 12 
99.50 	 0.0000 	 0.7603 	 15 	 12 
99.60 	 0.0000 	 0.7600 	 15 	 12 
99.70 	 3.3333 	 0.7615 	 15 	 13 
99.80 	 0.0000 	 0.7619 	 15 	 13 
99.90 	 0.0000 	 0.7622 	 15 	 12 
100.00 	 3.3333 	 0.7618 	 15 	 12 
