# Optimal flow and avg speed dependent on time 
 # Aggressives: 0 
 # Velocity factor: 1 
0.10 	 0.0000 	 0.9544 	 11 	 0 
0.20 	 0.0000 	 0.9347 	 11 	 0 
0.30 	 3.3333 	 0.9195 	 11 	 1 
0.40 	 0.0000 	 0.9048 	 11 	 0 
0.50 	 0.0000 	 0.8888 	 11 	 0 
0.60 	 3.3333 	 0.8719 	 11 	 1 
0.70 	 0.0000 	 0.8574 	 11 	 1 
0.80 	 0.0000 	 0.8376 	 11 	 0 
0.90 	 0.0000 	 0.8184 	 11 	 0 
1.00 	 0.0000 	 0.7995 	 11 	 0 
1.10 	 3.3333 	 0.7800 	 11 	 1 
1.20 	 0.0000 	 0.7593 	 11 	 0 
1.30 	 0.0000 	 0.7424 	 11 	 0 
1.40 	 0.0000 	 0.7268 	 11 	 0 
1.50 	 3.3333 	 0.7144 	 11 	 2 
1.60 	 0.0000 	 0.7078 	 11 	 2 
1.70 	 0.0000 	 0.7036 	 12 	 0 
1.80 	 0.0000 	 0.7008 	 12 	 0 
1.90 	 3.3333 	 0.6964 	 12 	 1 
2.00 	 0.0000 	 0.6928 	 12 	 1 
2.10 	 0.0000 	 0.6929 	 12 	 1 
2.20 	 0.0000 	 0.6945 	 12 	 0 
2.30 	 3.3333 	 0.6935 	 12 	 1 
2.40 	 0.0000 	 0.6919 	 12 	 1 
2.50 	 0.0000 	 0.6921 	 12 	 1 
2.60 	 0.0000 	 0.6903 	 12 	 0 
2.70 	 0.0000 	 0.6886 	 12 	 0 
2.80 	 0.0000 	 0.6910 	 12 	 0 
2.90 	 0.0000 	 0.6903 	 12 	 0 
3.00 	 3.3333 	 0.6919 	 12 	 2 
3.10 	 0.0000 	 0.6902 	 12 	 0 
3.20 	 0.0000 	 0.6925 	 12 	 0 
3.30 	 3.3333 	 0.6966 	 12 	 1 
3.40 	 0.0000 	 0.6977 	 12 	 1 
3.50 	 0.0000 	 0.6975 	 12 	 1 
3.60 	 0.0000 	 0.7026 	 12 	 0 
3.70 	 0.0000 	 0.7073 	 12 	 0 
3.80 	 3.3333 	 0.7078 	 12 	 1 
3.90 	 0.0000 	 0.7121 	 12 	 0 
4.00 	 0.0000 	 0.7159 	 12 	 0 
4.10 	 0.0000 	 0.7194 	 12 	 0 
4.20 	 0.0000 	 0.7206 	 12 	 0 
4.30 	 0.0000 	 0.7228 	 12 	 0 
4.40 	 3.3333 	 0.7238 	 12 	 1 
4.50 	 0.0000 	 0.7247 	 12 	 17 
4.60 	 3.3333 	 0.7261 	 12 	 1 
4.70 	 0.0000 	 0.7261 	 12 	 1 
4.80 	 0.0000 	 0.7290 	 12 	 1 
4.90 	 0.0000 	 0.7318 	 12 	 1 
5.00 	 0.0000 	 0.7338 	 12 	 18 
5.10 	 0.0000 	 0.7384 	 12 	 16 
5.20 	 0.0000 	 0.7446 	 12 	 0 
5.30 	 3.3333 	 0.7493 	 13 	 0 
5.40 	 3.3333 	 0.7541 	 13 	 1 
5.50 	 3.3333 	 0.7616 	 13 	 1 
5.60 	 0.0000 	 0.7680 	 13 	 1 
5.70 	 0.0000 	 0.7747 	 13 	 1 
5.80 	 0.0000 	 0.7802 	 13 	 1 
5.90 	 0.0000 	 0.7866 	 13 	 11 
6.00 	 0.0000 	 0.7910 	 13 	 0 
6.10 	 0.0000 	 0.7919 	 13 	 0 
6.20 	 0.0000 	 0.7930 	 13 	 0 
6.30 	 0.0000 	 0.7939 	 13 	 0 
6.40 	 0.0000 	 0.7951 	 13 	 0 
6.50 	 3.3333 	 0.7942 	 13 	 10 
6.60 	 3.3333 	 0.7941 	 13 	 1 
6.70 	 0.0000 	 0.7939 	 13 	 1 
6.80 	 3.3333 	 0.7916 	 13 	 1 
6.90 	 0.0000 	 0.7901 	 13 	 1 
7.00 	 0.0000 	 0.7882 	 13 	 2 
7.10 	 0.0000 	 0.7882 	 13 	 2 
7.20 	 0.0000 	 0.7870 	 13 	 2 
7.30 	 0.0000 	 0.7860 	 13 	 0 
7.40 	 0.0000 	 0.7865 	 13 	 0 
7.50 	 0.0000 	 0.7854 	 13 	 0 
7.60 	 0.0000 	 0.7850 	 13 	 0 
7.70 	 0.0000 	 0.7836 	 13 	 0 
7.80 	 0.0000 	 0.7858 	 13 	 0 
7.90 	 3.3333 	 0.7856 	 13 	 0 
8.00 	 0.0000 	 0.7848 	 13 	 0 
8.10 	 0.0000 	 0.7822 	 13 	 0 
8.20 	 0.0000 	 0.7820 	 13 	 0 
8.30 	 3.3333 	 0.7794 	 13 	 2 
8.40 	 0.0000 	 0.7769 	 13 	 2 
8.50 	 3.3333 	 0.7724 	 13 	 19 
8.60 	 0.0000 	 0.7738 	 13 	 19 
8.70 	 3.3333 	 0.7728 	 13 	 2 
8.80 	 0.0000 	 0.7697 	 13 	 2 
8.90 	 0.0000 	 0.7708 	 14 	 2 
9.00 	 0.0000 	 0.7706 	 14 	 2 
9.10 	 0.0000 	 0.7705 	 14 	 2 
9.20 	 0.0000 	 0.7705 	 14 	 2 
9.30 	 3.3333 	 0.7703 	 14 	 2 
9.40 	 0.0000 	 0.7684 	 14 	 2 
9.50 	 3.3333 	 0.7681 	 14 	 2 
9.60 	 3.3333 	 0.7678 	 14 	 1 
9.70 	 0.0000 	 0.7678 	 14 	 1 
9.80 	 0.0000 	 0.7669 	 14 	 3 
9.90 	 0.0000 	 0.7705 	 14 	 3 
10.00 	 0.0000 	 0.7703 	 14 	 15 
10.10 	 0.0000 	 0.7694 	 14 	 13 
10.20 	 0.0000 	 0.7723 	 14 	 2 
10.30 	 0.0000 	 0.7712 	 14 	 0 
10.40 	 0.0000 	 0.7723 	 14 	 0 
10.50 	 3.3333 	 0.7724 	 14 	 2 
10.60 	 0.0000 	 0.7723 	 14 	 2 
10.70 	 3.3333 	 0.7721 	 14 	 1 
10.80 	 3.3333 	 0.7691 	 14 	 1 
10.90 	 0.0000 	 0.7667 	 14 	 1 
11.00 	 0.0000 	 0.7635 	 14 	 1 
11.10 	 0.0000 	 0.7633 	 14 	 1 
11.20 	 0.0000 	 0.7593 	 14 	 1 
11.30 	 0.0000 	 0.7559 	 14 	 1 
11.40 	 0.0000 	 0.7535 	 14 	 15 
11.50 	 0.0000 	 0.7479 	 14 	 3 
11.60 	 0.0000 	 0.7459 	 14 	 0 
11.70 	 3.3333 	 0.7413 	 14 	 3 
11.80 	 0.0000 	 0.7396 	 14 	 2 
11.90 	 0.0000 	 0.7338 	 14 	 2 
12.00 	 0.0000 	 0.7284 	 14 	 2 
12.10 	 3.3333 	 0.7251 	 14 	 2 
12.20 	 0.0000 	 0.7230 	 15 	 3 
12.30 	 3.3333 	 0.7178 	 15 	 2 
12.40 	 0.0000 	 0.7116 	 15 	 2 
12.50 	 0.0000 	 0.7112 	 15 	 3 
12.60 	 0.0000 	 0.7049 	 15 	 3 
12.70 	 0.0000 	 0.7017 	 15 	 3 
12.80 	 0.0000 	 0.6995 	 15 	 3 
12.90 	 0.0000 	 0.6990 	 15 	 3 
13.00 	 0.0000 	 0.6978 	 15 	 3 
13.10 	 3.3333 	 0.6995 	 15 	 3 
13.20 	 0.0000 	 0.6994 	 15 	 3 
13.30 	 0.0000 	 0.7033 	 15 	 3 
13.40 	 3.3333 	 0.7098 	 15 	 1 
13.50 	 0.0000 	 0.7132 	 15 	 1 
13.60 	 0.0000 	 0.7167 	 15 	 1 
13.70 	 0.0000 	 0.7174 	 15 	 1 
13.80 	 3.3333 	 0.7205 	 15 	 1 
13.90 	 0.0000 	 0.7257 	 15 	 2 
14.00 	 0.0000 	 0.7306 	 15 	 2 
14.10 	 0.0000 	 0.7357 	 15 	 2 
14.20 	 0.0000 	 0.7379 	 15 	 3 
14.30 	 0.0000 	 0.7445 	 15 	 3 
14.40 	 0.0000 	 0.7484 	 15 	 4 
14.50 	 0.0000 	 0.7559 	 15 	 0 
14.60 	 3.3333 	 0.7623 	 15 	 3 
14.70 	 0.0000 	 0.7689 	 15 	 3 
14.80 	 3.3333 	 0.7768 	 15 	 3 
14.90 	 0.0000 	 0.7839 	 15 	 1 
15.00 	 0.0000 	 0.7908 	 15 	 1 
15.10 	 0.0000 	 0.7981 	 16 	 3 
15.20 	 3.3333 	 0.8042 	 16 	 1 
15.30 	 0.0000 	 0.8096 	 16 	 4 
15.40 	 0.0000 	 0.8138 	 16 	 3 
15.50 	 0.0000 	 0.8183 	 16 	 3 
15.60 	 0.0000 	 0.8237 	 16 	 3 
15.70 	 0.0000 	 0.8245 	 16 	 0 
15.80 	 3.3333 	 0.8295 	 16 	 4 
15.90 	 0.0000 	 0.8336 	 16 	 2 
16.00 	 0.0000 	 0.8343 	 16 	 3 
16.10 	 0.0000 	 0.8386 	 16 	 3 
16.20 	 0.0000 	 0.8459 	 16 	 4 
16.30 	 3.3333 	 0.8523 	 16 	 4 
16.40 	 3.3333 	 0.8583 	 16 	 1 
16.50 	 0.0000 	 0.8676 	 16 	 1 
16.60 	 0.0000 	 0.8738 	 16 	 4 
16.70 	 0.0000 	 0.8821 	 16 	 4 
16.80 	 0.0000 	 0.8873 	 16 	 4 
16.90 	 0.0000 	 0.8944 	 16 	 2 
17.00 	 3.3333 	 0.9019 	 16 	 3 
17.10 	 0.0000 	 0.9041 	 16 	 3 
17.20 	 3.3333 	 0.9105 	 16 	 17 
17.30 	 0.0000 	 0.9169 	 16 	 4 
17.40 	 0.0000 	 0.9224 	 16 	 4 
17.50 	 0.0000 	 0.9286 	 16 	 3 
17.60 	 0.0000 	 0.9291 	 16 	 3 
17.70 	 3.3333 	 0.9312 	 16 	 3 
17.80 	 0.0000 	 0.9318 	 17 	 3 
17.90 	 0.0000 	 0.9320 	 17 	 3 
18.00 	 0.0000 	 0.9312 	 17 	 3 
18.10 	 3.3333 	 0.9300 	 17 	 5 
18.20 	 0.0000 	 0.9273 	 17 	 6 
18.30 	 3.3333 	 0.9249 	 17 	 6 
18.40 	 0.0000 	 0.9237 	 17 	 2 
18.50 	 0.0000 	 0.9205 	 17 	 3 
18.60 	 0.0000 	 0.9206 	 17 	 3 
18.70 	 0.0000 	 0.9178 	 17 	 3 
18.80 	 3.3333 	 0.9189 	 17 	 3 
18.90 	 0.0000 	 0.9205 	 17 	 3 
19.00 	 0.0000 	 0.9231 	 17 	 5 
19.10 	 0.0000 	 0.9279 	 17 	 5 
19.20 	 3.3333 	 0.9317 	 17 	 3 
19.30 	 3.3333 	 0.9362 	 17 	 5 
19.40 	 0.0000 	 0.9413 	 17 	 5 
19.50 	 0.0000 	 0.9450 	 17 	 5 
19.60 	 0.0000 	 0.9501 	 17 	 4 
19.70 	 0.0000 	 0.9539 	 17 	 4 
19.80 	 3.3333 	 0.9586 	 17 	 4 
19.90 	 0.0000 	 0.9636 	 17 	 4 
20.00 	 0.0000 	 0.9683 	 17 	 18 
20.10 	 0.0000 	 0.9720 	 17 	 4 
20.20 	 0.0000 	 0.9748 	 17 	 5 
20.30 	 3.3333 	 0.9771 	 18 	 4 
20.40 	 3.3333 	 0.9796 	 18 	 4 
20.50 	 0.0000 	 0.9819 	 18 	 4 
20.60 	 0.0000 	 0.9818 	 18 	 4 
20.70 	 0.0000 	 0.9837 	 18 	 4 
20.80 	 0.0000 	 0.9853 	 18 	 4 
20.90 	 3.3333 	 0.9867 	 18 	 6 
21.00 	 0.0000 	 0.9887 	 18 	 5 
21.10 	 0.0000 	 0.9906 	 18 	 4 
21.20 	 0.0000 	 0.9917 	 18 	 4 
21.30 	 3.3333 	 0.9915 	 18 	 4 
21.40 	 0.0000 	 0.9904 	 18 	 4 
21.50 	 3.3333 	 0.9908 	 18 	 6 
21.60 	 0.0000 	 0.9898 	 18 	 6 
21.70 	 0.0000 	 0.9903 	 18 	 4 
21.80 	 0.0000 	 0.9891 	 18 	 6 
21.90 	 3.3333 	 0.9896 	 18 	 6 
22.00 	 0.0000 	 0.9899 	 18 	 4 
22.10 	 0.0000 	 0.9906 	 18 	 7 
22.20 	 3.3333 	 0.9912 	 18 	 4 
22.30 	 0.0000 	 0.9916 	 18 	 5 
22.40 	 0.0000 	 0.9914 	 18 	 5 
22.50 	 0.0000 	 0.9922 	 18 	 19 
22.60 	 3.3333 	 0.9919 	 18 	 5 
22.70 	 0.0000 	 0.9906 	 18 	 5 
22.80 	 0.0000 	 0.9901 	 18 	 5 
22.90 	 0.0000 	 0.9888 	 19 	 5 
23.00 	 3.3333 	 0.9891 	 19 	 5 
23.10 	 0.0000 	 0.9895 	 19 	 5 
23.20 	 3.3333 	 0.9897 	 19 	 5 
23.30 	 0.0000 	 0.9904 	 19 	 5 
23.40 	 3.3333 	 0.9920 	 19 	 5 
23.50 	 0.0000 	 0.9931 	 19 	 4 
23.60 	 0.0000 	 0.9940 	 19 	 5 
23.70 	 0.0000 	 0.9945 	 19 	 5 
23.80 	 0.0000 	 0.9943 	 19 	 5 
23.90 	 0.0000 	 0.9941 	 19 	 0 
24.00 	 0.0000 	 0.9953 	 19 	 7 
24.10 	 3.3333 	 0.9955 	 19 	 7 
24.20 	 0.0000 	 0.9947 	 19 	 5 
24.30 	 3.3333 	 0.9954 	 19 	 5 
24.40 	 0.0000 	 0.9933 	 19 	 7 
24.50 	 3.3333 	 0.9920 	 19 	 7 
24.60 	 0.0000 	 0.9923 	 19 	 5 
24.70 	 0.0000 	 0.9913 	 19 	 4 
24.80 	 0.0000 	 0.9900 	 19 	 5 
24.90 	 0.0000 	 0.9905 	 19 	 6 
25.00 	 0.0000 	 0.9895 	 19 	 0 
25.10 	 6.6667 	 0.9903 	 19 	 6 
25.20 	 0.0000 	 0.9890 	 19 	 6 
25.30 	 0.0000 	 0.9881 	 19 	 6 
25.40 	 0.0000 	 0.9877 	 0 	 0 
25.50 	 3.3333 	 0.9868 	 0 	 6 
25.60 	 3.3333 	 0.9854 	 0 	 6 
25.70 	 0.0000 	 0.9850 	 0 	 6 
25.80 	 0.0000 	 0.9845 	 0 	 6 
25.90 	 0.0000 	 0.9850 	 0 	 6 
26.00 	 0.0000 	 0.9860 	 0 	 5 
26.10 	 0.0000 	 0.9868 	 0 	 0 
26.20 	 3.3333 	 0.9867 	 0 	 6 
26.30 	 0.0000 	 0.9866 	 0 	 6 
26.40 	 3.3333 	 0.9886 	 0 	 1 
26.50 	 0.0000 	 0.9898 	 0 	 1 
26.60 	 0.0000 	 0.9904 	 0 	 8 
26.70 	 0.0000 	 0.9900 	 0 	 6 
26.80 	 0.0000 	 0.9901 	 0 	 6 
26.90 	 3.3333 	 0.9920 	 0 	 6 
27.00 	 0.0000 	 0.9915 	 0 	 8 
27.10 	 0.0000 	 0.9925 	 0 	 6 
27.20 	 3.3333 	 0.9945 	 0 	 5 
27.30 	 0.0000 	 0.9931 	 0 	 0 
27.40 	 0.0000 	 0.9939 	 0 	 0 
27.50 	 6.6667 	 0.9942 	 0 	 1 
27.60 	 0.0000 	 0.9937 	 0 	 7 
27.70 	 0.0000 	 0.9932 	 0 	 7 
27.80 	 0.0000 	 0.9926 	 0 	 7 
27.90 	 3.3333 	 0.9921 	 1 	 1 
28.00 	 0.0000 	 0.9927 	 1 	 7 
28.10 	 0.0000 	 0.9933 	 1 	 7 
28.20 	 0.0000 	 0.9937 	 1 	 7 
28.30 	 0.0000 	 0.9943 	 1 	 7 
28.40 	 0.0000 	 0.9935 	 1 	 7 
28.50 	 3.3333 	 0.9948 	 1 	 6 
28.60 	 3.3333 	 0.9947 	 1 	 1 
28.70 	 0.0000 	 0.9948 	 1 	 8 
28.80 	 0.0000 	 0.9957 	 1 	 7 
28.90 	 3.3333 	 0.9972 	 1 	 2 
29.00 	 0.0000 	 0.9972 	 1 	 2 
29.10 	 0.0000 	 0.9967 	 1 	 8 
29.20 	 0.0000 	 0.9977 	 1 	 7 
29.30 	 0.0000 	 0.9979 	 1 	 7 
29.40 	 0.0000 	 0.9963 	 1 	 7 
29.50 	 0.0000 	 0.9968 	 1 	 9 
29.60 	 3.3333 	 0.9960 	 1 	 7 
29.70 	 3.3333 	 0.9955 	 1 	 6 
29.80 	 3.3333 	 0.9951 	 1 	 1 
29.90 	 0.0000 	 0.9939 	 1 	 1 
30.00 	 0.0000 	 0.9932 	 1 	 2 
30.10 	 0.0000 	 0.9919 	 1 	 2 
30.20 	 0.0000 	 0.9907 	 1 	 8 
30.30 	 0.0000 	 0.9908 	 1 	 8 
30.40 	 0.0000 	 0.9906 	 2 	 2 
30.50 	 3.3333 	 0.9906 	 2 	 8 
30.60 	 0.0000 	 0.9912 	 2 	 8 
30.70 	 0.0000 	 0.9922 	 2 	 8 
30.80 	 3.3333 	 0.9906 	 2 	 8 
30.90 	 0.0000 	 0.9901 	 2 	 8 
31.00 	 3.3333 	 0.9914 	 2 	 7 
31.10 	 0.0000 	 0.9916 	 2 	 2 
31.20 	 0.0000 	 0.9921 	 2 	 9 
31.30 	 0.0000 	 0.9928 	 2 	 8 
31.40 	 0.0000 	 0.9942 	 2 	 3 
31.50 	 0.0000 	 0.9952 	 2 	 0 
31.60 	 3.3333 	 0.9960 	 2 	 9 
31.70 	 0.0000 	 0.9960 	 2 	 10 
31.80 	 3.3333 	 0.9958 	 2 	 8 
31.90 	 0.0000 	 0.9962 	 2 	 8 
32.00 	 3.3333 	 0.9966 	 2 	 10 
32.10 	 0.0000 	 0.9971 	 2 	 1 
32.20 	 0.0000 	 0.9957 	 2 	 7 
32.30 	 0.0000 	 0.9959 	 2 	 8 
32.40 	 0.0000 	 0.9942 	 2 	 2 
32.50 	 0.0000 	 0.9938 	 2 	 3 
32.60 	 0.0000 	 0.9929 	 2 	 0 
32.70 	 3.3333 	 0.9935 	 2 	 9 
32.80 	 0.0000 	 0.9929 	 2 	 9 
32.90 	 3.3333 	 0.9931 	 3 	 3 
33.00 	 3.3333 	 0.9934 	 3 	 9 
33.10 	 0.0000 	 0.9927 	 3 	 9 
33.20 	 0.0000 	 0.9915 	 3 	 9 
33.30 	 0.0000 	 0.9915 	 3 	 9 
33.40 	 0.0000 	 0.9905 	 3 	 9 
33.50 	 0.0000 	 0.9911 	 3 	 8 
33.60 	 3.3333 	 0.9908 	 3 	 3 
33.70 	 0.0000 	 0.9918 	 3 	 10 
33.80 	 0.0000 	 0.9919 	 3 	 10 
33.90 	 0.0000 	 0.9922 	 3 	 9 
34.00 	 3.3333 	 0.9916 	 3 	 4 
34.10 	 3.3333 	 0.9926 	 3 	 9 
34.20 	 0.0000 	 0.9935 	 3 	 11 
34.30 	 0.0000 	 0.9935 	 3 	 9 
34.40 	 0.0000 	 0.9936 	 3 	 9 
34.50 	 0.0000 	 0.9941 	 3 	 9 
34.60 	 0.0000 	 0.9940 	 3 	 2 
34.70 	 0.0000 	 0.9930 	 3 	 8 
34.80 	 3.3333 	 0.9944 	 3 	 8 
34.90 	 0.0000 	 0.9948 	 3 	 3 
35.00 	 0.0000 	 0.9952 	 3 	 3 
35.10 	 6.6667 	 0.9959 	 3 	 1 
35.20 	 0.0000 	 0.9955 	 3 	 10 
35.30 	 0.0000 	 0.9958 	 3 	 11 
35.40 	 0.0000 	 0.9952 	 4 	 4 
35.50 	 0.0000 	 0.9942 	 4 	 10 
35.60 	 0.0000 	 0.9948 	 4 	 10 
35.70 	 0.0000 	 0.9934 	 4 	 10 
35.80 	 3.3333 	 0.9934 	 4 	 10 
35.90 	 0.0000 	 0.9937 	 4 	 10 
36.00 	 0.0000 	 0.9933 	 4 	 9 
36.10 	 0.0000 	 0.9927 	 4 	 10 
36.20 	 6.6667 	 0.9923 	 4 	 11 
36.30 	 0.0000 	 0.9938 	 4 	 11 
36.40 	 0.0000 	 0.9940 	 4 	 10 
36.50 	 0.0000 	 0.9945 	 4 	 5 
36.60 	 0.0000 	 0.9951 	 4 	 10 
36.70 	 0.0000 	 0.9954 	 4 	 12 
36.80 	 3.3333 	 0.9959 	 4 	 10 
36.90 	 0.0000 	 0.9956 	 4 	 10 
37.00 	 0.0000 	 0.9965 	 4 	 10 
37.10 	 0.0000 	 0.9962 	 4 	 3 
37.20 	 3.3333 	 0.9945 	 4 	 9 
37.30 	 3.3333 	 0.9943 	 4 	 9 
37.40 	 0.0000 	 0.9943 	 4 	 4 
37.50 	 0.0000 	 0.9944 	 4 	 4 
37.60 	 0.0000 	 0.9940 	 4 	 11 
37.70 	 0.0000 	 0.9933 	 4 	 11 
37.80 	 0.0000 	 0.9931 	 4 	 12 
37.90 	 0.0000 	 0.9949 	 5 	 5 
38.00 	 3.3333 	 0.9938 	 5 	 11 
38.10 	 0.0000 	 0.9927 	 5 	 11 
38.20 	 0.0000 	 0.9918 	 5 	 11 
38.30 	 6.6667 	 0.9917 	 5 	 11 
38.40 	 0.0000 	 0.9925 	 5 	 11 
38.50 	 0.0000 	 0.9929 	 5 	 10 
38.60 	 0.0000 	 0.9934 	 5 	 10 
38.70 	 0.0000 	 0.9929 	 5 	 12 
38.80 	 0.0000 	 0.9918 	 5 	 12 
38.90 	 0.0000 	 0.9911 	 5 	 11 
39.00 	 3.3333 	 0.9918 	 5 	 6 
39.10 	 0.0000 	 0.9917 	 5 	 11 
39.20 	 0.0000 	 0.9912 	 5 	 13 
39.30 	 0.0000 	 0.9914 	 5 	 11 
39.40 	 6.6667 	 0.9927 	 5 	 11 
39.50 	 0.0000 	 0.9940 	 5 	 11 
39.60 	 0.0000 	 0.9950 	 5 	 4 
39.70 	 0.0000 	 0.9954 	 5 	 4 
39.80 	 0.0000 	 0.9954 	 5 	 10 
39.90 	 0.0000 	 0.9968 	 5 	 5 
40.00 	 0.0000 	 0.9978 	 5 	 5 
40.10 	 3.3333 	 0.9990 	 5 	 6 
40.20 	 0.0000 	 0.9988 	 5 	 12 
40.30 	 0.0000 	 0.9980 	 5 	 13 
40.40 	 3.3333 	 0.9975 	 6 	 6 
40.50 	 3.3333 	 0.9961 	 6 	 12 
40.60 	 0.0000 	 0.9950 	 6 	 12 
40.70 	 0.0000 	 0.9918 	 6 	 12 
40.80 	 0.0000 	 0.9929 	 6 	 12 
40.90 	 0.0000 	 0.9931 	 6 	 12 
41.00 	 0.0000 	 0.9936 	 6 	 11 
41.10 	 3.3333 	 0.9943 	 6 	 11 
41.20 	 0.0000 	 0.9947 	 6 	 6 
41.30 	 0.0000 	 0.9937 	 6 	 13 
41.40 	 0.0000 	 0.9929 	 6 	 12 
41.50 	 3.3333 	 0.9921 	 6 	 7 
41.60 	 3.3333 	 0.9915 	 6 	 12 
41.70 	 0.0000 	 0.9921 	 6 	 14 
41.80 	 0.0000 	 0.9926 	 6 	 12 
41.90 	 0.0000 	 0.9932 	 6 	 12 
42.00 	 0.0000 	 0.9937 	 6 	 12 
42.10 	 0.0000 	 0.9938 	 6 	 12 
42.20 	 3.3333 	 0.9943 	 6 	 5 
42.30 	 0.0000 	 0.9950 	 6 	 11 
42.40 	 0.0000 	 0.9960 	 6 	 6 
42.50 	 3.3333 	 0.9964 	 6 	 6 
42.60 	 0.0000 	 0.9971 	 6 	 7 
42.70 	 3.3333 	 0.9968 	 6 	 13 
42.80 	 0.0000 	 0.9965 	 6 	 14 
42.90 	 0.0000 	 0.9955 	 7 	 7 
43.00 	 0.0000 	 0.9968 	 7 	 13 
43.10 	 0.0000 	 0.9959 	 7 	 13 
43.20 	 3.3333 	 0.9941 	 7 	 13 
43.30 	 0.0000 	 0.9920 	 7 	 13 
43.40 	 0.0000 	 0.9918 	 7 	 13 
43.50 	 0.0000 	 0.9919 	 7 	 12 
43.60 	 3.3333 	 0.9931 	 7 	 12 
43.70 	 0.0000 	 0.9939 	 7 	 7 
43.80 	 3.3333 	 0.9938 	 7 	 14 
43.90 	 0.0000 	 0.9919 	 7 	 14 
44.00 	 0.0000 	 0.9902 	 7 	 8 
44.10 	 0.0000 	 0.9901 	 7 	 13 
44.20 	 3.3333 	 0.9912 	 7 	 15 
44.30 	 0.0000 	 0.9926 	 7 	 13 
44.40 	 0.0000 	 0.9936 	 7 	 13 
44.50 	 0.0000 	 0.9943 	 7 	 13 
44.60 	 3.3333 	 0.9946 	 7 	 13 
44.70 	 3.3333 	 0.9949 	 7 	 1 
44.80 	 0.0000 	 0.9936 	 7 	 12 
44.90 	 0.0000 	 0.9924 	 7 	 7 
45.00 	 0.0000 	 0.9931 	 7 	 7 
45.10 	 0.0000 	 0.9937 	 7 	 8 
45.20 	 0.0000 	 0.9940 	 7 	 9 
45.30 	 3.3333 	 0.9945 	 7 	 14 
45.40 	 0.0000 	 0.9957 	 8 	 8 
45.50 	 0.0000 	 0.9944 	 8 	 14 
45.60 	 3.3333 	 0.9951 	 8 	 14 
45.70 	 3.3333 	 0.9936 	 8 	 14 
45.80 	 0.0000 	 0.9920 	 8 	 14 
45.90 	 0.0000 	 0.9924 	 8 	 14 
46.00 	 0.0000 	 0.9938 	 8 	 14 
46.10 	 0.0000 	 0.9935 	 8 	 13 
46.20 	 0.0000 	 0.9937 	 8 	 8 
46.30 	 0.0000 	 0.9938 	 8 	 15 
46.40 	 3.3333 	 0.9938 	 8 	 15 
46.50 	 0.0000 	 0.9906 	 8 	 9 
46.60 	 0.0000 	 0.9896 	 8 	 9 
46.70 	 3.3333 	 0.9898 	 8 	 14 
46.80 	 3.3333 	 0.9921 	 8 	 14 
46.90 	 0.0000 	 0.9933 	 8 	 14 
47.00 	 0.0000 	 0.9930 	 8 	 14 
47.10 	 0.0000 	 0.9933 	 8 	 14 
47.20 	 0.0000 	 0.9934 	 8 	 2 
47.30 	 3.3333 	 0.9916 	 8 	 13 
47.40 	 0.0000 	 0.9924 	 8 	 8 
47.50 	 0.0000 	 0.9922 	 8 	 8 
47.60 	 0.0000 	 0.9919 	 8 	 9 
47.70 	 0.0000 	 0.9921 	 8 	 6 
47.80 	 6.6667 	 0.9934 	 8 	 10 
47.90 	 0.0000 	 0.9953 	 9 	 9 
48.00 	 0.0000 	 0.9959 	 9 	 9 
48.10 	 0.0000 	 0.9959 	 9 	 15 
48.20 	 0.0000 	 0.9957 	 9 	 15 
48.30 	 0.0000 	 0.9931 	 9 	 15 
48.40 	 3.3333 	 0.9932 	 9 	 15 
48.50 	 0.0000 	 0.9938 	 9 	 15 
48.60 	 0.0000 	 0.9942 	 9 	 14 
48.70 	 0.0000 	 0.9943 	 9 	 9 
48.80 	 3.3333 	 0.9936 	 9 	 16 
48.90 	 3.3333 	 0.9933 	 9 	 16 
49.00 	 0.0000 	 0.9932 	 9 	 10 
49.10 	 0.0000 	 0.9906 	 9 	 10 
49.20 	 0.0000 	 0.9891 	 9 	 15 
49.30 	 0.0000 	 0.9916 	 9 	 15 
49.40 	 0.0000 	 0.9937 	 9 	 15 
49.50 	 3.3333 	 0.9946 	 9 	 15 
49.60 	 0.0000 	 0.9935 	 9 	 15 
49.70 	 0.0000 	 0.9949 	 9 	 3 
49.80 	 0.0000 	 0.9952 	 9 	 3 
49.90 	 6.6667 	 0.9948 	 9 	 9 
50.00 	 0.0000 	 0.9952 	 9 	 9 
50.10 	 0.0000 	 0.9952 	 9 	 9 
50.20 	 0.0000 	 0.9942 	 9 	 10 
50.30 	 0.0000 	 0.9930 	 9 	 11 
50.40 	 0.0000 	 0.9927 	 9 	 17 
50.50 	 3.3333 	 0.9926 	 10 	 10 
50.60 	 0.0000 	 0.9935 	 10 	 16 
50.70 	 0.0000 	 0.9935 	 10 	 16 
50.80 	 0.0000 	 0.9939 	 10 	 16 
50.90 	 3.3333 	 0.9927 	 10 	 16 
51.00 	 3.3333 	 0.9931 	 10 	 16 
51.10 	 0.0000 	 0.9931 	 10 	 15 
51.20 	 0.0000 	 0.9933 	 10 	 16 
51.30 	 0.0000 	 0.9925 	 10 	 17 
51.40 	 0.0000 	 0.9910 	 10 	 17 
51.50 	 3.3333 	 0.9905 	 10 	 10 
51.60 	 0.0000 	 0.9912 	 10 	 11 
51.70 	 0.0000 	 0.9904 	 10 	 16 
51.80 	 0.0000 	 0.9917 	 10 	 18 
51.90 	 3.3333 	 0.9935 	 10 	 16 
52.00 	 0.0000 	 0.9953 	 10 	 16 
52.10 	 3.3333 	 0.9957 	 10 	 16 
52.20 	 0.0000 	 0.9956 	 10 	 4 
52.30 	 0.0000 	 0.9956 	 10 	 4 
52.40 	 0.0000 	 0.9955 	 10 	 4 
52.50 	 0.0000 	 0.9955 	 10 	 17 
52.60 	 0.0000 	 0.9959 	 10 	 10 
52.70 	 3.3333 	 0.9972 	 10 	 11 
52.80 	 0.0000 	 0.9973 	 10 	 12 
52.90 	 0.0000 	 0.9956 	 10 	 18 
53.00 	 3.3333 	 0.9962 	 11 	 11 
53.10 	 3.3333 	 0.9968 	 11 	 17 
53.20 	 0.0000 	 0.9967 	 11 	 17 
53.30 	 0.0000 	 0.9940 	 11 	 17 
53.40 	 0.0000 	 0.9936 	 11 	 17 
53.50 	 0.0000 	 0.9934 	 11 	 17 
53.60 	 3.3333 	 0.9909 	 11 	 16 
53.70 	 0.0000 	 0.9920 	 11 	 17 
53.80 	 0.0000 	 0.9929 	 11 	 18 
53.90 	 0.0000 	 0.9931 	 11 	 18 
54.00 	 0.0000 	 0.9914 	 11 	 11 
54.10 	 3.3333 	 0.9905 	 11 	 12 
54.20 	 3.3333 	 0.9909 	 11 	 17 
54.30 	 0.0000 	 0.9913 	 11 	 16 
54.40 	 0.0000 	 0.9923 	 11 	 17 
54.50 	 0.0000 	 0.9936 	 11 	 17 
54.60 	 3.3333 	 0.9948 	 11 	 17 
54.70 	 0.0000 	 0.9939 	 11 	 17 
54.80 	 0.0000 	 0.9943 	 11 	 5 
54.90 	 0.0000 	 0.9951 	 11 	 0 
55.00 	 3.3333 	 0.9952 	 11 	 11 
55.10 	 0.0000 	 0.9958 	 11 	 11 
55.20 	 3.3333 	 0.9968 	 11 	 12 
55.30 	 0.0000 	 0.9974 	 11 	 13 
55.40 	 0.0000 	 0.9974 	 11 	 19 
55.50 	 0.0000 	 0.9967 	 12 	 0 
55.60 	 3.3333 	 0.9964 	 12 	 18 
55.70 	 0.0000 	 0.9969 	 12 	 18 
55.80 	 0.0000 	 0.9962 	 12 	 18 
55.90 	 0.0000 	 0.9951 	 12 	 18 
56.00 	 0.0000 	 0.9963 	 12 	 18 
56.10 	 3.3333 	 0.9961 	 12 	 18 
56.20 	 0.0000 	 0.9942 	 12 	 0 
56.30 	 3.3333 	 0.9925 	 12 	 18 
56.40 	 0.0000 	 0.9933 	 12 	 19 
56.50 	 0.0000 	 0.9938 	 12 	 12 
56.60 	 0.0000 	 0.9936 	 12 	 13 
56.70 	 0.0000 	 0.9927 	 12 	 0 
56.80 	 3.3333 	 0.9912 	 12 	 0 
56.90 	 0.0000 	 0.9910 	 12 	 0 
57.00 	 0.0000 	 0.9914 	 12 	 0 
57.10 	 3.3333 	 0.9923 	 12 	 18 
57.20 	 0.0000 	 0.9935 	 12 	 18 
57.30 	 3.3333 	 0.9942 	 12 	 6 
57.40 	 3.3333 	 0.9961 	 12 	 1 
57.50 	 0.0000 	 0.9955 	 12 	 12 
57.60 	 0.0000 	 0.9962 	 12 	 12 
57.70 	 0.0000 	 0.9966 	 12 	 13 
57.80 	 0.0000 	 0.9970 	 12 	 0 
57.90 	 0.0000 	 0.9968 	 12 	 0 
58.00 	 6.6667 	 0.9959 	 13 	 1 
58.10 	 0.0000 	 0.9953 	 13 	 19 
58.20 	 0.0000 	 0.9937 	 13 	 19 
58.30 	 0.0000 	 0.9947 	 13 	 19 
58.40 	 0.0000 	 0.9967 	 13 	 19 
58.50 	 0.0000 	 0.9960 	 13 	 19 
58.60 	 0.0000 	 0.9967 	 13 	 19 
58.70 	 6.6667 	 0.9967 	 13 	 1 
58.80 	 0.0000 	 0.9945 	 13 	 19 
58.90 	 0.0000 	 0.9948 	 13 	 0 
59.00 	 0.0000 	 0.9958 	 13 	 0 
59.10 	 0.0000 	 0.9956 	 13 	 0 
59.20 	 3.3333 	 0.9954 	 13 	 1 
59.30 	 3.3333 	 0.9947 	 13 	 1 
59.40 	 3.3333 	 0.9949 	 13 	 1 
59.50 	 0.0000 	 0.9945 	 13 	 1 
59.60 	 0.0000 	 0.9942 	 13 	 19 
59.70 	 0.0000 	 0.9951 	 13 	 19 
59.80 	 0.0000 	 0.9959 	 13 	 7 
59.90 	 0.0000 	 0.9950 	 13 	 2 
60.00 	 0.0000 	 0.9945 	 13 	 0 
60.10 	 3.3333 	 0.9935 	 13 	 0 
60.20 	 0.0000 	 0.9950 	 13 	 0 
60.30 	 3.3333 	 0.9948 	 13 	 1 
60.40 	 3.3333 	 0.9939 	 13 	 1 
60.50 	 0.0000 	 0.9949 	 14 	 2 
60.60 	 0.0000 	 0.9944 	 14 	 0 
60.70 	 0.0000 	 0.9943 	 14 	 0 
60.80 	 0.0000 	 0.9955 	 14 	 0 
60.90 	 0.0000 	 0.9971 	 14 	 0 
61.00 	 0.0000 	 0.9972 	 14 	 0 
61.10 	 0.0000 	 0.9971 	 14 	 0 
61.20 	 6.6667 	 0.9981 	 14 	 2 
61.30 	 0.0000 	 0.9964 	 14 	 0 
61.40 	 3.3333 	 0.9943 	 14 	 1 
61.50 	 0.0000 	 0.9940 	 14 	 1 
61.60 	 0.0000 	 0.9953 	 14 	 0 
61.70 	 0.0000 	 0.9957 	 14 	 0 
61.80 	 0.0000 	 0.9956 	 14 	 0 
61.90 	 3.3333 	 0.9953 	 14 	 0 
62.00 	 0.0000 	 0.9946 	 14 	 0 
62.10 	 0.0000 	 0.9937 	 14 	 0 
62.20 	 0.0000 	 0.9933 	 14 	 0 
62.30 	 3.3333 	 0.9957 	 14 	 0 
62.40 	 0.0000 	 0.9963 	 14 	 0 
62.50 	 3.3333 	 0.9965 	 14 	 1 
62.60 	 3.3333 	 0.9964 	 14 	 1 
62.70 	 0.0000 	 0.9967 	 14 	 1 
62.80 	 0.0000 	 0.9955 	 14 	 2 
62.90 	 3.3333 	 0.9954 	 14 	 2 
63.00 	 0.0000 	 0.9946 	 15 	 3 
63.10 	 3.3333 	 0.9965 	 15 	 1 
63.20 	 3.3333 	 0.9967 	 15 	 1 
63.30 	 0.0000 	 0.9955 	 15 	 1 
63.40 	 0.0000 	 0.9954 	 15 	 1 
63.50 	 0.0000 	 0.9965 	 15 	 1 
63.60 	 0.0000 	 0.9977 	 15 	 1 
63.70 	 0.0000 	 0.9968 	 15 	 3 
63.80 	 3.3333 	 0.9967 	 15 	 1 
63.90 	 0.0000 	 0.9954 	 15 	 2 
64.00 	 0.0000 	 0.9934 	 15 	 2 
64.10 	 3.3333 	 0.9936 	 15 	 1 
64.20 	 0.0000 	 0.9950 	 15 	 1 
64.30 	 0.0000 	 0.9954 	 15 	 0 
64.40 	 3.3333 	 0.9942 	 15 	 3 
64.50 	 3.3333 	 0.9937 	 15 	 1 
64.60 	 0.0000 	 0.9947 	 15 	 1 
64.70 	 0.0000 	 0.9926 	 15 	 1 
64.80 	 0.0000 	 0.9929 	 15 	 1 
64.90 	 0.0000 	 0.9952 	 15 	 1 
65.00 	 0.0000 	 0.9958 	 15 	 2 
65.10 	 0.0000 	 0.9963 	 15 	 2 
65.20 	 3.3333 	 0.9965 	 15 	 2 
65.30 	 0.0000 	 0.9969 	 15 	 2 
65.40 	 0.0000 	 0.9967 	 15 	 3 
65.50 	 3.3333 	 0.9952 	 16 	 3 
65.60 	 0.0000 	 0.9958 	 16 	 2 
65.70 	 3.3333 	 0.9953 	 16 	 2 
65.80 	 0.0000 	 0.9941 	 16 	 2 
65.90 	 0.0000 	 0.9939 	 16 	 2 
66.00 	 3.3333 	 0.9957 	 16 	 2 
66.10 	 0.0000 	 0.9968 	 16 	 2 
66.20 	 0.0000 	 0.9973 	 16 	 4 
66.30 	 3.3333 	 0.9962 	 16 	 2 
66.40 	 0.0000 	 0.9963 	 16 	 2 
66.50 	 0.0000 	 0.9958 	 16 	 3 
66.60 	 0.0000 	 0.9931 	 16 	 3 
66.70 	 3.3333 	 0.9933 	 16 	 2 
66.80 	 0.0000 	 0.9938 	 16 	 2 
66.90 	 3.3333 	 0.9927 	 16 	 4 
67.00 	 0.0000 	 0.9927 	 16 	 2 
67.10 	 0.0000 	 0.9923 	 16 	 2 
67.20 	 0.0000 	 0.9932 	 16 	 2 
67.30 	 0.0000 	 0.9933 	 16 	 2 
67.40 	 0.0000 	 0.9913 	 16 	 2 
67.50 	 3.3333 	 0.9939 	 16 	 2 
67.60 	 3.3333 	 0.9920 	 16 	 3 
67.70 	 0.0000 	 0.9930 	 16 	 3 
67.80 	 0.0000 	 0.9940 	 16 	 3 
67.90 	 0.0000 	 0.9950 	 16 	 4 
68.00 	 0.0000 	 0.9949 	 17 	 4 
68.10 	 0.0000 	 0.9939 	 17 	 17 
68.20 	 3.3333 	 0.9945 	 17 	 3 
68.30 	 3.3333 	 0.9945 	 17 	 3 
68.40 	 0.0000 	 0.9946 	 17 	 3 
68.50 	 0.0000 	 0.9955 	 17 	 3 
68.60 	 0.0000 	 0.9959 	 17 	 3 
68.70 	 3.3333 	 0.9965 	 17 	 3 
68.80 	 0.0000 	 0.9968 	 17 	 3 
68.90 	 3.3333 	 0.9955 	 17 	 3 
69.00 	 0.0000 	 0.9968 	 17 	 4 
69.10 	 0.0000 	 0.9957 	 17 	 4 
69.20 	 0.0000 	 0.9946 	 17 	 3 
69.30 	 0.0000 	 0.9942 	 17 	 3 
69.40 	 3.3333 	 0.9949 	 17 	 5 
69.50 	 0.0000 	 0.9948 	 17 	 3 
69.60 	 0.0000 	 0.9932 	 17 	 3 
69.70 	 3.3333 	 0.9916 	 17 	 3 
69.80 	 0.0000 	 0.9909 	 17 	 3 
69.90 	 0.0000 	 0.9912 	 17 	 3 
70.00 	 3.3333 	 0.9917 	 17 	 3 
70.10 	 0.0000 	 0.9938 	 17 	 4 
70.20 	 0.0000 	 0.9922 	 17 	 4 
70.30 	 0.0000 	 0.9924 	 17 	 4 
70.40 	 0.0000 	 0.9921 	 17 	 5 
70.50 	 3.3333 	 0.9929 	 18 	 5 
70.60 	 0.0000 	 0.9922 	 18 	 18 
70.70 	 0.0000 	 0.9907 	 18 	 4 
70.80 	 3.3333 	 0.9916 	 18 	 4 
70.90 	 0.0000 	 0.9922 	 18 	 4 
71.00 	 0.0000 	 0.9939 	 18 	 4 
71.10 	 0.0000 	 0.9947 	 18 	 4 
71.20 	 0.0000 	 0.9950 	 18 	 4 
71.30 	 3.3333 	 0.9946 	 18 	 4 
71.40 	 0.0000 	 0.9954 	 18 	 4 
71.50 	 3.3333 	 0.9949 	 18 	 5 
71.60 	 0.0000 	 0.9952 	 18 	 5 
71.70 	 0.0000 	 0.9950 	 18 	 4 
71.80 	 0.0000 	 0.9948 	 18 	 4 
71.90 	 0.0000 	 0.9934 	 18 	 3 
72.00 	 3.3333 	 0.9940 	 18 	 4 
72.10 	 3.3333 	 0.9923 	 18 	 4 
72.20 	 0.0000 	 0.9926 	 18 	 4 
72.30 	 0.0000 	 0.9918 	 18 	 4 
72.40 	 0.0000 	 0.9911 	 18 	 4 
72.50 	 0.0000 	 0.9908 	 18 	 4 
72.60 	 0.0000 	 0.9901 	 18 	 5 
72.70 	 3.3333 	 0.9895 	 18 	 5 
72.80 	 0.0000 	 0.9894 	 18 	 5 
72.90 	 0.0000 	 0.9883 	 18 	 6 
73.00 	 0.0000 	 0.9893 	 19 	 6 
73.10 	 0.0000 	 0.9897 	 19 	 0 
73.20 	 3.3333 	 0.9899 	 19 	 5 
73.30 	 3.3333 	 0.9899 	 19 	 5 
73.40 	 3.3333 	 0.9910 	 19 	 5 
73.50 	 0.0000 	 0.9928 	 19 	 5 
73.60 	 0.0000 	 0.9940 	 19 	 5 
73.70 	 0.0000 	 0.9953 	 19 	 5 
73.80 	 3.3333 	 0.9957 	 19 	 1 
73.90 	 0.0000 	 0.9959 	 19 	 5 
74.00 	 0.0000 	 0.9972 	 19 	 6 
74.10 	 0.0000 	 0.9967 	 19 	 6 
74.20 	 0.0000 	 0.9969 	 19 	 5 
74.30 	 3.3333 	 0.9956 	 19 	 5 
74.40 	 0.0000 	 0.9928 	 19 	 5 
74.50 	 3.3333 	 0.9917 	 19 	 7 
74.60 	 0.0000 	 0.9935 	 19 	 5 
74.70 	 3.3333 	 0.9926 	 19 	 5 
74.80 	 0.0000 	 0.9893 	 19 	 5 
74.90 	 0.0000 	 0.9895 	 19 	 5 
75.00 	 0.0000 	 0.9901 	 19 	 5 
75.10 	 0.0000 	 0.9879 	 19 	 6 
75.20 	 3.3333 	 0.9885 	 19 	 6 
75.30 	 0.0000 	 0.9890 	 19 	 6 
75.40 	 0.0000 	 0.9903 	 19 	 7 
75.50 	 3.3333 	 0.9898 	 0 	 7 
75.60 	 0.0000 	 0.9894 	 0 	 0 
75.70 	 3.3333 	 0.9900 	 0 	 6 
75.80 	 3.3333 	 0.9902 	 0 	 6 
75.90 	 0.0000 	 0.9898 	 0 	 6 
76.00 	 0.0000 	 0.9912 	 0 	 6 
76.10 	 0.0000 	 0.9933 	 0 	 6 
76.20 	 0.0000 	 0.9947 	 0 	 6 
76.30 	 0.0000 	 0.9955 	 0 	 2 
76.40 	 0.0000 	 0.9964 	 0 	 6 
76.50 	 3.3333 	 0.9972 	 0 	 7 
76.60 	 0.0000 	 0.9977 	 0 	 7 
76.70 	 0.0000 	 0.9976 	 0 	 0 
76.80 	 0.0000 	 0.9974 	 0 	 0 
76.90 	 3.3333 	 0.9957 	 0 	 6 
77.00 	 0.0000 	 0.9927 	 0 	 8 
77.10 	 0.0000 	 0.9917 	 0 	 6 
77.20 	 6.6667 	 0.9927 	 0 	 6 
77.30 	 0.0000 	 0.9904 	 0 	 6 
77.40 	 0.0000 	 0.9873 	 0 	 6 
77.50 	 0.0000 	 0.9885 	 0 	 6 
77.60 	 0.0000 	 0.9886 	 0 	 7 
77.70 	 0.0000 	 0.9862 	 0 	 7 
77.80 	 0.0000 	 0.9878 	 0 	 7 
77.90 	 3.3333 	 0.9878 	 0 	 8 
78.00 	 3.3333 	 0.9888 	 1 	 8 
78.10 	 3.3333 	 0.9891 	 1 	 1 
78.20 	 0.0000 	 0.9893 	 1 	 2 
78.30 	 0.0000 	 0.9889 	 1 	 7 
78.40 	 0.0000 	 0.9887 	 1 	 7 
78.50 	 0.0000 	 0.9875 	 1 	 7 
78.60 	 0.0000 	 0.9889 	 1 	 7 
78.70 	 3.3333 	 0.9910 	 1 	 7 
78.80 	 0.0000 	 0.9924 	 1 	 3 
78.90 	 0.0000 	 0.9941 	 1 	 3 
79.00 	 0.0000 	 0.9951 	 1 	 7 
79.10 	 3.3333 	 0.9959 	 1 	 8 
79.20 	 0.0000 	 0.9971 	 1 	 6 
79.30 	 3.3333 	 0.9963 	 1 	 1 
79.40 	 0.0000 	 0.9952 	 1 	 1 
79.50 	 0.0000 	 0.9945 	 1 	 9 
79.60 	 0.0000 	 0.9918 	 1 	 7 
79.70 	 0.0000 	 0.9904 	 1 	 7 
79.80 	 3.3333 	 0.9884 	 1 	 7 
79.90 	 0.0000 	 0.9871 	 1 	 7 
80.00 	 0.0000 	 0.9868 	 1 	 7 
80.10 	 3.3333 	 0.9866 	 1 	 8 
80.20 	 0.0000 	 0.9871 	 1 	 8 
80.30 	 0.0000 	 0.9863 	 1 	 8 
80.40 	 0.0000 	 0.9873 	 1 	 9 
80.50 	 3.3333 	 0.9883 	 1 	 9 
80.60 	 0.0000 	 0.9886 	 2 	 2 
80.70 	 0.0000 	 0.9870 	 2 	 0 
80.80 	 3.3333 	 0.9867 	 2 	 8 
80.90 	 0.0000 	 0.9875 	 2 	 8 
81.00 	 0.0000 	 0.9868 	 2 	 8 
81.10 	 0.0000 	 0.9869 	 2 	 8 
81.20 	 0.0000 	 0.9887 	 2 	 8 
81.30 	 3.3333 	 0.9900 	 2 	 4 
81.40 	 0.0000 	 0.9907 	 2 	 4 
81.50 	 0.0000 	 0.9923 	 2 	 8 
81.60 	 3.3333 	 0.9934 	 2 	 9 
81.70 	 0.0000 	 0.9957 	 2 	 7 
81.80 	 3.3333 	 0.9956 	 2 	 8 
81.90 	 0.0000 	 0.9950 	 2 	 8 
82.00 	 0.0000 	 0.9935 	 2 	 10 
82.10 	 0.0000 	 0.9920 	 2 	 8 
82.20 	 3.3333 	 0.9907 	 2 	 8 
82.30 	 0.0000 	 0.9902 	 2 	 8 
82.40 	 0.0000 	 0.9909 	 2 	 8 
82.50 	 0.0000 	 0.9910 	 2 	 8 
82.60 	 0.0000 	 0.9900 	 2 	 9 
82.70 	 0.0000 	 0.9918 	 2 	 9 
82.80 	 3.3333 	 0.9941 	 2 	 7 
82.90 	 0.0000 	 0.9930 	 2 	 0 
83.00 	 3.3333 	 0.9922 	 2 	 10 
83.10 	 3.3333 	 0.9939 	 3 	 1 
83.20 	 0.0000 	 0.9949 	 3 	 4 
83.30 	 3.3333 	 0.9945 	 3 	 9 
83.40 	 0.0000 	 0.9950 	 3 	 9 
83.50 	 0.0000 	 0.9944 	 3 	 9 
83.60 	 0.0000 	 0.9933 	 3 	 9 
83.70 	 0.0000 	 0.9942 	 3 	 9 
83.80 	 0.0000 	 0.9951 	 3 	 9 
83.90 	 3.3333 	 0.9952 	 3 	 5 
84.00 	 0.0000 	 0.9946 	 3 	 9 
84.10 	 0.0000 	 0.9946 	 3 	 10 
84.20 	 3.3333 	 0.9947 	 3 	 8 
84.30 	 3.3333 	 0.9947 	 3 	 9 
84.40 	 0.0000 	 0.9943 	 3 	 9 
84.50 	 0.0000 	 0.9932 	 3 	 9 
84.60 	 0.0000 	 0.9939 	 3 	 9 
84.70 	 0.0000 	 0.9937 	 3 	 9 
84.80 	 0.0000 	 0.9922 	 3 	 9 
84.90 	 0.0000 	 0.9932 	 3 	 9 
85.00 	 3.3333 	 0.9944 	 3 	 5 
85.10 	 0.0000 	 0.9936 	 3 	 10 
85.20 	 3.3333 	 0.9931 	 3 	 10 
85.30 	 0.0000 	 0.9939 	 3 	 8 
85.40 	 3.3333 	 0.9941 	 3 	 1 
85.50 	 0.0000 	 0.9936 	 3 	 11 
85.60 	 0.0000 	 0.9948 	 4 	 2 
85.70 	 0.0000 	 0.9962 	 4 	 5 
85.80 	 0.0000 	 0.9973 	 4 	 10 
85.90 	 0.0000 	 0.9970 	 4 	 10 
86.00 	 0.0000 	 0.9966 	 4 	 10 
86.10 	 0.0000 	 0.9941 	 4 	 10 
86.20 	 3.3333 	 0.9933 	 4 	 10 
86.30 	 0.0000 	 0.9933 	 4 	 10 
86.40 	 3.3333 	 0.9935 	 4 	 6 
86.50 	 3.3333 	 0.9925 	 4 	 10 
86.60 	 0.0000 	 0.9905 	 4 	 11 
86.70 	 0.0000 	 0.9921 	 4 	 12 
86.80 	 0.0000 	 0.9923 	 4 	 9 
86.90 	 0.0000 	 0.9935 	 4 	 10 
87.00 	 0.0000 	 0.9939 	 4 	 10 
87.10 	 3.3333 	 0.9915 	 4 	 10 
87.20 	 0.0000 	 0.9915 	 4 	 10 
87.30 	 0.0000 	 0.9882 	 4 	 10 
87.40 	 0.0000 	 0.9866 	 4 	 10 
87.50 	 3.3333 	 0.9874 	 4 	 6 
87.60 	 3.3333 	 0.9893 	 4 	 11 
87.70 	 0.0000 	 0.9902 	 4 	 2 
87.80 	 0.0000 	 0.9915 	 4 	 11 
87.90 	 0.0000 	 0.9935 	 4 	 12 
88.00 	 0.0000 	 0.9952 	 4 	 12 
88.10 	 0.0000 	 0.9957 	 5 	 12 
88.20 	 0.0000 	 0.9959 	 5 	 6 
88.30 	 0.0000 	 0.9956 	 5 	 0 
88.40 	 3.3333 	 0.9967 	 5 	 11 
88.50 	 3.3333 	 0.9963 	 5 	 11 
88.60 	 0.0000 	 0.9951 	 5 	 11 
88.70 	 3.3333 	 0.9947 	 5 	 11 
88.80 	 0.0000 	 0.9945 	 5 	 11 
88.90 	 0.0000 	 0.9932 	 5 	 7 
89.00 	 0.0000 	 0.9925 	 5 	 11 
89.10 	 0.0000 	 0.9920 	 5 	 9 
89.20 	 0.0000 	 0.9917 	 5 	 13 
89.30 	 0.0000 	 0.9917 	 5 	 10 
89.40 	 3.3333 	 0.9925 	 5 	 11 
89.50 	 0.0000 	 0.9925 	 5 	 5 
89.60 	 0.0000 	 0.9923 	 5 	 11 
89.70 	 3.3333 	 0.9921 	 5 	 11 
89.80 	 0.0000 	 0.9894 	 5 	 11 
89.90 	 3.3333 	 0.9888 	 5 	 11 
90.00 	 0.0000 	 0.9885 	 5 	 11 
90.10 	 0.0000 	 0.9884 	 5 	 7 
90.20 	 0.0000 	 0.9894 	 5 	 12 
90.30 	 3.3333 	 0.9900 	 5 	 12 
90.40 	 0.0000 	 0.9927 	 5 	 10 
90.50 	 0.0000 	 0.9932 	 5 	 13 
90.60 	 0.0000 	 0.9955 	 6 	 13 
90.70 	 0.0000 	 0.9968 	 6 	 7 
90.80 	 3.3333 	 0.9963 	 6 	 4 
90.90 	 3.3333 	 0.9968 	 6 	 12 
91.00 	 0.0000 	 0.9980 	 6 	 12 
91.10 	 0.0000 	 0.9970 	 6 	 12 
91.20 	 0.0000 	 0.9952 	 6 	 12 
91.30 	 0.0000 	 0.9938 	 6 	 12 
91.40 	 0.0000 	 0.9928 	 6 	 8 
91.50 	 0.0000 	 0.9915 	 6 	 12 
91.60 	 0.0000 	 0.9915 	 6 	 12 
91.70 	 3.3333 	 0.9917 	 6 	 14 
91.80 	 0.0000 	 0.9923 	 6 	 4 
91.90 	 3.3333 	 0.9920 	 6 	 12 
92.00 	 0.0000 	 0.9924 	 6 	 6 
92.10 	 0.0000 	 0.9915 	 6 	 12 
92.20 	 0.0000 	 0.9918 	 6 	 0 
92.30 	 3.3333 	 0.9913 	 6 	 12 
92.40 	 0.0000 	 0.9915 	 6 	 12 
92.50 	 3.3333 	 0.9900 	 6 	 12 
92.60 	 0.0000 	 0.9905 	 6 	 8 
92.70 	 0.0000 	 0.9918 	 6 	 13 
92.80 	 0.0000 	 0.9936 	 6 	 13 
92.90 	 0.0000 	 0.9946 	 6 	 14 
93.00 	 3.3333 	 0.9949 	 6 	 14 
93.10 	 0.0000 	 0.9954 	 7 	 14 
93.20 	 0.0000 	 0.9968 	 7 	 8 
93.30 	 3.3333 	 0.9972 	 7 	 5 
93.40 	 0.0000 	 0.9959 	 7 	 13 
93.50 	 0.0000 	 0.9959 	 7 	 13 
93.60 	 6.6667 	 0.9967 	 7 	 13 
93.70 	 0.0000 	 0.9962 	 7 	 13 
93.80 	 0.0000 	 0.9961 	 7 	 13 
93.90 	 0.0000 	 0.9949 	 7 	 9 
94.00 	 0.0000 	 0.9932 	 7 	 13 
94.10 	 0.0000 	 0.9924 	 7 	 13 
94.20 	 0.0000 	 0.9920 	 7 	 15 
94.30 	 0.0000 	 0.9922 	 7 	 5 
94.40 	 3.3333 	 0.9913 	 7 	 12 
94.50 	 0.0000 	 0.9901 	 7 	 7 
94.60 	 0.0000 	 0.9904 	 7 	 13 
94.70 	 6.6667 	 0.9901 	 7 	 1 
94.80 	 0.0000 	 0.9883 	 7 	 13 
94.90 	 0.0000 	 0.9885 	 7 	 13 
95.00 	 0.0000 	 0.9900 	 7 	 13 
95.10 	 0.0000 	 0.9907 	 7 	 9 
95.20 	 3.3333 	 0.9916 	 7 	 14 
95.30 	 0.0000 	 0.9926 	 7 	 14 
95.40 	 0.0000 	 0.9944 	 7 	 15 
95.50 	 3.3333 	 0.9951 	 7 	 5 
95.60 	 0.0000 	 0.9950 	 8 	 15 
95.70 	 0.0000 	 0.9943 	 8 	 6 
95.80 	 0.0000 	 0.9944 	 8 	 6 
95.90 	 3.3333 	 0.9954 	 8 	 9 
96.00 	 0.0000 	 0.9942 	 8 	 14 
96.10 	 0.0000 	 0.9923 	 8 	 14 
96.20 	 3.3333 	 0.9935 	 8 	 14 
96.30 	 0.0000 	 0.9939 	 8 	 9 
96.40 	 0.0000 	 0.9935 	 8 	 10 
96.50 	 0.0000 	 0.9936 	 8 	 0 
96.60 	 3.3333 	 0.9936 	 8 	 14 
96.70 	 0.0000 	 0.9912 	 8 	 12 
96.80 	 0.0000 	 0.9900 	 8 	 13 
96.90 	 0.0000 	 0.9921 	 8 	 13 
97.00 	 3.3333 	 0.9930 	 8 	 14 
97.10 	 0.0000 	 0.9920 	 8 	 14 
97.20 	 0.0000 	 0.9925 	 8 	 14 
97.30 	 0.0000 	 0.9919 	 8 	 14 
97.40 	 6.6667 	 0.9935 	 8 	 14 
97.50 	 0.0000 	 0.9934 	 8 	 14 
97.60 	 0.0000 	 0.9932 	 8 	 10 
97.70 	 0.0000 	 0.9907 	 8 	 15 
97.80 	 0.0000 	 0.9882 	 8 	 10 
97.90 	 0.0000 	 0.9874 	 8 	 16 
98.00 	 3.3333 	 0.9854 	 8 	 13 
98.10 	 0.0000 	 0.9859 	 9 	 16 
98.20 	 0.0000 	 0.9868 	 9 	 7 
98.30 	 0.0000 	 0.9862 	 9 	 7 
98.40 	 3.3333 	 0.9885 	 9 	 10 
98.50 	 0.0000 	 0.9888 	 9 	 15 
98.60 	 0.0000 	 0.9892 	 9 	 15 
98.70 	 3.3333 	 0.9910 	 9 	 15 
98.80 	 0.0000 	 0.9924 	 9 	 10 
98.90 	 0.0000 	 0.9925 	 9 	 7 
99.00 	 3.3333 	 0.9911 	 9 	 1 
99.10 	 3.3333 	 0.9899 	 9 	 15 
99.20 	 0.0000 	 0.9898 	 9 	 13 
99.30 	 0.0000 	 0.9891 	 9 	 14 
99.40 	 0.0000 	 0.9893 	 9 	 14 
99.50 	 0.0000 	 0.9908 	 9 	 14 
99.60 	 0.0000 	 0.9916 	 9 	 15 
99.70 	 3.3333 	 0.9928 	 9 	 15 
99.80 	 0.0000 	 0.9919 	 9 	 13 
99.90 	 0.0000 	 0.9935 	 9 	 15 
100.00 	 0.0000 	 0.9949 	 9 	 15 
