# Optimal flow and avg speed dependent on time 
 # Aggressives: 0 
 # Velocity factor: 1 
0.10 	 3.3333 	 0.9880 	 9 	 11 
0.20 	 3.3333 	 0.9873 	 9 	 16 
0.30 	 0.0000 	 0.9847 	 9 	 11 
0.40 	 0.0000 	 0.9817 	 9 	 16 
0.50 	 0.0000 	 0.9795 	 9 	 17 
0.60 	 0.0000 	 0.9746 	 9 	 17 
0.70 	 0.0000 	 0.9726 	 9 	 8 
0.80 	 0.0000 	 0.9682 	 9 	 14 
0.90 	 3.3333 	 0.9635 	 9 	 11 
1.00 	 0.0000 	 0.9617 	 9 	 16 
1.10 	 3.3333 	 0.9559 	 9 	 16 
1.20 	 0.0000 	 0.9559 	 9 	 16 
1.30 	 3.3333 	 0.9569 	 9 	 6 
1.40 	 0.0000 	 0.9571 	 9 	 12 
1.50 	 0.0000 	 0.9521 	 9 	 8 
1.60 	 0.0000 	 0.9459 	 9 	 9 
1.70 	 0.0000 	 0.9425 	 9 	 9 
1.80 	 3.3333 	 0.9376 	 9 	 9 
1.90 	 0.0000 	 0.9348 	 9 	 9 
2.00 	 0.0000 	 0.9312 	 9 	 9 
2.10 	 0.0000 	 0.9289 	 9 	 9 
2.20 	 3.3333 	 0.9250 	 9 	 9 
2.30 	 0.0000 	 0.9209 	 9 	 8 
2.40 	 3.3333 	 0.9210 	 9 	 9 
2.50 	 0.0000 	 0.9208 	 9 	 9 
2.60 	 0.0000 	 0.9184 	 9 	 9 
2.70 	 0.0000 	 0.9171 	 9 	 9 
2.80 	 0.0000 	 0.9147 	 9 	 9 
2.90 	 0.0000 	 0.9119 	 9 	 9 
3.00 	 6.6667 	 0.9080 	 9 	 9 
3.10 	 0.0000 	 0.9057 	 9 	 9 
3.20 	 0.0000 	 0.9046 	 9 	 9 
3.30 	 0.0000 	 0.8960 	 9 	 9 
3.40 	 3.3333 	 0.8919 	 9 	 9 
3.50 	 0.0000 	 0.8907 	 9 	 9 
3.60 	 3.3333 	 0.8865 	 9 	 9 
3.70 	 0.0000 	 0.8875 	 9 	 9 
3.80 	 0.0000 	 0.8836 	 9 	 9 
3.90 	 0.0000 	 0.8818 	 9 	 9 
4.00 	 0.0000 	 0.8822 	 9 	 9 
4.10 	 0.0000 	 0.8785 	 9 	 9 
4.20 	 0.0000 	 0.8742 	 9 	 9 
4.30 	 6.6667 	 0.8662 	 9 	 9 
4.40 	 0.0000 	 0.8606 	 9 	 9 
4.50 	 0.0000 	 0.8594 	 9 	 9 
4.60 	 0.0000 	 0.8574 	 9 	 9 
4.70 	 0.0000 	 0.8578 	 9 	 9 
4.80 	 0.0000 	 0.8602 	 9 	 9 
4.90 	 3.3333 	 0.8601 	 9 	 9 
5.00 	 0.0000 	 0.8625 	 9 	 9 
5.10 	 0.0000 	 0.8648 	 9 	 9 
5.20 	 3.3333 	 0.8646 	 9 	 9 
5.30 	 0.0000 	 0.8669 	 9 	 9 
5.40 	 0.0000 	 0.8688 	 9 	 9 
5.50 	 0.0000 	 0.8682 	 9 	 9 
5.60 	 6.6667 	 0.8676 	 9 	 9 
5.70 	 0.0000 	 0.8682 	 9 	 9 
5.80 	 0.0000 	 0.8701 	 9 	 9 
5.90 	 0.0000 	 0.8682 	 9 	 9 
6.00 	 0.0000 	 0.8713 	 9 	 9 
6.10 	 0.0000 	 0.8714 	 9 	 9 
6.20 	 0.0000 	 0.8730 	 9 	 9 
6.30 	 3.3333 	 0.8743 	 9 	 9 
6.40 	 0.0000 	 0.8734 	 9 	 9 
6.50 	 0.0000 	 0.8737 	 9 	 9 
6.60 	 0.0000 	 0.8750 	 9 	 9 
6.70 	 0.0000 	 0.8748 	 9 	 9 
6.80 	 0.0000 	 0.8694 	 9 	 9 
6.90 	 3.3333 	 0.8703 	 9 	 9 
7.00 	 3.3333 	 0.8598 	 9 	 9 
7.10 	 3.3333 	 0.8592 	 9 	 8 
7.20 	 0.0000 	 0.8548 	 9 	 8 
7.30 	 0.0000 	 0.8530 	 9 	 8 
7.40 	 0.0000 	 0.8499 	 9 	 8 
7.50 	 3.3333 	 0.8511 	 9 	 8 
7.60 	 0.0000 	 0.8549 	 9 	 8 
7.70 	 3.3333 	 0.8547 	 9 	 8 
7.80 	 0.0000 	 0.8567 	 9 	 8 
7.90 	 0.0000 	 0.8559 	 9 	 9 
8.00 	 0.0000 	 0.8558 	 9 	 9 
8.10 	 0.0000 	 0.8546 	 9 	 9 
8.20 	 0.0000 	 0.8559 	 9 	 9 
8.30 	 3.3333 	 0.8556 	 9 	 9 
8.40 	 3.3333 	 0.8548 	 9 	 9 
8.50 	 0.0000 	 0.8570 	 9 	 9 
8.60 	 0.0000 	 0.8543 	 9 	 9 
8.70 	 0.0000 	 0.8591 	 9 	 9 
8.80 	 0.0000 	 0.8570 	 9 	 9 
8.90 	 0.0000 	 0.8564 	 9 	 9 
9.00 	 3.3333 	 0.8547 	 9 	 9 
9.10 	 0.0000 	 0.8548 	 9 	 9 
9.20 	 3.3333 	 0.8561 	 9 	 9 
9.30 	 3.3333 	 0.8524 	 9 	 9 
9.40 	 0.0000 	 0.8532 	 9 	 9 
9.50 	 0.0000 	 0.8474 	 9 	 3 
9.60 	 0.0000 	 0.8500 	 9 	 8 
9.70 	 3.3333 	 0.8460 	 9 	 8 
9.80 	 0.0000 	 0.8441 	 9 	 9 
9.90 	 0.0000 	 0.8452 	 9 	 9 
10.00 	 0.0000 	 0.8447 	 9 	 9 
10.10 	 3.3333 	 0.8420 	 9 	 9 
10.20 	 0.0000 	 0.8427 	 9 	 9 
10.30 	 0.0000 	 0.8412 	 9 	 9 
10.40 	 3.3333 	 0.8390 	 9 	 9 
10.50 	 0.0000 	 0.8405 	 9 	 9 
10.60 	 0.0000 	 0.8339 	 9 	 9 
10.70 	 3.3333 	 0.8355 	 9 	 9 
10.80 	 0.0000 	 0.8308 	 9 	 9 
10.90 	 0.0000 	 0.8324 	 9 	 9 
11.00 	 0.0000 	 0.8356 	 9 	 8 
11.10 	 0.0000 	 0.8333 	 9 	 9 
11.20 	 3.3333 	 0.8344 	 9 	 8 
11.30 	 0.0000 	 0.8361 	 9 	 6 
11.40 	 3.3333 	 0.8330 	 9 	 1 
11.50 	 0.0000 	 0.8352 	 9 	 8 
11.60 	 0.0000 	 0.8351 	 9 	 9 
11.70 	 0.0000 	 0.8324 	 9 	 7 
11.80 	 3.3333 	 0.8382 	 9 	 9 
11.90 	 0.0000 	 0.8375 	 9 	 9 
12.00 	 0.0000 	 0.8312 	 9 	 9 
12.10 	 0.0000 	 0.8276 	 9 	 8 
12.20 	 0.0000 	 0.8293 	 9 	 9 
12.30 	 0.0000 	 0.8284 	 9 	 9 
12.40 	 3.3333 	 0.8229 	 9 	 9 
12.50 	 0.0000 	 0.8276 	 9 	 9 
12.60 	 3.3333 	 0.8271 	 9 	 9 
12.70 	 0.0000 	 0.8288 	 9 	 9 
12.80 	 3.3333 	 0.8298 	 9 	 9 
12.90 	 0.0000 	 0.8282 	 9 	 9 
13.00 	 0.0000 	 0.8278 	 9 	 9 
13.10 	 0.0000 	 0.8260 	 9 	 9 
13.20 	 0.0000 	 0.8240 	 9 	 9 
13.30 	 3.3333 	 0.8278 	 9 	 9 
13.40 	 0.0000 	 0.8304 	 9 	 9 
13.50 	 0.0000 	 0.8277 	 9 	 9 
13.60 	 3.3333 	 0.8316 	 9 	 9 
13.70 	 0.0000 	 0.8326 	 9 	 9 
13.80 	 0.0000 	 0.8292 	 9 	 9 
13.90 	 0.0000 	 0.8288 	 9 	 9 
14.00 	 6.6667 	 0.8316 	 9 	 9 
14.10 	 0.0000 	 0.8337 	 9 	 9 
14.20 	 0.0000 	 0.8357 	 9 	 9 
14.30 	 0.0000 	 0.8333 	 9 	 9 
14.40 	 0.0000 	 0.8334 	 9 	 9 
14.50 	 0.0000 	 0.8345 	 9 	 9 
14.60 	 0.0000 	 0.8350 	 9 	 9 
14.70 	 3.3333 	 0.8392 	 9 	 9 
14.80 	 3.3333 	 0.8398 	 9 	 9 
14.90 	 0.0000 	 0.8438 	 9 	 9 
15.00 	 0.0000 	 0.8473 	 9 	 9 
15.10 	 3.3333 	 0.8475 	 9 	 9 
15.20 	 0.0000 	 0.8448 	 9 	 9 
15.30 	 0.0000 	 0.8475 	 9 	 9 
15.40 	 0.0000 	 0.8462 	 9 	 5 
15.50 	 3.3333 	 0.8424 	 9 	 5 
15.60 	 0.0000 	 0.8370 	 9 	 8 
15.70 	 0.0000 	 0.8390 	 9 	 9 
15.80 	 0.0000 	 0.8364 	 9 	 9 
15.90 	 3.3333 	 0.8349 	 9 	 9 
16.00 	 0.0000 	 0.8350 	 9 	 9 
16.10 	 0.0000 	 0.8326 	 9 	 9 
16.20 	 0.0000 	 0.8324 	 9 	 9 
16.30 	 0.0000 	 0.8273 	 9 	 8 
16.40 	 3.3333 	 0.8264 	 9 	 8 
16.50 	 3.3333 	 0.8228 	 9 	 8 
16.60 	 0.0000 	 0.8115 	 9 	 6 
16.70 	 0.0000 	 0.8064 	 9 	 9 
16.80 	 0.0000 	 0.7994 	 9 	 9 
16.90 	 0.0000 	 0.7937 	 9 	 9 
17.00 	 0.0000 	 0.7862 	 9 	 6 
17.10 	 3.3333 	 0.7823 	 9 	 6 
17.20 	 3.3333 	 0.7756 	 9 	 6 
17.30 	 0.0000 	 0.7672 	 9 	 6 
17.40 	 0.0000 	 0.7630 	 9 	 6 
17.50 	 0.0000 	 0.7583 	 9 	 2 
17.60 	 0.0000 	 0.7493 	 9 	 7 
17.70 	 3.3333 	 0.7475 	 9 	 7 
17.80 	 0.0000 	 0.7451 	 9 	 8 
17.90 	 3.3333 	 0.7425 	 9 	 8 
18.00 	 0.0000 	 0.7417 	 9 	 8 
18.10 	 0.0000 	 0.7343 	 9 	 8 
18.20 	 0.0000 	 0.7342 	 9 	 8 
18.30 	 0.0000 	 0.7314 	 9 	 8 
18.40 	 0.0000 	 0.7285 	 9 	 8 
18.50 	 3.3333 	 0.7297 	 9 	 8 
18.60 	 0.0000 	 0.7326 	 9 	 8 
18.70 	 0.0000 	 0.7328 	 9 	 8 
18.80 	 0.0000 	 0.7263 	 9 	 8 
18.90 	 0.0000 	 0.7212 	 9 	 8 
19.00 	 3.3333 	 0.7169 	 9 	 8 
19.10 	 0.0000 	 0.7084 	 9 	 8 
19.20 	 0.0000 	 0.7023 	 9 	 8 
19.30 	 0.0000 	 0.6978 	 9 	 7 
19.40 	 0.0000 	 0.6953 	 9 	 7 
19.50 	 3.3333 	 0.6924 	 9 	 7 
19.60 	 3.3333 	 0.6904 	 9 	 8 
19.70 	 0.0000 	 0.6895 	 9 	 8 
19.80 	 0.0000 	 0.6940 	 9 	 8 
19.90 	 0.0000 	 0.6952 	 9 	 8 
20.00 	 0.0000 	 0.6933 	 9 	 8 
20.10 	 3.3333 	 0.6953 	 9 	 8 
20.20 	 0.0000 	 0.6936 	 9 	 8 
20.30 	 0.0000 	 0.6892 	 9 	 8 
20.40 	 0.0000 	 0.6881 	 9 	 8 
20.50 	 0.0000 	 0.6863 	 9 	 8 
20.60 	 0.0000 	 0.6820 	 9 	 7 
20.70 	 0.0000 	 0.6762 	 9 	 7 
20.80 	 3.3333 	 0.6744 	 9 	 7 
20.90 	 0.0000 	 0.6734 	 9 	 7 
21.00 	 0.0000 	 0.6738 	 9 	 7 
21.10 	 3.3333 	 0.6690 	 9 	 9 
21.20 	 0.0000 	 0.6675 	 9 	 9 
21.30 	 3.3333 	 0.6701 	 9 	 9 
21.40 	 0.0000 	 0.6745 	 9 	 9 
21.50 	 0.0000 	 0.6752 	 9 	 9 
21.60 	 0.0000 	 0.6757 	 9 	 9 
21.70 	 0.0000 	 0.6748 	 9 	 9 
21.80 	 0.0000 	 0.6765 	 9 	 8 
21.90 	 0.0000 	 0.6792 	 9 	 8 
22.00 	 0.0000 	 0.6814 	 9 	 8 
22.10 	 0.0000 	 0.6870 	 9 	 7 
22.20 	 0.0000 	 0.6924 	 9 	 9 
22.30 	 3.3333 	 0.6927 	 9 	 9 
22.40 	 3.3333 	 0.6963 	 9 	 9 
22.50 	 0.0000 	 0.7026 	 9 	 9 
22.60 	 0.0000 	 0.7063 	 9 	 9 
22.70 	 3.3333 	 0.7083 	 9 	 9 
22.80 	 0.0000 	 0.7135 	 9 	 9 
22.90 	 0.0000 	 0.7201 	 9 	 9 
23.00 	 0.0000 	 0.7228 	 9 	 6 
23.10 	 0.0000 	 0.7262 	 9 	 9 
23.20 	 0.0000 	 0.7354 	 9 	 9 
23.30 	 0.0000 	 0.7407 	 9 	 9 
23.40 	 0.0000 	 0.7393 	 9 	 9 
23.50 	 3.3333 	 0.7468 	 9 	 9 
23.60 	 0.0000 	 0.7514 	 9 	 9 
23.70 	 0.0000 	 0.7575 	 9 	 9 
23.80 	 3.3333 	 0.7628 	 9 	 9 
23.90 	 0.0000 	 0.7665 	 9 	 9 
24.00 	 0.0000 	 0.7717 	 9 	 9 
24.10 	 0.0000 	 0.7768 	 9 	 9 
24.20 	 0.0000 	 0.7834 	 9 	 9 
24.30 	 3.3333 	 0.7888 	 9 	 9 
24.40 	 0.0000 	 0.7927 	 9 	 9 
24.50 	 0.0000 	 0.7996 	 9 	 8 
24.60 	 0.0000 	 0.8055 	 9 	 8 
24.70 	 0.0000 	 0.8071 	 9 	 9 
24.80 	 0.0000 	 0.8098 	 9 	 9 
24.90 	 0.0000 	 0.8130 	 9 	 9 
25.00 	 3.3333 	 0.8168 	 9 	 9 
25.10 	 0.0000 	 0.8190 	 9 	 8 
25.20 	 3.3333 	 0.8197 	 9 	 8 
25.30 	 0.0000 	 0.8207 	 9 	 8 
25.40 	 0.0000 	 0.8233 	 9 	 9 
25.50 	 3.3333 	 0.8260 	 9 	 9 
25.60 	 3.3333 	 0.8287 	 9 	 9 
25.70 	 0.0000 	 0.8296 	 9 	 9 
25.80 	 0.0000 	 0.8304 	 9 	 7 
25.90 	 0.0000 	 0.8314 	 9 	 7 
26.00 	 0.0000 	 0.8300 	 9 	 8 
26.10 	 0.0000 	 0.8287 	 9 	 8 
26.20 	 0.0000 	 0.8272 	 9 	 9 
26.30 	 0.0000 	 0.8282 	 9 	 9 
26.40 	 3.3333 	 0.8247 	 9 	 7 
26.50 	 3.3333 	 0.8238 	 9 	 7 
26.60 	 0.0000 	 0.8224 	 9 	 8 
26.70 	 0.0000 	 0.8208 	 9 	 7 
26.80 	 3.3333 	 0.8175 	 9 	 7 
26.90 	 0.0000 	 0.8179 	 9 	 9 
27.00 	 0.0000 	 0.8151 	 9 	 9 
27.10 	 0.0000 	 0.8143 	 9 	 9 
27.20 	 6.6667 	 0.8104 	 9 	 7 
27.30 	 0.0000 	 0.8103 	 9 	 7 
27.40 	 0.0000 	 0.8091 	 9 	 8 
27.50 	 0.0000 	 0.8109 	 9 	 8 
27.60 	 0.0000 	 0.8095 	 9 	 8 
27.70 	 0.0000 	 0.8093 	 9 	 9 
27.80 	 0.0000 	 0.8107 	 9 	 9 
27.90 	 0.0000 	 0.8087 	 9 	 8 
28.00 	 0.0000 	 0.8088 	 9 	 8 
28.10 	 6.6667 	 0.8091 	 9 	 8 
28.20 	 0.0000 	 0.8116 	 9 	 8 
28.30 	 0.0000 	 0.8097 	 9 	 8 
28.40 	 3.3333 	 0.8098 	 9 	 8 
28.50 	 0.0000 	 0.8088 	 9 	 9 
28.60 	 0.0000 	 0.8094 	 9 	 9 
28.70 	 0.0000 	 0.8098 	 9 	 7 
28.80 	 3.3333 	 0.8081 	 9 	 6 
28.90 	 0.0000 	 0.8088 	 9 	 8 
29.00 	 0.0000 	 0.8090 	 9 	 8 
29.10 	 0.0000 	 0.8104 	 9 	 7 
29.20 	 3.3333 	 0.8090 	 9 	 8 
29.30 	 0.0000 	 0.8093 	 9 	 8 
29.40 	 0.0000 	 0.8074 	 9 	 7 
29.50 	 0.0000 	 0.8074 	 9 	 7 
29.60 	 0.0000 	 0.8063 	 9 	 7 
29.70 	 3.3333 	 0.8043 	 9 	 8 
29.80 	 0.0000 	 0.8034 	 9 	 8 
29.90 	 0.0000 	 0.8036 	 9 	 2 
30.00 	 3.3333 	 0.8023 	 9 	 7 
30.10 	 0.0000 	 0.8016 	 9 	 7 
30.20 	 3.3333 	 0.7993 	 9 	 7 
30.30 	 3.3333 	 0.7978 	 9 	 7 
30.40 	 0.0000 	 0.7971 	 9 	 7 
30.50 	 0.0000 	 0.7954 	 9 	 7 
30.60 	 0.0000 	 0.7964 	 9 	 9 
30.70 	 0.0000 	 0.7944 	 9 	 7 
30.80 	 0.0000 	 0.7944 	 9 	 7 
30.90 	 0.0000 	 0.7952 	 9 	 9 
31.00 	 0.0000 	 0.7958 	 9 	 7 
31.10 	 0.0000 	 0.7946 	 9 	 7 
31.20 	 3.3333 	 0.7972 	 9 	 7 
31.30 	 0.0000 	 0.7960 	 9 	 7 
31.40 	 0.0000 	 0.7949 	 9 	 7 
31.50 	 0.0000 	 0.7942 	 9 	 7 
31.60 	 6.6667 	 0.7954 	 9 	 7 
31.70 	 0.0000 	 0.7963 	 9 	 9 
31.80 	 0.0000 	 0.7946 	 9 	 9 
31.90 	 0.0000 	 0.7945 	 9 	 6 
32.00 	 0.0000 	 0.7948 	 9 	 7 
32.10 	 0.0000 	 0.7941 	 9 	 7 
32.20 	 3.3333 	 0.7939 	 9 	 7 
32.30 	 0.0000 	 0.7940 	 9 	 7 
32.40 	 0.0000 	 0.7944 	 9 	 7 
32.50 	 0.0000 	 0.7935 	 9 	 7 
32.60 	 0.0000 	 0.7929 	 9 	 7 
32.70 	 0.0000 	 0.7920 	 9 	 6 
32.80 	 0.0000 	 0.7905 	 9 	 6 
32.90 	 3.3333 	 0.7893 	 9 	 6 
33.00 	 3.3333 	 0.7891 	 9 	 7 
33.10 	 0.0000 	 0.7884 	 9 	 7 
33.20 	 0.0000 	 0.7856 	 9 	 7 
33.30 	 0.0000 	 0.7860 	 9 	 7 
33.40 	 3.3333 	 0.7836 	 9 	 7 
33.50 	 0.0000 	 0.7836 	 9 	 7 
33.60 	 3.3333 	 0.7839 	 9 	 7 
33.70 	 0.0000 	 0.7830 	 9 	 6 
33.80 	 0.0000 	 0.7805 	 9 	 6 
33.90 	 0.0000 	 0.7809 	 9 	 8 
34.00 	 0.0000 	 0.7788 	 9 	 7 
34.10 	 0.0000 	 0.7811 	 9 	 7 
34.20 	 0.0000 	 0.7824 	 9 	 7 
34.30 	 0.0000 	 0.7804 	 9 	 7 
34.40 	 0.0000 	 0.7786 	 9 	 7 
34.50 	 0.0000 	 0.7693 	 9 	 7 
34.60 	 0.0000 	 0.7663 	 9 	 8 
34.70 	 3.3333 	 0.7608 	 9 	 8 
34.80 	 3.3333 	 0.7577 	 9 	 8 
34.90 	 0.0000 	 0.7559 	 9 	 8 
35.00 	 3.3333 	 0.7546 	 9 	 7 
35.10 	 0.0000 	 0.7542 	 9 	 7 
35.20 	 0.0000 	 0.7529 	 9 	 7 
35.30 	 0.0000 	 0.7514 	 9 	 6 
35.40 	 0.0000 	 0.7488 	 9 	 6 
35.50 	 0.0000 	 0.7497 	 9 	 6 
35.60 	 0.0000 	 0.7499 	 9 	 8 
35.70 	 0.0000 	 0.7502 	 9 	 5 
35.80 	 3.3333 	 0.7488 	 9 	 5 
35.90 	 0.0000 	 0.7477 	 9 	 6 
36.00 	 0.0000 	 0.7480 	 9 	 6 
36.10 	 3.3333 	 0.7438 	 9 	 6 
36.20 	 0.0000 	 0.7467 	 9 	 6 
36.30 	 0.0000 	 0.7451 	 9 	 6 
36.40 	 3.3333 	 0.7427 	 9 	 6 
36.50 	 0.0000 	 0.7403 	 9 	 6 
36.60 	 0.0000 	 0.7386 	 9 	 6 
36.70 	 0.0000 	 0.7386 	 9 	 6 
36.80 	 0.0000 	 0.7375 	 9 	 6 
36.90 	 0.0000 	 0.7381 	 9 	 6 
37.00 	 0.0000 	 0.7367 	 9 	 5 
37.10 	 0.0000 	 0.7368 	 9 	 5 
37.20 	 0.0000 	 0.7328 	 9 	 6 
37.30 	 0.0000 	 0.7332 	 9 	 6 
37.40 	 3.3333 	 0.7316 	 9 	 9 
37.50 	 0.0000 	 0.7319 	 9 	 5 
37.60 	 0.0000 	 0.7318 	 9 	 5 
37.70 	 0.0000 	 0.7375 	 9 	 5 
37.80 	 0.0000 	 0.7370 	 9 	 7 
37.90 	 3.3333 	 0.7390 	 9 	 7 
38.00 	 0.0000 	 0.7409 	 9 	 7 
38.10 	 3.3333 	 0.7409 	 9 	 7 
38.20 	 0.0000 	 0.7454 	 9 	 6 
38.30 	 3.3333 	 0.7478 	 9 	 6 
38.40 	 0.0000 	 0.7488 	 9 	 6 
38.50 	 0.0000 	 0.7490 	 9 	 6 
38.60 	 0.0000 	 0.7491 	 9 	 6 
38.70 	 0.0000 	 0.7487 	 9 	 6 
38.80 	 0.0000 	 0.7462 	 9 	 6 
38.90 	 0.0000 	 0.7435 	 9 	 7 
39.00 	 0.0000 	 0.7409 	 9 	 7 
39.10 	 0.0000 	 0.7435 	 9 	 6 
39.20 	 0.0000 	 0.7416 	 9 	 6 
39.30 	 6.6667 	 0.7408 	 9 	 6 
39.40 	 0.0000 	 0.7416 	 9 	 7 
39.50 	 3.3333 	 0.7403 	 9 	 7 
39.60 	 0.0000 	 0.7380 	 9 	 4 
39.70 	 0.0000 	 0.7347 	 9 	 4 
39.80 	 0.0000 	 0.7317 	 9 	 5 
39.90 	 0.0000 	 0.7300 	 9 	 5 
40.00 	 0.0000 	 0.7267 	 9 	 6 
40.10 	 3.3333 	 0.7257 	 9 	 6 
40.20 	 0.0000 	 0.7295 	 9 	 6 
40.30 	 0.0000 	 0.7308 	 9 	 6 
40.40 	 0.0000 	 0.7310 	 9 	 6 
40.50 	 3.3333 	 0.7345 	 9 	 6 
40.60 	 0.0000 	 0.7303 	 9 	 6 
40.70 	 0.0000 	 0.7289 	 9 	 6 
40.80 	 0.0000 	 0.7292 	 9 	 6 
40.90 	 0.0000 	 0.7270 	 9 	 6 
41.00 	 0.0000 	 0.7265 	 9 	 6 
41.10 	 0.0000 	 0.7280 	 9 	 7 
41.20 	 0.0000 	 0.7270 	 9 	 7 
41.30 	 0.0000 	 0.7259 	 9 	 7 
41.40 	 0.0000 	 0.7260 	 9 	 7 
41.50 	 3.3333 	 0.7243 	 9 	 6 
41.60 	 0.0000 	 0.7212 	 9 	 7 
41.70 	 0.0000 	 0.7154 	 9 	 7 
41.80 	 0.0000 	 0.7161 	 9 	 7 
41.90 	 3.3333 	 0.7120 	 9 	 7 
42.00 	 0.0000 	 0.7114 	 9 	 6 
42.10 	 0.0000 	 0.7119 	 9 	 6 
42.20 	 3.3333 	 0.7121 	 9 	 6 
42.30 	 0.0000 	 0.7143 	 9 	 6 
42.40 	 0.0000 	 0.7122 	 9 	 6 
42.50 	 0.0000 	 0.7145 	 9 	 6 
42.60 	 0.0000 	 0.7129 	 9 	 6 
42.70 	 3.3333 	 0.7163 	 9 	 6 
42.80 	 0.0000 	 0.7158 	 9 	 6 
42.90 	 0.0000 	 0.7172 	 9 	 6 
43.00 	 0.0000 	 0.7196 	 9 	 7 
43.10 	 0.0000 	 0.7189 	 9 	 7 
43.20 	 3.3333 	 0.7177 	 9 	 7 
43.30 	 0.0000 	 0.7183 	 9 	 7 
43.40 	 3.3333 	 0.7166 	 9 	 7 
43.50 	 3.3333 	 0.7163 	 9 	 7 
43.60 	 0.0000 	 0.7160 	 9 	 8 
43.70 	 0.0000 	 0.7138 	 9 	 5 
43.80 	 0.0000 	 0.7163 	 9 	 9 
43.90 	 0.0000 	 0.7184 	 9 	 9 
44.00 	 0.0000 	 0.7198 	 9 	 7 
44.10 	 0.0000 	 0.7260 	 9 	 9 
44.20 	 0.0000 	 0.7294 	 9 	 7 
44.30 	 0.0000 	 0.7300 	 9 	 7 
44.40 	 0.0000 	 0.7309 	 9 	 8 
44.50 	 0.0000 	 0.7362 	 9 	 6 
44.60 	 0.0000 	 0.7377 	 9 	 6 
44.70 	 0.0000 	 0.7370 	 9 	 7 
44.80 	 0.0000 	 0.7384 	 9 	 7 
44.90 	 3.3333 	 0.7389 	 9 	 7 
45.00 	 3.3333 	 0.7415 	 9 	 7 
45.10 	 3.3333 	 0.7456 	 9 	 8 
45.20 	 0.0000 	 0.7494 	 9 	 9 
45.30 	 0.0000 	 0.7532 	 9 	 9 
45.40 	 0.0000 	 0.7567 	 9 	 8 
45.50 	 0.0000 	 0.7606 	 9 	 8 
45.60 	 0.0000 	 0.7645 	 9 	 8 
45.70 	 0.0000 	 0.7695 	 9 	 6 
45.80 	 0.0000 	 0.7746 	 9 	 8 
45.90 	 0.0000 	 0.7775 	 9 	 8 
46.00 	 0.0000 	 0.7816 	 9 	 8 
46.10 	 3.3333 	 0.7849 	 9 	 8 
46.20 	 0.0000 	 0.7874 	 9 	 8 
46.30 	 0.0000 	 0.7879 	 9 	 8 
46.40 	 0.0000 	 0.7887 	 9 	 8 
46.50 	 3.3333 	 0.7889 	 9 	 8 
46.60 	 3.3333 	 0.7877 	 9 	 8 
46.70 	 0.0000 	 0.7890 	 9 	 8 
46.80 	 0.0000 	 0.7926 	 9 	 8 
46.90 	 0.0000 	 0.7915 	 9 	 8 
47.00 	 0.0000 	 0.7931 	 9 	 8 
47.10 	 0.0000 	 0.7921 	 9 	 8 
47.20 	 0.0000 	 0.7969 	 9 	 8 
47.30 	 0.0000 	 0.7977 	 9 	 8 
47.40 	 3.3333 	 0.7978 	 9 	 8 
47.50 	 0.0000 	 0.7987 	 9 	 9 
47.60 	 3.3333 	 0.7978 	 9 	 9 
47.70 	 0.0000 	 0.7946 	 9 	 9 
47.80 	 0.0000 	 0.7931 	 9 	 9 
47.90 	 0.0000 	 0.7909 	 9 	 7 
48.00 	 0.0000 	 0.7910 	 9 	 7 
48.10 	 0.0000 	 0.7892 	 9 	 7 
48.20 	 0.0000 	 0.7894 	 9 	 7 
48.30 	 0.0000 	 0.7896 	 9 	 9 
48.40 	 0.0000 	 0.7894 	 9 	 9 
48.50 	 0.0000 	 0.7904 	 9 	 9 
48.60 	 0.0000 	 0.7914 	 9 	 9 
48.70 	 0.0000 	 0.7903 	 9 	 8 
48.80 	 0.0000 	 0.7916 	 9 	 8 
48.90 	 0.0000 	 0.7913 	 9 	 8 
49.00 	 0.0000 	 0.7945 	 9 	 9 
49.10 	 0.0000 	 0.7955 	 9 	 9 
49.20 	 0.0000 	 0.7928 	 9 	 9 
49.30 	 0.0000 	 0.7941 	 9 	 9 
49.40 	 3.3333 	 0.7961 	 9 	 9 
49.50 	 0.0000 	 0.7958 	 9 	 7 
49.60 	 3.3333 	 0.7958 	 9 	 7 
49.70 	 0.0000 	 0.7960 	 9 	 9 
49.80 	 0.0000 	 0.7965 	 9 	 9 
49.90 	 0.0000 	 0.7964 	 9 	 9 
50.00 	 0.0000 	 0.7954 	 9 	 7 
50.10 	 0.0000 	 0.7951 	 9 	 7 
50.20 	 3.3333 	 0.7920 	 9 	 7 
50.30 	 0.0000 	 0.7915 	 9 	 7 
50.40 	 3.3333 	 0.7898 	 9 	 8 
50.50 	 0.0000 	 0.7930 	 9 	 8 
50.60 	 0.0000 	 0.7918 	 9 	 8 
50.70 	 0.0000 	 0.7916 	 9 	 8 
50.80 	 0.0000 	 0.7926 	 9 	 6 
50.90 	 3.3333 	 0.7916 	 9 	 8 
51.00 	 3.3333 	 0.7909 	 9 	 8 
51.10 	 0.0000 	 0.7921 	 9 	 7 
51.20 	 0.0000 	 0.7910 	 9 	 8 
51.30 	 0.0000 	 0.7913 	 9 	 8 
51.40 	 0.0000 	 0.7907 	 9 	 8 
51.50 	 3.3333 	 0.7887 	 9 	 7 
51.60 	 0.0000 	 0.7896 	 9 	 7 
51.70 	 3.3333 	 0.7903 	 9 	 7 
51.80 	 0.0000 	 0.7925 	 9 	 7 
51.90 	 0.0000 	 0.7921 	 9 	 7 
52.00 	 0.0000 	 0.7912 	 9 	 8 
52.10 	 3.3333 	 0.7908 	 9 	 8 
52.20 	 0.0000 	 0.7911 	 9 	 7 
52.30 	 0.0000 	 0.7909 	 9 	 6 
52.40 	 3.3333 	 0.7934 	 9 	 8 
52.50 	 0.0000 	 0.7923 	 9 	 8 
52.60 	 0.0000 	 0.7923 	 9 	 8 
52.70 	 3.3333 	 0.7941 	 9 	 8 
52.80 	 0.0000 	 0.7951 	 9 	 8 
52.90 	 0.0000 	 0.7949 	 9 	 8 
53.00 	 0.0000 	 0.7957 	 9 	 9 
53.10 	 0.0000 	 0.7976 	 9 	 9 
53.20 	 0.0000 	 0.7979 	 9 	 9 
53.30 	 3.3333 	 0.7981 	 9 	 7 
53.40 	 3.3333 	 0.7977 	 9 	 8 
53.50 	 0.0000 	 0.7992 	 9 	 8 
53.60 	 0.0000 	 0.7984 	 9 	 8 
53.70 	 0.0000 	 0.7978 	 9 	 9 
53.80 	 0.0000 	 0.7987 	 9 	 9 
53.90 	 0.0000 	 0.8006 	 9 	 9 
54.00 	 3.3333 	 0.8004 	 9 	 6 
54.10 	 0.0000 	 0.8015 	 9 	 8 
54.20 	 0.0000 	 0.8023 	 9 	 8 
54.30 	 3.3333 	 0.8046 	 9 	 8 
54.40 	 0.0000 	 0.8049 	 9 	 8 
54.50 	 0.0000 	 0.8060 	 9 	 9 
54.60 	 0.0000 	 0.8081 	 9 	 9 
54.70 	 0.0000 	 0.8106 	 9 	 9 
54.80 	 3.3333 	 0.8118 	 9 	 9 
54.90 	 0.0000 	 0.8143 	 9 	 9 
55.00 	 0.0000 	 0.8168 	 9 	 9 
55.10 	 3.3333 	 0.8165 	 9 	 8 
55.20 	 0.0000 	 0.8180 	 9 	 9 
55.30 	 0.0000 	 0.8201 	 9 	 9 
55.40 	 0.0000 	 0.8214 	 9 	 9 
55.50 	 3.3333 	 0.8232 	 9 	 9 
55.60 	 0.0000 	 0.8247 	 9 	 9 
55.70 	 0.0000 	 0.8265 	 9 	 9 
55.80 	 3.3333 	 0.8280 	 9 	 9 
55.90 	 0.0000 	 0.8324 	 9 	 9 
56.00 	 0.0000 	 0.8347 	 9 	 9 
56.10 	 0.0000 	 0.8347 	 9 	 9 
56.20 	 0.0000 	 0.8387 	 9 	 8 
56.30 	 0.0000 	 0.8407 	 9 	 8 
56.40 	 3.3333 	 0.8430 	 9 	 9 
56.50 	 0.0000 	 0.8438 	 9 	 9 
56.60 	 3.3333 	 0.8446 	 9 	 8 
56.70 	 0.0000 	 0.8441 	 9 	 9 
56.80 	 0.0000 	 0.8459 	 9 	 9 
56.90 	 0.0000 	 0.8468 	 9 	 9 
57.00 	 0.0000 	 0.8458 	 9 	 8 
57.10 	 0.0000 	 0.8457 	 9 	 9 
57.20 	 3.3333 	 0.8458 	 9 	 9 
57.30 	 0.0000 	 0.8465 	 9 	 9 
57.40 	 3.3333 	 0.8457 	 9 	 8 
57.50 	 0.0000 	 0.8469 	 9 	 9 
57.60 	 0.0000 	 0.8473 	 9 	 8 
57.70 	 3.3333 	 0.8471 	 9 	 8 
57.80 	 0.0000 	 0.8467 	 9 	 9 
57.90 	 0.0000 	 0.8473 	 9 	 9 
58.00 	 0.0000 	 0.8440 	 9 	 9 
58.10 	 0.0000 	 0.8448 	 9 	 9 
58.20 	 0.0000 	 0.8420 	 9 	 8 
58.30 	 0.0000 	 0.8414 	 9 	 9 
58.40 	 0.0000 	 0.8414 	 9 	 8 
58.50 	 0.0000 	 0.8415 	 9 	 9 
58.60 	 3.3333 	 0.8391 	 9 	 9 
58.70 	 0.0000 	 0.8386 	 9 	 9 
58.80 	 3.3333 	 0.8373 	 9 	 7 
58.90 	 0.0000 	 0.8366 	 9 	 8 
59.00 	 0.0000 	 0.8360 	 9 	 8 
59.10 	 3.3333 	 0.8320 	 9 	 7 
59.20 	 0.0000 	 0.8285 	 9 	 7 
59.30 	 0.0000 	 0.8271 	 9 	 9 
59.40 	 0.0000 	 0.8277 	 9 	 9 
59.50 	 0.0000 	 0.8291 	 9 	 9 
59.60 	 3.3333 	 0.8305 	 9 	 7 
59.70 	 0.0000 	 0.8296 	 9 	 8 
59.80 	 0.0000 	 0.8317 	 9 	 8 
59.90 	 0.0000 	 0.8324 	 9 	 8 
60.00 	 3.3333 	 0.8327 	 9 	 9 
60.10 	 0.0000 	 0.8336 	 9 	 9 
60.20 	 3.3333 	 0.8340 	 9 	 9 
60.30 	 0.0000 	 0.8343 	 9 	 7 
60.40 	 0.0000 	 0.8334 	 9 	 7 
60.50 	 0.0000 	 0.8314 	 9 	 7 
60.60 	 3.3333 	 0.8305 	 9 	 7 
60.70 	 0.0000 	 0.8304 	 9 	 8 
60.80 	 0.0000 	 0.8287 	 9 	 8 
60.90 	 0.0000 	 0.8280 	 9 	 9 
61.00 	 3.3333 	 0.8262 	 9 	 7 
61.10 	 0.0000 	 0.8248 	 9 	 7 
61.20 	 0.0000 	 0.8227 	 9 	 7 
61.30 	 0.0000 	 0.8200 	 9 	 8 
61.40 	 3.3333 	 0.8194 	 9 	 7 
61.50 	 0.0000 	 0.8191 	 9 	 7 
61.60 	 0.0000 	 0.8172 	 9 	 8 
61.70 	 0.0000 	 0.8135 	 9 	 8 
61.80 	 3.3333 	 0.8107 	 9 	 7 
61.90 	 0.0000 	 0.8107 	 9 	 4 
62.00 	 0.0000 	 0.8112 	 9 	 7 
62.10 	 0.0000 	 0.8111 	 9 	 7 
62.20 	 0.0000 	 0.8116 	 9 	 8 
62.30 	 0.0000 	 0.8118 	 9 	 7 
62.40 	 3.3333 	 0.8140 	 9 	 7 
62.50 	 0.0000 	 0.8122 	 9 	 8 
62.60 	 0.0000 	 0.8133 	 9 	 7 
62.70 	 3.3333 	 0.8135 	 9 	 7 
62.80 	 0.0000 	 0.8114 	 9 	 7 
62.90 	 0.0000 	 0.8098 	 9 	 7 
63.00 	 0.0000 	 0.8074 	 9 	 7 
63.10 	 0.0000 	 0.8063 	 9 	 9 
63.20 	 3.3333 	 0.8014 	 9 	 9 
63.30 	 0.0000 	 0.7931 	 9 	 7 
63.40 	 3.3333 	 0.7924 	 9 	 7 
63.50 	 0.0000 	 0.7915 	 9 	 7 
63.60 	 0.0000 	 0.7933 	 9 	 6 
63.70 	 0.0000 	 0.7922 	 9 	 7 
63.80 	 0.0000 	 0.7919 	 9 	 7 
63.90 	 0.0000 	 0.7882 	 9 	 7 
64.00 	 0.0000 	 0.7904 	 9 	 7 
64.10 	 0.0000 	 0.7907 	 9 	 7 
64.20 	 0.0000 	 0.7903 	 9 	 7 
64.30 	 3.3333 	 0.7910 	 9 	 7 
64.40 	 3.3333 	 0.7921 	 9 	 7 
64.50 	 0.0000 	 0.7907 	 9 	 7 
64.60 	 0.0000 	 0.7914 	 9 	 7 
64.70 	 0.0000 	 0.7920 	 9 	 9 
64.80 	 0.0000 	 0.7938 	 9 	 6 
64.90 	 0.0000 	 0.7929 	 9 	 6 
65.00 	 3.3333 	 0.7929 	 9 	 9 
65.10 	 0.0000 	 0.7925 	 9 	 6 
65.20 	 0.0000 	 0.7905 	 9 	 6 
65.30 	 0.0000 	 0.7911 	 9 	 6 
65.40 	 0.0000 	 0.7921 	 9 	 6 
65.50 	 3.3333 	 0.7883 	 9 	 6 
65.60 	 0.0000 	 0.7868 	 9 	 6 
65.70 	 0.0000 	 0.7807 	 9 	 6 
65.80 	 0.0000 	 0.7788 	 9 	 6 
65.90 	 0.0000 	 0.7759 	 9 	 5 
66.00 	 3.3333 	 0.7767 	 9 	 5 
66.10 	 0.0000 	 0.7747 	 9 	 5 
66.20 	 3.3333 	 0.7728 	 9 	 6 
66.30 	 0.0000 	 0.7725 	 9 	 6 
66.40 	 0.0000 	 0.7722 	 9 	 6 
66.50 	 0.0000 	 0.7726 	 9 	 6 
66.60 	 0.0000 	 0.7743 	 9 	 6 
66.70 	 3.3333 	 0.7745 	 9 	 6 
66.80 	 0.0000 	 0.7722 	 9 	 6 
66.90 	 0.0000 	 0.7723 	 9 	 6 
67.00 	 0.0000 	 0.7685 	 9 	 6 
67.10 	 0.0000 	 0.7710 	 9 	 6 
67.20 	 6.6667 	 0.7707 	 9 	 6 
67.30 	 0.0000 	 0.7679 	 9 	 6 
67.40 	 0.0000 	 0.7685 	 9 	 6 
67.50 	 0.0000 	 0.7680 	 9 	 6 
67.60 	 0.0000 	 0.7641 	 9 	 6 
67.70 	 0.0000 	 0.7639 	 9 	 6 
67.80 	 0.0000 	 0.7588 	 9 	 6 
67.90 	 0.0000 	 0.7562 	 9 	 6 
68.00 	 0.0000 	 0.7530 	 9 	 6 
68.10 	 0.0000 	 0.7515 	 9 	 6 
68.20 	 3.3333 	 0.7527 	 9 	 5 
68.30 	 0.0000 	 0.7558 	 9 	 6 
68.40 	 3.3333 	 0.7566 	 9 	 6 
68.50 	 0.0000 	 0.7580 	 9 	 6 
68.60 	 0.0000 	 0.7586 	 9 	 6 
68.70 	 0.0000 	 0.7622 	 9 	 6 
68.80 	 0.0000 	 0.7612 	 9 	 6 
68.90 	 0.0000 	 0.7630 	 9 	 6 
69.00 	 0.0000 	 0.7635 	 9 	 6 
69.10 	 3.3333 	 0.7635 	 9 	 6 
69.20 	 0.0000 	 0.7656 	 9 	 7 
69.30 	 0.0000 	 0.7666 	 9 	 7 
69.40 	 3.3333 	 0.7656 	 9 	 7 
69.50 	 0.0000 	 0.7642 	 9 	 7 
69.60 	 0.0000 	 0.7628 	 9 	 7 
69.70 	 0.0000 	 0.7572 	 9 	 7 
69.80 	 0.0000 	 0.7545 	 9 	 7 
69.90 	 0.0000 	 0.7497 	 9 	 7 
70.00 	 0.0000 	 0.7486 	 9 	 6 
70.10 	 3.3333 	 0.7490 	 9 	 6 
70.20 	 0.0000 	 0.7467 	 9 	 6 
70.30 	 0.0000 	 0.7487 	 9 	 6 
70.40 	 0.0000 	 0.7479 	 9 	 6 
70.50 	 0.0000 	 0.7481 	 9 	 6 
70.60 	 0.0000 	 0.7501 	 9 	 6 
70.70 	 0.0000 	 0.7471 	 9 	 7 
70.80 	 0.0000 	 0.7501 	 9 	 7 
70.90 	 0.0000 	 0.7517 	 9 	 7 
71.00 	 0.0000 	 0.7560 	 9 	 7 
71.10 	 3.3333 	 0.7551 	 9 	 7 
71.20 	 0.0000 	 0.7497 	 9 	 7 
71.30 	 0.0000 	 0.7464 	 9 	 7 
71.40 	 0.0000 	 0.7424 	 9 	 7 
71.50 	 0.0000 	 0.7394 	 9 	 5 
71.60 	 0.0000 	 0.7359 	 9 	 7 
71.70 	 0.0000 	 0.7370 	 9 	 7 
71.80 	 0.0000 	 0.7360 	 9 	 7 
71.90 	 3.3333 	 0.7387 	 9 	 6 
72.00 	 3.3333 	 0.7355 	 9 	 7 
72.10 	 0.0000 	 0.7375 	 9 	 7 
72.20 	 0.0000 	 0.7428 	 9 	 7 
72.30 	 0.0000 	 0.7436 	 9 	 7 
72.40 	 0.0000 	 0.7426 	 9 	 7 
72.50 	 0.0000 	 0.7464 	 9 	 7 
72.60 	 3.3333 	 0.7487 	 9 	 7 
72.70 	 0.0000 	 0.7511 	 9 	 7 
72.80 	 0.0000 	 0.7511 	 9 	 7 
72.90 	 3.3333 	 0.7510 	 9 	 7 
73.00 	 0.0000 	 0.7473 	 9 	 7 
73.10 	 0.0000 	 0.7438 	 9 	 8 
73.20 	 0.0000 	 0.7437 	 9 	 8 
73.30 	 3.3333 	 0.7438 	 9 	 8 
73.40 	 0.0000 	 0.7445 	 9 	 7 
73.50 	 0.0000 	 0.7426 	 9 	 7 
73.60 	 0.0000 	 0.7467 	 9 	 7 
73.70 	 0.0000 	 0.7480 	 9 	 7 
73.80 	 3.3333 	 0.7458 	 9 	 7 
73.90 	 0.0000 	 0.7481 	 9 	 7 
74.00 	 3.3333 	 0.7476 	 9 	 7 
74.10 	 0.0000 	 0.7513 	 9 	 9 
74.20 	 0.0000 	 0.7527 	 9 	 9 
74.30 	 0.0000 	 0.7542 	 9 	 8 
74.40 	 0.0000 	 0.7557 	 9 	 8 
74.50 	 0.0000 	 0.7593 	 9 	 8 
74.60 	 0.0000 	 0.7637 	 9 	 8 
74.70 	 0.0000 	 0.7655 	 9 	 8 
74.80 	 6.6667 	 0.7697 	 9 	 8 
74.90 	 0.0000 	 0.7724 	 9 	 8 
75.00 	 0.0000 	 0.7761 	 9 	 7 
75.10 	 0.0000 	 0.7809 	 9 	 7 
75.20 	 0.0000 	 0.7841 	 9 	 7 
75.30 	 0.0000 	 0.7877 	 9 	 7 
75.40 	 0.0000 	 0.7889 	 9 	 7 
75.50 	 0.0000 	 0.7931 	 9 	 7 
75.60 	 3.3333 	 0.7939 	 9 	 9 
75.70 	 0.0000 	 0.7962 	 9 	 9 
75.80 	 3.3333 	 0.7989 	 9 	 9 
75.90 	 3.3333 	 0.7995 	 9 	 9 
76.00 	 0.0000 	 0.8031 	 9 	 9 
76.10 	 0.0000 	 0.8069 	 9 	 6 
76.20 	 0.0000 	 0.8085 	 9 	 9 
76.30 	 0.0000 	 0.8140 	 9 	 9 
76.40 	 0.0000 	 0.8162 	 9 	 9 
76.50 	 0.0000 	 0.8184 	 9 	 9 
76.60 	 0.0000 	 0.8212 	 9 	 9 
76.70 	 3.3333 	 0.8225 	 9 	 8 
76.80 	 0.0000 	 0.8255 	 9 	 8 
76.90 	 0.0000 	 0.8275 	 9 	 8 
77.00 	 0.0000 	 0.8310 	 9 	 9 
77.10 	 0.0000 	 0.8363 	 9 	 9 
77.20 	 3.3333 	 0.8383 	 9 	 9 
77.30 	 0.0000 	 0.8411 	 9 	 9 
77.40 	 0.0000 	 0.8443 	 9 	 9 
77.50 	 3.3333 	 0.8451 	 9 	 8 
77.60 	 0.0000 	 0.8462 	 9 	 8 
77.70 	 0.0000 	 0.8470 	 9 	 8 
77.80 	 0.0000 	 0.8474 	 9 	 9 
77.90 	 0.0000 	 0.8476 	 9 	 9 
78.00 	 3.3333 	 0.8489 	 9 	 8 
78.10 	 0.0000 	 0.8484 	 9 	 9 
78.20 	 0.0000 	 0.8493 	 9 	 8 
78.30 	 3.3333 	 0.8507 	 9 	 8 
78.40 	 0.0000 	 0.8493 	 9 	 8 
78.50 	 3.3333 	 0.8484 	 9 	 9 
78.60 	 0.0000 	 0.8511 	 9 	 9 
78.70 	 0.0000 	 0.8530 	 9 	 9 
78.80 	 0.0000 	 0.8540 	 9 	 8 
78.90 	 3.3333 	 0.8553 	 9 	 8 
79.00 	 0.0000 	 0.8571 	 9 	 8 
79.10 	 3.3333 	 0.8580 	 9 	 8 
79.20 	 0.0000 	 0.8591 	 9 	 9 
79.30 	 0.0000 	 0.8606 	 9 	 9 
79.40 	 0.0000 	 0.8615 	 9 	 9 
79.50 	 0.0000 	 0.8623 	 9 	 8 
79.60 	 3.3333 	 0.8618 	 9 	 8 
79.70 	 0.0000 	 0.8622 	 9 	 8 
79.80 	 0.0000 	 0.8621 	 9 	 8 
79.90 	 0.0000 	 0.8613 	 9 	 7 
80.00 	 0.0000 	 0.8604 	 9 	 9 
80.10 	 0.0000 	 0.8565 	 9 	 9 
80.20 	 3.3333 	 0.8561 	 9 	 9 
80.30 	 0.0000 	 0.8570 	 9 	 8 
80.40 	 3.3333 	 0.8548 	 9 	 8 
80.50 	 0.0000 	 0.8538 	 9 	 8 
80.60 	 0.0000 	 0.8517 	 9 	 9 
80.70 	 0.0000 	 0.8503 	 9 	 7 
80.80 	 0.0000 	 0.8468 	 9 	 9 
80.90 	 3.3333 	 0.8458 	 9 	 9 
81.00 	 0.0000 	 0.8429 	 9 	 9 
81.10 	 0.0000 	 0.8416 	 9 	 8 
81.20 	 0.0000 	 0.8420 	 9 	 9 
81.30 	 0.0000 	 0.8412 	 9 	 9 
81.40 	 0.0000 	 0.8395 	 9 	 9 
81.50 	 0.0000 	 0.8389 	 9 	 7 
81.60 	 0.0000 	 0.8376 	 9 	 8 
81.70 	 3.3333 	 0.8383 	 9 	 8 
81.80 	 0.0000 	 0.8383 	 9 	 8 
81.90 	 3.3333 	 0.8393 	 9 	 9 
82.00 	 0.0000 	 0.8380 	 9 	 9 
82.10 	 0.0000 	 0.8347 	 9 	 9 
82.20 	 0.0000 	 0.8340 	 9 	 9 
82.30 	 3.3333 	 0.8321 	 9 	 9 
82.40 	 0.0000 	 0.8285 	 9 	 8 
82.50 	 0.0000 	 0.8299 	 9 	 8 
82.60 	 0.0000 	 0.8310 	 9 	 7 
82.70 	 3.3333 	 0.8300 	 9 	 7 
82.80 	 0.0000 	 0.8295 	 9 	 7 
82.90 	 0.0000 	 0.8272 	 9 	 7 
83.00 	 0.0000 	 0.8257 	 9 	 7 
83.10 	 3.3333 	 0.8246 	 9 	 7 
83.20 	 0.0000 	 0.8252 	 9 	 7 
83.30 	 0.0000 	 0.8253 	 9 	 7 
83.40 	 0.0000 	 0.8242 	 9 	 9 
83.50 	 3.3333 	 0.8242 	 9 	 7 
83.60 	 0.0000 	 0.8215 	 9 	 7 
83.70 	 3.3333 	 0.8191 	 9 	 7 
83.80 	 0.0000 	 0.8188 	 9 	 7 
83.90 	 0.0000 	 0.8162 	 9 	 7 
84.00 	 3.3333 	 0.8165 	 9 	 7 
84.10 	 0.0000 	 0.8154 	 9 	 9 
84.20 	 0.0000 	 0.8158 	 9 	 7 
84.30 	 0.0000 	 0.8169 	 9 	 7 
84.40 	 0.0000 	 0.8177 	 9 	 7 
84.50 	 0.0000 	 0.8177 	 9 	 7 
84.60 	 3.3333 	 0.8168 	 9 	 7 
84.70 	 0.0000 	 0.8118 	 9 	 7 
84.80 	 0.0000 	 0.8107 	 9 	 7 
84.90 	 3.3333 	 0.8049 	 9 	 7 
85.00 	 0.0000 	 0.7979 	 9 	 7 
85.10 	 0.0000 	 0.7957 	 9 	 7 
85.20 	 0.0000 	 0.7958 	 9 	 7 
85.30 	 3.3333 	 0.7960 	 9 	 7 
85.40 	 0.0000 	 0.7957 	 9 	 7 
85.50 	 0.0000 	 0.7967 	 9 	 7 
85.60 	 3.3333 	 0.7964 	 9 	 7 
85.70 	 0.0000 	 0.7977 	 9 	 7 
85.80 	 0.0000 	 0.7951 	 9 	 9 
85.90 	 3.3333 	 0.7988 	 9 	 7 
86.00 	 0.0000 	 0.7975 	 9 	 6 
86.10 	 0.0000 	 0.7947 	 9 	 7 
86.20 	 0.0000 	 0.7956 	 9 	 7 
86.30 	 3.3333 	 0.7947 	 9 	 7 
86.40 	 0.0000 	 0.7930 	 9 	 8 
86.50 	 0.0000 	 0.7930 	 9 	 9 
86.60 	 3.3333 	 0.7919 	 9 	 7 
86.70 	 0.0000 	 0.7917 	 9 	 7 
86.80 	 3.3333 	 0.7903 	 9 	 7 
86.90 	 0.0000 	 0.7900 	 9 	 7 
87.00 	 0.0000 	 0.7866 	 9 	 6 
87.10 	 0.0000 	 0.7837 	 9 	 6 
87.20 	 0.0000 	 0.7842 	 9 	 6 
87.30 	 0.0000 	 0.7795 	 9 	 6 
87.40 	 0.0000 	 0.7763 	 9 	 6 
87.50 	 0.0000 	 0.7715 	 9 	 6 
87.60 	 0.0000 	 0.7697 	 9 	 6 
87.70 	 0.0000 	 0.7717 	 9 	 6 
87.80 	 3.3333 	 0.7702 	 9 	 6 
87.90 	 3.3333 	 0.7702 	 9 	 8 
88.00 	 0.0000 	 0.7690 	 9 	 8 
88.10 	 0.0000 	 0.7699 	 9 	 8 
88.20 	 0.0000 	 0.7673 	 9 	 8 
88.30 	 3.3333 	 0.7676 	 9 	 7 
88.40 	 0.0000 	 0.7669 	 9 	 7 
88.50 	 0.0000 	 0.7661 	 9 	 7 
88.60 	 0.0000 	 0.7721 	 9 	 6 
88.70 	 0.0000 	 0.7690 	 9 	 8 
88.80 	 6.6667 	 0.7705 	 9 	 6 
88.90 	 0.0000 	 0.7700 	 9 	 9 
89.00 	 0.0000 	 0.7677 	 9 	 7 
89.10 	 0.0000 	 0.7659 	 9 	 7 
89.20 	 0.0000 	 0.7640 	 9 	 7 
89.30 	 3.3333 	 0.7566 	 9 	 7 
89.40 	 3.3333 	 0.7571 	 9 	 7 
89.50 	 0.0000 	 0.7544 	 9 	 7 
89.60 	 0.0000 	 0.7517 	 9 	 9 
89.70 	 0.0000 	 0.7479 	 9 	 9 
89.80 	 0.0000 	 0.7478 	 9 	 7 
89.90 	 0.0000 	 0.7469 	 9 	 6 
90.00 	 0.0000 	 0.7478 	 9 	 6 
90.10 	 0.0000 	 0.7483 	 9 	 7 
90.20 	 0.0000 	 0.7493 	 9 	 7 
90.30 	 3.3333 	 0.7478 	 9 	 7 
90.40 	 0.0000 	 0.7498 	 9 	 7 
90.50 	 3.3333 	 0.7498 	 9 	 7 
90.60 	 0.0000 	 0.7492 	 9 	 7 
90.70 	 0.0000 	 0.7503 	 9 	 7 
90.80 	 0.0000 	 0.7466 	 9 	 7 
90.90 	 0.0000 	 0.7421 	 9 	 7 
91.00 	 3.3333 	 0.7384 	 9 	 7 
91.10 	 0.0000 	 0.7387 	 9 	 2 
91.20 	 0.0000 	 0.7356 	 9 	 4 
91.30 	 0.0000 	 0.7337 	 9 	 6 
91.40 	 0.0000 	 0.7339 	 9 	 6 
91.50 	 0.0000 	 0.7352 	 9 	 6 
91.60 	 3.3333 	 0.7335 	 9 	 7 
91.70 	 0.0000 	 0.7320 	 9 	 7 
91.80 	 6.6667 	 0.7333 	 9 	 7 
91.90 	 0.0000 	 0.7341 	 9 	 7 
92.00 	 0.0000 	 0.7358 	 9 	 7 
92.10 	 0.0000 	 0.7351 	 9 	 7 
92.20 	 0.0000 	 0.7350 	 9 	 7 
92.30 	 0.0000 	 0.7359 	 9 	 7 
92.40 	 0.0000 	 0.7334 	 9 	 7 
92.50 	 0.0000 	 0.7321 	 9 	 7 
92.60 	 0.0000 	 0.7322 	 9 	 8 
92.70 	 0.0000 	 0.7334 	 9 	 5 
92.80 	 3.3333 	 0.7327 	 9 	 5 
92.90 	 0.0000 	 0.7332 	 9 	 6 
93.00 	 0.0000 	 0.7323 	 9 	 7 
93.10 	 0.0000 	 0.7281 	 9 	 6 
93.20 	 0.0000 	 0.7266 	 9 	 7 
93.30 	 3.3333 	 0.7240 	 9 	 7 
93.40 	 3.3333 	 0.7191 	 9 	 7 
93.50 	 0.0000 	 0.7194 	 9 	 7 
93.60 	 0.0000 	 0.7184 	 9 	 8 
93.70 	 0.0000 	 0.7214 	 9 	 8 
93.80 	 0.0000 	 0.7211 	 9 	 8 
93.90 	 0.0000 	 0.7222 	 9 	 8 
94.00 	 0.0000 	 0.7221 	 9 	 8 
94.10 	 0.0000 	 0.7235 	 9 	 5 
94.20 	 0.0000 	 0.7250 	 9 	 9 
94.30 	 0.0000 	 0.7291 	 9 	 7 
94.40 	 3.3333 	 0.7319 	 9 	 7 
94.50 	 3.3333 	 0.7333 	 9 	 7 
94.60 	 0.0000 	 0.7378 	 9 	 7 
94.70 	 0.0000 	 0.7435 	 9 	 6 
94.80 	 3.3333 	 0.7426 	 9 	 8 
94.90 	 0.0000 	 0.7503 	 9 	 7 
95.00 	 0.0000 	 0.7562 	 9 	 7 
95.10 	 0.0000 	 0.7590 	 9 	 8 
95.20 	 0.0000 	 0.7656 	 9 	 9 
95.30 	 0.0000 	 0.7718 	 9 	 9 
95.40 	 0.0000 	 0.7745 	 9 	 8 
95.50 	 0.0000 	 0.7823 	 9 	 8 
95.60 	 0.0000 	 0.7857 	 9 	 8 
95.70 	 3.3333 	 0.7916 	 9 	 8 
95.80 	 0.0000 	 0.7952 	 9 	 8 
95.90 	 0.0000 	 0.7999 	 9 	 8 
96.00 	 0.0000 	 0.8030 	 9 	 8 
96.10 	 0.0000 	 0.8098 	 9 	 8 
96.20 	 0.0000 	 0.8166 	 9 	 9 
96.30 	 3.3333 	 0.8210 	 9 	 8 
96.40 	 3.3333 	 0.8279 	 9 	 9 
96.50 	 0.0000 	 0.8308 	 9 	 9 
96.60 	 0.0000 	 0.8359 	 9 	 9 
96.70 	 0.0000 	 0.8404 	 9 	 9 
96.80 	 0.0000 	 0.8445 	 9 	 9 
96.90 	 0.0000 	 0.8472 	 9 	 9 
97.00 	 0.0000 	 0.8496 	 9 	 9 
97.10 	 3.3333 	 0.8542 	 9 	 9 
97.20 	 0.0000 	 0.8562 	 9 	 9 
97.30 	 3.3333 	 0.8584 	 9 	 8 
97.40 	 0.0000 	 0.8623 	 9 	 8 
97.50 	 0.0000 	 0.8656 	 9 	 9 
97.60 	 3.3333 	 0.8662 	 9 	 9 
97.70 	 0.0000 	 0.8663 	 9 	 9 
97.80 	 0.0000 	 0.8677 	 9 	 9 
97.90 	 0.0000 	 0.8677 	 9 	 9 
98.00 	 0.0000 	 0.8683 	 9 	 9 
98.10 	 0.0000 	 0.8681 	 9 	 9 
98.20 	 0.0000 	 0.8669 	 9 	 9 
98.30 	 0.0000 	 0.8674 	 9 	 9 
98.40 	 3.3333 	 0.8657 	 9 	 9 
98.50 	 0.0000 	 0.8647 	 9 	 9 
98.60 	 0.0000 	 0.8629 	 9 	 9 
98.70 	 3.3333 	 0.8612 	 9 	 9 
98.80 	 0.0000 	 0.8587 	 9 	 8 
98.90 	 0.0000 	 0.8586 	 9 	 9 
99.00 	 3.3333 	 0.8569 	 9 	 9 
99.10 	 0.0000 	 0.8550 	 9 	 9 
99.20 	 0.0000 	 0.8536 	 9 	 8 
99.30 	 0.0000 	 0.8537 	 9 	 8 
99.40 	 0.0000 	 0.8529 	 9 	 8 
99.50 	 0.0000 	 0.8499 	 9 	 9 
99.60 	 0.0000 	 0.8495 	 9 	 9 
99.70 	 6.6667 	 0.8486 	 9 	 9 
99.80 	 0.0000 	 0.8498 	 9 	 9 
99.90 	 0.0000 	 0.8494 	 9 	 9 
100.00 	 0.0000 	 0.8500 	 9 	 8 
