# Optimal flow and avg speed dependent on time 
 # Aggressives: 30 
0.10 	 0.0000 	 0.5472 
0.20 	 0.0000 	 0.5471 
0.30 	 0.0000 	 0.5470 
0.40 	 0.0000 	 0.5467 
0.50 	 0.0000 	 0.5464 
0.60 	 0.0000 	 0.5460 
0.70 	 0.0000 	 0.5460 
0.80 	 3.2051 	 0.5453 
0.90 	 6.4103 	 0.5449 
1.00 	 0.0000 	 0.5454 
1.10 	 0.0000 	 0.5447 
1.20 	 0.0000 	 0.5442 
1.30 	 0.0000 	 0.5444 
1.40 	 0.0000 	 0.5447 
1.50 	 0.0000 	 0.5444 
1.60 	 0.0000 	 0.5440 
1.70 	 0.0000 	 0.5433 
1.80 	 0.0000 	 0.5430 
1.90 	 0.0000 	 0.5431 
2.00 	 0.0000 	 0.5426 
2.10 	 0.0000 	 0.5426 
2.20 	 0.0000 	 0.5431 
2.30 	 3.2051 	 0.5425 
2.40 	 0.0000 	 0.5419 
2.50 	 0.0000 	 0.5417 
2.60 	 3.2051 	 0.5420 
2.70 	 0.0000 	 0.5421 
2.80 	 3.2051 	 0.5427 
2.90 	 0.0000 	 0.5433 
3.00 	 0.0000 	 0.5435 
3.10 	 0.0000 	 0.5438 
3.20 	 0.0000 	 0.5437 
3.30 	 0.0000 	 0.5441 
3.40 	 0.0000 	 0.5439 
3.50 	 0.0000 	 0.5437 
3.60 	 0.0000 	 0.5438 
3.70 	 0.0000 	 0.5439 
3.80 	 0.0000 	 0.5439 
3.90 	 0.0000 	 0.5431 
4.00 	 0.0000 	 0.5428 
4.10 	 3.2051 	 0.5424 
4.20 	 3.2051 	 0.5426 
4.30 	 0.0000 	 0.5399 
4.40 	 0.0000 	 0.5395 
4.50 	 0.0000 	 0.5389 
4.60 	 3.2051 	 0.5390 
4.70 	 0.0000 	 0.5383 
4.80 	 0.0000 	 0.5375 
4.90 	 0.0000 	 0.5376 
5.00 	 0.0000 	 0.5367 
5.10 	 0.0000 	 0.5360 
5.20 	 0.0000 	 0.5359 
5.30 	 0.0000 	 0.5362 
5.40 	 0.0000 	 0.5355 
5.50 	 0.0000 	 0.5349 
5.60 	 0.0000 	 0.5345 
5.70 	 6.4103 	 0.5342 
5.80 	 0.0000 	 0.5338 
5.90 	 0.0000 	 0.5335 
6.00 	 0.0000 	 0.5333 
6.10 	 0.0000 	 0.5331 
6.20 	 0.0000 	 0.5330 
6.30 	 0.0000 	 0.5333 
6.40 	 3.2051 	 0.5335 
6.50 	 0.0000 	 0.5336 
6.60 	 0.0000 	 0.5336 
6.70 	 0.0000 	 0.5341 
6.80 	 0.0000 	 0.5337 
6.90 	 0.0000 	 0.5334 
7.00 	 0.0000 	 0.5331 
7.10 	 0.0000 	 0.5332 
7.20 	 3.2051 	 0.5334 
7.30 	 0.0000 	 0.5339 
7.40 	 3.2051 	 0.5347 
7.50 	 0.0000 	 0.5351 
7.60 	 0.0000 	 0.5351 
7.70 	 0.0000 	 0.5355 
7.80 	 0.0000 	 0.5358 
7.90 	 0.0000 	 0.5364 
8.00 	 0.0000 	 0.5365 
8.10 	 0.0000 	 0.5368 
8.20 	 3.2051 	 0.5366 
8.30 	 0.0000 	 0.5370 
8.40 	 0.0000 	 0.5348 
8.50 	 0.0000 	 0.5347 
8.60 	 0.0000 	 0.5344 
8.70 	 0.0000 	 0.5340 
8.80 	 3.2051 	 0.5341 
8.90 	 0.0000 	 0.5337 
9.00 	 0.0000 	 0.5340 
9.10 	 0.0000 	 0.5343 
9.20 	 0.0000 	 0.5343 
9.30 	 3.2051 	 0.5341 
9.40 	 0.0000 	 0.5354 
9.50 	 0.0000 	 0.5362 
9.60 	 0.0000 	 0.5368 
9.70 	 0.0000 	 0.5374 
9.80 	 0.0000 	 0.5375 
9.90 	 0.0000 	 0.5375 
10.00 	 0.0000 	 0.5383 
10.10 	 3.2051 	 0.5378 
10.20 	 0.0000 	 0.5381 
10.30 	 0.0000 	 0.5385 
10.40 	 0.0000 	 0.5387 
10.50 	 3.2051 	 0.5391 
10.60 	 0.0000 	 0.5392 
10.70 	 0.0000 	 0.5391 
10.80 	 0.0000 	 0.5395 
10.90 	 0.0000 	 0.5397 
11.00 	 0.0000 	 0.5415 
11.10 	 3.2051 	 0.5413 
11.20 	 0.0000 	 0.5415 
11.30 	 0.0000 	 0.5418 
11.40 	 0.0000 	 0.5421 
11.50 	 3.2051 	 0.5425 
11.60 	 0.0000 	 0.5432 
11.70 	 0.0000 	 0.5432 
11.80 	 0.0000 	 0.5445 
11.90 	 0.0000 	 0.5443 
12.00 	 0.0000 	 0.5440 
12.10 	 3.2051 	 0.5446 
12.20 	 0.0000 	 0.5448 
12.30 	 0.0000 	 0.5446 
12.40 	 0.0000 	 0.5439 
12.50 	 0.0000 	 0.5436 
12.60 	 0.0000 	 0.5435 
12.70 	 0.0000 	 0.5432 
12.80 	 0.0000 	 0.5432 
12.90 	 0.0000 	 0.5433 
13.00 	 3.2051 	 0.5434 
13.10 	 0.0000 	 0.5443 
13.20 	 0.0000 	 0.5441 
13.30 	 3.2051 	 0.5446 
13.40 	 3.2051 	 0.5444 
13.50 	 0.0000 	 0.5456 
13.60 	 0.0000 	 0.5464 
13.70 	 0.0000 	 0.5466 
13.80 	 0.0000 	 0.5464 
13.90 	 0.0000 	 0.5476 
14.00 	 0.0000 	 0.5473 
14.10 	 0.0000 	 0.5475 
14.20 	 0.0000 	 0.5478 
14.30 	 0.0000 	 0.5482 
14.40 	 0.0000 	 0.5484 
14.50 	 3.2051 	 0.5484 
14.60 	 0.0000 	 0.5481 
14.70 	 0.0000 	 0.5485 
14.80 	 3.2051 	 0.5491 
14.90 	 0.0000 	 0.5495 
15.00 	 0.0000 	 0.5489 
15.10 	 3.2051 	 0.5483 
15.20 	 0.0000 	 0.5483 
15.30 	 0.0000 	 0.5488 
15.40 	 3.2051 	 0.5490 
15.50 	 0.0000 	 0.5492 
15.60 	 0.0000 	 0.5489 
15.70 	 0.0000 	 0.5486 
15.80 	 0.0000 	 0.5483 
15.90 	 0.0000 	 0.5481 
16.00 	 0.0000 	 0.5478 
16.10 	 0.0000 	 0.5468 
16.20 	 0.0000 	 0.5481 
16.30 	 0.0000 	 0.5479 
16.40 	 0.0000 	 0.5482 
16.50 	 0.0000 	 0.5483 
16.60 	 6.4103 	 0.5484 
16.70 	 0.0000 	 0.5481 
16.80 	 3.2051 	 0.5482 
16.90 	 0.0000 	 0.5487 
17.00 	 0.0000 	 0.5487 
17.10 	 0.0000 	 0.5484 
17.20 	 0.0000 	 0.5472 
17.30 	 0.0000 	 0.5475 
17.40 	 0.0000 	 0.5467 
17.50 	 0.0000 	 0.5461 
17.60 	 0.0000 	 0.5454 
17.70 	 3.2051 	 0.5451 
17.80 	 0.0000 	 0.5446 
17.90 	 0.0000 	 0.5436 
18.00 	 0.0000 	 0.5436 
18.10 	 0.0000 	 0.5434 
18.20 	 0.0000 	 0.5424 
18.30 	 0.0000 	 0.5412 
18.40 	 0.0000 	 0.5400 
18.50 	 3.2051 	 0.5397 
18.60 	 3.2051 	 0.5397 
18.70 	 3.2051 	 0.5389 
18.80 	 0.0000 	 0.5375 
18.90 	 0.0000 	 0.5368 
19.00 	 0.0000 	 0.5373 
19.10 	 0.0000 	 0.5365 
19.20 	 0.0000 	 0.5364 
19.30 	 0.0000 	 0.5365 
19.40 	 0.0000 	 0.5364 
19.50 	 0.0000 	 0.5360 
19.60 	 0.0000 	 0.5360 
19.70 	 0.0000 	 0.5361 
19.80 	 0.0000 	 0.5361 
19.90 	 0.0000 	 0.5361 
20.00 	 0.0000 	 0.5360 
20.10 	 3.2051 	 0.5357 
20.20 	 0.0000 	 0.5363 
20.30 	 3.2051 	 0.5359 
20.40 	 3.2051 	 0.5360 
20.50 	 0.0000 	 0.5366 
20.60 	 0.0000 	 0.5367 
20.70 	 0.0000 	 0.5367 
20.80 	 0.0000 	 0.5360 
20.90 	 0.0000 	 0.5363 
21.00 	 0.0000 	 0.5364 
21.10 	 0.0000 	 0.5361 
21.20 	 0.0000 	 0.5360 
21.30 	 0.0000 	 0.5364 
21.40 	 0.0000 	 0.5362 
21.50 	 3.2051 	 0.5361 
21.60 	 0.0000 	 0.5373 
21.70 	 0.0000 	 0.5370 
21.80 	 3.2051 	 0.5361 
21.90 	 0.0000 	 0.5358 
22.00 	 0.0000 	 0.5354 
22.10 	 0.0000 	 0.5355 
22.20 	 3.2051 	 0.5348 
22.30 	 0.0000 	 0.5348 
22.40 	 0.0000 	 0.5343 
22.50 	 0.0000 	 0.5338 
22.60 	 3.2051 	 0.5331 
22.70 	 0.0000 	 0.5311 
22.80 	 0.0000 	 0.5302 
22.90 	 0.0000 	 0.5297 
23.00 	 0.0000 	 0.5299 
23.10 	 0.0000 	 0.5298 
23.20 	 0.0000 	 0.5290 
23.30 	 0.0000 	 0.5285 
23.40 	 0.0000 	 0.5280 
23.50 	 0.0000 	 0.5277 
23.60 	 0.0000 	 0.5277 
23.70 	 3.2051 	 0.5266 
23.80 	 0.0000 	 0.5265 
23.90 	 0.0000 	 0.5260 
24.00 	 3.2051 	 0.5262 
24.10 	 0.0000 	 0.5259 
24.20 	 0.0000 	 0.5254 
24.30 	 0.0000 	 0.5249 
24.40 	 3.2051 	 0.5250 
24.50 	 0.0000 	 0.5249 
24.60 	 0.0000 	 0.5254 
24.70 	 0.0000 	 0.5253 
24.80 	 0.0000 	 0.5253 
24.90 	 0.0000 	 0.5251 
25.00 	 0.0000 	 0.5243 
25.10 	 0.0000 	 0.5244 
25.20 	 0.0000 	 0.5241 
25.30 	 0.0000 	 0.5247 
25.40 	 0.0000 	 0.5243 
25.50 	 3.2051 	 0.5242 
25.60 	 0.0000 	 0.5238 
25.70 	 0.0000 	 0.5242 
25.80 	 0.0000 	 0.5240 
25.90 	 3.2051 	 0.5239 
26.00 	 0.0000 	 0.5238 
26.10 	 0.0000 	 0.5239 
26.20 	 3.2051 	 0.5235 
26.30 	 0.0000 	 0.5231 
26.40 	 0.0000 	 0.5236 
26.50 	 0.0000 	 0.5238 
26.60 	 0.0000 	 0.5237 
26.70 	 0.0000 	 0.5248 
26.80 	 0.0000 	 0.5248 
26.90 	 0.0000 	 0.5227 
27.00 	 0.0000 	 0.5226 
27.10 	 0.0000 	 0.5228 
27.20 	 3.2051 	 0.5228 
27.30 	 0.0000 	 0.5240 
27.40 	 0.0000 	 0.5244 
27.50 	 0.0000 	 0.5236 
27.60 	 0.0000 	 0.5232 
27.70 	 3.2051 	 0.5236 
27.80 	 0.0000 	 0.5236 
27.90 	 0.0000 	 0.5235 
28.00 	 0.0000 	 0.5236 
28.10 	 3.2051 	 0.5229 
28.20 	 0.0000 	 0.5226 
28.30 	 0.0000 	 0.5226 
28.40 	 0.0000 	 0.5222 
28.50 	 0.0000 	 0.5222 
28.60 	 3.2051 	 0.5218 
28.70 	 0.0000 	 0.5211 
28.80 	 0.0000 	 0.5202 
28.90 	 0.0000 	 0.5203 
29.00 	 0.0000 	 0.5197 
29.10 	 0.0000 	 0.5189 
29.20 	 0.0000 	 0.5183 
29.30 	 0.0000 	 0.5155 
29.40 	 0.0000 	 0.5161 
29.50 	 0.0000 	 0.5152 
29.60 	 3.2051 	 0.5148 
29.70 	 0.0000 	 0.5149 
29.80 	 0.0000 	 0.5146 
29.90 	 3.2051 	 0.5145 
30.00 	 0.0000 	 0.5148 
30.10 	 0.0000 	 0.5145 
30.20 	 0.0000 	 0.5144 
30.30 	 0.0000 	 0.5145 
30.40 	 3.2051 	 0.5150 
30.50 	 0.0000 	 0.5150 
30.60 	 0.0000 	 0.5149 
30.70 	 0.0000 	 0.5144 
30.80 	 0.0000 	 0.5141 
30.90 	 0.0000 	 0.5130 
31.00 	 0.0000 	 0.5125 
31.10 	 0.0000 	 0.5127 
31.20 	 0.0000 	 0.5125 
31.30 	 0.0000 	 0.5119 
31.40 	 3.2051 	 0.5109 
31.50 	 0.0000 	 0.5105 
31.60 	 0.0000 	 0.5106 
31.70 	 0.0000 	 0.5108 
31.80 	 3.2051 	 0.5110 
31.90 	 0.0000 	 0.5106 
32.00 	 0.0000 	 0.5110 
32.10 	 0.0000 	 0.5104 
32.20 	 0.0000 	 0.5100 
32.30 	 3.2051 	 0.5098 
32.40 	 0.0000 	 0.5097 
32.50 	 0.0000 	 0.5099 
32.60 	 0.0000 	 0.5099 
32.70 	 0.0000 	 0.5098 
32.80 	 0.0000 	 0.5097 
32.90 	 0.0000 	 0.5100 
33.00 	 3.2051 	 0.5104 
33.10 	 0.0000 	 0.5111 
33.20 	 0.0000 	 0.5112 
33.30 	 0.0000 	 0.5116 
33.40 	 0.0000 	 0.5114 
33.50 	 0.0000 	 0.5116 
33.60 	 3.2051 	 0.5109 
33.70 	 0.0000 	 0.5105 
33.80 	 0.0000 	 0.5102 
33.90 	 0.0000 	 0.5093 
34.00 	 0.0000 	 0.5086 
34.10 	 0.0000 	 0.5082 
34.20 	 3.2051 	 0.5049 
34.30 	 0.0000 	 0.5049 
34.40 	 0.0000 	 0.5044 
34.50 	 0.0000 	 0.5041 
34.60 	 0.0000 	 0.5041 
34.70 	 0.0000 	 0.5043 
34.80 	 0.0000 	 0.5042 
34.90 	 3.2051 	 0.5041 
35.00 	 0.0000 	 0.5044 
35.10 	 0.0000 	 0.5040 
35.20 	 0.0000 	 0.5037 
35.30 	 0.0000 	 0.5038 
35.40 	 0.0000 	 0.5033 
35.50 	 3.2051 	 0.5033 
35.60 	 0.0000 	 0.5035 
35.70 	 0.0000 	 0.5028 
35.80 	 0.0000 	 0.5028 
35.90 	 0.0000 	 0.5029 
36.00 	 0.0000 	 0.5028 
36.10 	 3.2051 	 0.5026 
36.20 	 0.0000 	 0.5030 
36.30 	 0.0000 	 0.5026 
36.40 	 0.0000 	 0.5022 
36.50 	 0.0000 	 0.5021 
36.60 	 0.0000 	 0.5012 
36.70 	 3.2051 	 0.5017 
36.80 	 0.0000 	 0.5015 
36.90 	 0.0000 	 0.5017 
37.00 	 0.0000 	 0.5014 
37.10 	 0.0000 	 0.5013 
37.20 	 0.0000 	 0.5007 
37.30 	 3.2051 	 0.5002 
37.40 	 0.0000 	 0.5005 
37.50 	 0.0000 	 0.5015 
37.60 	 0.0000 	 0.5019 
37.70 	 0.0000 	 0.5014 
37.80 	 0.0000 	 0.5016 
37.90 	 0.0000 	 0.5014 
38.00 	 3.2051 	 0.5009 
38.10 	 0.0000 	 0.5008 
38.20 	 0.0000 	 0.5007 
38.30 	 0.0000 	 0.5004 
38.40 	 0.0000 	 0.5012 
38.50 	 0.0000 	 0.5012 
38.60 	 3.2051 	 0.5011 
38.70 	 0.0000 	 0.5009 
38.80 	 0.0000 	 0.5010 
38.90 	 0.0000 	 0.5008 
39.00 	 0.0000 	 0.5007 
39.10 	 0.0000 	 0.5008 
39.20 	 3.2051 	 0.5009 
39.30 	 0.0000 	 0.5010 
39.40 	 0.0000 	 0.5009 
39.50 	 0.0000 	 0.4999 
39.60 	 0.0000 	 0.4995 
39.70 	 0.0000 	 0.4999 
39.80 	 0.0000 	 0.4996 
39.90 	 0.0000 	 0.4995 
40.00 	 3.2051 	 0.4994 
40.10 	 0.0000 	 0.5001 
40.20 	 0.0000 	 0.5001 
40.30 	 0.0000 	 0.5001 
40.40 	 3.2051 	 0.5000 
40.50 	 0.0000 	 0.5005 
40.60 	 0.0000 	 0.5006 
40.70 	 0.0000 	 0.5004 
40.80 	 0.0000 	 0.5002 
40.90 	 0.0000 	 0.5001 
41.00 	 3.2051 	 0.5001 
41.10 	 0.0000 	 0.4998 
41.20 	 0.0000 	 0.5000 
41.30 	 0.0000 	 0.5009 
41.40 	 0.0000 	 0.5015 
41.50 	 0.0000 	 0.5012 
41.60 	 3.2051 	 0.5019 
41.70 	 0.0000 	 0.5021 
41.80 	 0.0000 	 0.5023 
41.90 	 0.0000 	 0.5020 
42.00 	 3.2051 	 0.5019 
42.10 	 0.0000 	 0.5017 
42.20 	 0.0000 	 0.5013 
42.30 	 0.0000 	 0.4989 
42.40 	 0.0000 	 0.4990 
42.50 	 0.0000 	 0.4993 
42.60 	 0.0000 	 0.4991 
42.70 	 0.0000 	 0.4988 
42.80 	 0.0000 	 0.4991 
42.90 	 3.2051 	 0.4988 
43.00 	 0.0000 	 0.4989 
43.10 	 0.0000 	 0.4987 
43.20 	 0.0000 	 0.4990 
43.30 	 0.0000 	 0.4990 
43.40 	 0.0000 	 0.4981 
43.50 	 3.2051 	 0.4977 
43.60 	 0.0000 	 0.4977 
43.70 	 0.0000 	 0.4975 
43.80 	 0.0000 	 0.4950 
43.90 	 3.2051 	 0.4947 
44.00 	 0.0000 	 0.4952 
44.10 	 0.0000 	 0.4947 
44.20 	 0.0000 	 0.4938 
44.30 	 0.0000 	 0.4933 
44.40 	 0.0000 	 0.4927 
44.50 	 0.0000 	 0.4924 
44.60 	 0.0000 	 0.4916 
44.70 	 0.0000 	 0.4911 
44.80 	 3.2051 	 0.4913 
44.90 	 0.0000 	 0.4912 
45.00 	 0.0000 	 0.4911 
45.10 	 0.0000 	 0.4909 
45.20 	 0.0000 	 0.4902 
45.30 	 0.0000 	 0.4899 
45.40 	 3.2051 	 0.4902 
45.50 	 3.2051 	 0.4898 
45.60 	 0.0000 	 0.4901 
45.70 	 0.0000 	 0.4901 
45.80 	 0.0000 	 0.4895 
45.90 	 0.0000 	 0.4896 
46.00 	 0.0000 	 0.4892 
46.10 	 0.0000 	 0.4899 
46.20 	 0.0000 	 0.4900 
46.30 	 0.0000 	 0.4898 
46.40 	 0.0000 	 0.4898 
46.50 	 0.0000 	 0.4898 
46.60 	 3.2051 	 0.4901 
46.70 	 0.0000 	 0.4904 
46.80 	 0.0000 	 0.4922 
46.90 	 0.0000 	 0.4919 
47.00 	 3.2051 	 0.4925 
47.10 	 0.0000 	 0.4928 
47.20 	 0.0000 	 0.4932 
47.30 	 3.2051 	 0.4947 
47.40 	 0.0000 	 0.4951 
47.50 	 0.0000 	 0.4958 
47.60 	 0.0000 	 0.4962 
47.70 	 0.0000 	 0.4963 
47.80 	 0.0000 	 0.4959 
47.90 	 0.0000 	 0.4960 
48.00 	 0.0000 	 0.4967 
48.10 	 0.0000 	 0.4977 
48.20 	 0.0000 	 0.4986 
48.30 	 0.0000 	 0.4985 
48.40 	 0.0000 	 0.4989 
48.50 	 3.2051 	 0.4990 
48.60 	 0.0000 	 0.4995 
48.70 	 0.0000 	 0.4993 
48.80 	 0.0000 	 0.4998 
48.90 	 3.2051 	 0.4999 
49.00 	 0.0000 	 0.4996 
49.10 	 3.2051 	 0.4998 
49.20 	 0.0000 	 0.4995 
49.30 	 0.0000 	 0.4995 
49.40 	 0.0000 	 0.4995 
49.50 	 0.0000 	 0.4989 
49.60 	 0.0000 	 0.4989 
49.70 	 0.0000 	 0.4989 
49.80 	 0.0000 	 0.4985 
49.90 	 0.0000 	 0.4964 
50.00 	 0.0000 	 0.4968 
50.10 	 0.0000 	 0.4969 
50.20 	 0.0000 	 0.4967 
50.30 	 0.0000 	 0.4971 
50.40 	 3.2051 	 0.4978 
50.50 	 0.0000 	 0.4974 
50.60 	 0.0000 	 0.4971 
50.70 	 0.0000 	 0.4968 
50.80 	 3.2051 	 0.4969 
50.90 	 0.0000 	 0.4958 
51.00 	 3.2051 	 0.4948 
51.10 	 0.0000 	 0.4918 
51.20 	 0.0000 	 0.4916 
51.30 	 0.0000 	 0.4913 
51.40 	 0.0000 	 0.4895 
51.50 	 0.0000 	 0.4889 
51.60 	 0.0000 	 0.4897 
51.70 	 0.0000 	 0.4888 
51.80 	 0.0000 	 0.4891 
51.90 	 0.0000 	 0.4893 
52.00 	 3.2051 	 0.4898 
52.10 	 0.0000 	 0.4903 
52.20 	 0.0000 	 0.4915 
52.30 	 0.0000 	 0.4928 
52.40 	 0.0000 	 0.4924 
52.50 	 0.0000 	 0.4923 
52.60 	 3.2051 	 0.4925 
52.70 	 0.0000 	 0.4920 
52.80 	 0.0000 	 0.4918 
52.90 	 3.2051 	 0.4918 
53.00 	 0.0000 	 0.4916 
53.10 	 0.0000 	 0.4910 
53.20 	 0.0000 	 0.4913 
53.30 	 0.0000 	 0.4907 
53.40 	 0.0000 	 0.4904 
53.50 	 0.0000 	 0.4905 
53.60 	 3.2051 	 0.4905 
53.70 	 0.0000 	 0.4902 
53.80 	 0.0000 	 0.4903 
53.90 	 0.0000 	 0.4905 
54.00 	 0.0000 	 0.4894 
54.10 	 0.0000 	 0.4893 
54.20 	 0.0000 	 0.4888 
54.30 	 3.2051 	 0.4886 
54.40 	 0.0000 	 0.4881 
54.50 	 3.2051 	 0.4882 
54.60 	 0.0000 	 0.4886 
54.70 	 0.0000 	 0.4890 
54.80 	 0.0000 	 0.4888 
54.90 	 0.0000 	 0.4884 
55.00 	 0.0000 	 0.4875 
55.10 	 0.0000 	 0.4876 
55.20 	 0.0000 	 0.4866 
55.30 	 0.0000 	 0.4864 
55.40 	 0.0000 	 0.4862 
55.50 	 3.2051 	 0.4864 
55.60 	 0.0000 	 0.4865 
55.70 	 0.0000 	 0.4863 
55.80 	 0.0000 	 0.4855 
55.90 	 0.0000 	 0.4862 
56.00 	 0.0000 	 0.4860 
56.10 	 0.0000 	 0.4859 
56.20 	 3.2051 	 0.4859 
56.30 	 0.0000 	 0.4857 
56.40 	 3.2051 	 0.4855 
56.50 	 0.0000 	 0.4859 
56.60 	 0.0000 	 0.4856 
56.70 	 0.0000 	 0.4856 
56.80 	 0.0000 	 0.4855 
56.90 	 0.0000 	 0.4856 
57.00 	 0.0000 	 0.4860 
57.10 	 0.0000 	 0.4862 
57.20 	 0.0000 	 0.4859 
57.30 	 0.0000 	 0.4831 
57.40 	 3.2051 	 0.4830 
57.50 	 0.0000 	 0.4832 
57.60 	 0.0000 	 0.4837 
57.70 	 0.0000 	 0.4840 
57.80 	 0.0000 	 0.4843 
57.90 	 0.0000 	 0.4852 
58.00 	 3.2051 	 0.4849 
58.10 	 0.0000 	 0.4847 
58.20 	 3.2051 	 0.4845 
58.30 	 0.0000 	 0.4851 
58.40 	 0.0000 	 0.4849 
58.50 	 0.0000 	 0.4853 
58.60 	 0.0000 	 0.4864 
58.70 	 0.0000 	 0.4867 
58.80 	 0.0000 	 0.4868 
58.90 	 0.0000 	 0.4873 
59.00 	 3.2051 	 0.4873 
59.10 	 0.0000 	 0.4877 
59.20 	 0.0000 	 0.4880 
59.30 	 0.0000 	 0.4882 
59.40 	 0.0000 	 0.4882 
59.50 	 0.0000 	 0.4878 
59.60 	 0.0000 	 0.4878 
59.70 	 0.0000 	 0.4880 
59.80 	 0.0000 	 0.4839 
59.90 	 3.2051 	 0.4836 
60.00 	 0.0000 	 0.4844 
60.10 	 3.2051 	 0.4844 
60.20 	 0.0000 	 0.4845 
60.30 	 0.0000 	 0.4842 
60.40 	 0.0000 	 0.4841 
60.50 	 0.0000 	 0.4839 
60.60 	 0.0000 	 0.4845 
60.70 	 0.0000 	 0.4843 
60.80 	 0.0000 	 0.4853 
60.90 	 3.2051 	 0.4852 
61.00 	 0.0000 	 0.4852 
61.10 	 0.0000 	 0.4853 
61.20 	 0.0000 	 0.4845 
61.30 	 0.0000 	 0.4837 
61.40 	 0.0000 	 0.4835 
61.50 	 0.0000 	 0.4824 
61.60 	 0.0000 	 0.4822 
61.70 	 0.0000 	 0.4818 
61.80 	 3.2051 	 0.4823 
61.90 	 0.0000 	 0.4815 
62.00 	 3.2051 	 0.4816 
62.10 	 0.0000 	 0.4816 
62.20 	 0.0000 	 0.4816 
62.30 	 0.0000 	 0.4825 
62.40 	 0.0000 	 0.4826 
62.50 	 0.0000 	 0.4832 
62.60 	 3.2051 	 0.4833 
62.70 	 0.0000 	 0.4841 
62.80 	 0.0000 	 0.4849 
62.90 	 0.0000 	 0.4853 
63.00 	 0.0000 	 0.4856 
63.10 	 0.0000 	 0.4862 
63.20 	 0.0000 	 0.4868 
63.30 	 0.0000 	 0.4877 
63.40 	 0.0000 	 0.4881 
63.50 	 0.0000 	 0.4886 
63.60 	 0.0000 	 0.4884 
63.70 	 3.2051 	 0.4889 
63.80 	 0.0000 	 0.4890 
63.90 	 3.2051 	 0.4887 
64.00 	 0.0000 	 0.4894 
64.10 	 0.0000 	 0.4892 
64.20 	 0.0000 	 0.4894 
64.30 	 3.2051 	 0.4894 
64.40 	 0.0000 	 0.4893 
64.50 	 0.0000 	 0.4891 
64.60 	 0.0000 	 0.4888 
64.70 	 0.0000 	 0.4897 
64.80 	 0.0000 	 0.4894 
64.90 	 0.0000 	 0.4863 
65.00 	 0.0000 	 0.4864 
65.10 	 0.0000 	 0.4855 
65.20 	 0.0000 	 0.4852 
65.30 	 0.0000 	 0.4847 
65.40 	 3.2051 	 0.4849 
65.50 	 3.2051 	 0.4846 
65.60 	 0.0000 	 0.4855 
65.70 	 0.0000 	 0.4846 
65.80 	 0.0000 	 0.4846 
65.90 	 0.0000 	 0.4844 
66.00 	 0.0000 	 0.4841 
66.10 	 0.0000 	 0.4836 
66.20 	 3.2051 	 0.4840 
66.30 	 0.0000 	 0.4833 
66.40 	 0.0000 	 0.4837 
66.50 	 0.0000 	 0.4835 
66.60 	 0.0000 	 0.4838 
66.70 	 0.0000 	 0.4836 
66.80 	 0.0000 	 0.4835 
66.90 	 3.2051 	 0.4839 
67.00 	 0.0000 	 0.4838 
67.10 	 0.0000 	 0.4840 
67.20 	 0.0000 	 0.4843 
67.30 	 0.0000 	 0.4846 
67.40 	 3.2051 	 0.4846 
67.50 	 0.0000 	 0.4853 
67.60 	 0.0000 	 0.4853 
67.70 	 0.0000 	 0.4851 
67.80 	 0.0000 	 0.4858 
67.90 	 0.0000 	 0.4854 
68.00 	 0.0000 	 0.4855 
68.10 	 3.2051 	 0.4821 
68.20 	 0.0000 	 0.4827 
68.30 	 0.0000 	 0.4821 
68.40 	 0.0000 	 0.4823 
68.50 	 3.2051 	 0.4816 
68.60 	 0.0000 	 0.4815 
68.70 	 0.0000 	 0.4821 
68.80 	 0.0000 	 0.4820 
68.90 	 0.0000 	 0.4825 
69.00 	 3.2051 	 0.4819 
69.10 	 0.0000 	 0.4821 
69.20 	 0.0000 	 0.4816 
69.30 	 0.0000 	 0.4819 
69.40 	 0.0000 	 0.4815 
69.50 	 0.0000 	 0.4824 
69.60 	 3.2051 	 0.4815 
69.70 	 0.0000 	 0.4820 
69.80 	 0.0000 	 0.4816 
69.90 	 0.0000 	 0.4824 
70.00 	 0.0000 	 0.4819 
70.10 	 0.0000 	 0.4820 
70.20 	 0.0000 	 0.4825 
70.30 	 0.0000 	 0.4823 
70.40 	 3.2051 	 0.4824 
70.50 	 0.0000 	 0.4818 
70.60 	 0.0000 	 0.4816 
70.70 	 0.0000 	 0.4817 
70.80 	 0.0000 	 0.4818 
70.90 	 3.2051 	 0.4816 
71.00 	 0.0000 	 0.4823 
71.10 	 0.0000 	 0.4821 
71.20 	 0.0000 	 0.4815 
71.30 	 0.0000 	 0.4815 
71.40 	 0.0000 	 0.4817 
71.50 	 3.2051 	 0.4822 
71.60 	 0.0000 	 0.4823 
71.70 	 0.0000 	 0.4820 
71.80 	 0.0000 	 0.4815 
71.90 	 0.0000 	 0.4813 
72.00 	 3.2051 	 0.4808 
72.10 	 0.0000 	 0.4804 
72.20 	 0.0000 	 0.4801 
72.30 	 0.0000 	 0.4793 
72.40 	 0.0000 	 0.4798 
72.50 	 0.0000 	 0.4764 
72.60 	 0.0000 	 0.4755 
72.70 	 0.0000 	 0.4753 
72.80 	 3.2051 	 0.4742 
72.90 	 0.0000 	 0.4753 
73.00 	 0.0000 	 0.4757 
73.10 	 3.2051 	 0.4746 
73.20 	 0.0000 	 0.4741 
73.30 	 0.0000 	 0.4738 
73.40 	 0.0000 	 0.4740 
73.50 	 3.2051 	 0.4736 
73.60 	 0.0000 	 0.4733 
73.70 	 0.0000 	 0.4727 
73.80 	 0.0000 	 0.4716 
73.90 	 0.0000 	 0.4712 
74.00 	 0.0000 	 0.4711 
74.10 	 0.0000 	 0.4711 
74.20 	 0.0000 	 0.4705 
74.30 	 0.0000 	 0.4701 
74.40 	 3.2051 	 0.4704 
74.50 	 0.0000 	 0.4706 
74.60 	 0.0000 	 0.4707 
74.70 	 3.2051 	 0.4710 
74.80 	 0.0000 	 0.4705 
74.90 	 0.0000 	 0.4711 
75.00 	 0.0000 	 0.4714 
75.10 	 3.2051 	 0.4709 
75.20 	 0.0000 	 0.4707 
75.30 	 0.0000 	 0.4704 
75.40 	 0.0000 	 0.4704 
75.50 	 0.0000 	 0.4707 
75.60 	 0.0000 	 0.4713 
75.70 	 0.0000 	 0.4707 
75.80 	 0.0000 	 0.4698 
75.90 	 0.0000 	 0.4687 
76.00 	 0.0000 	 0.4696 
76.10 	 0.0000 	 0.4688 
76.20 	 0.0000 	 0.4680 
76.30 	 0.0000 	 0.4678 
76.40 	 6.4103 	 0.4672 
76.50 	 0.0000 	 0.4673 
76.60 	 0.0000 	 0.4665 
76.70 	 0.0000 	 0.4663 
76.80 	 0.0000 	 0.4656 
76.90 	 0.0000 	 0.4661 
77.00 	 0.0000 	 0.4660 
77.10 	 3.2051 	 0.4655 
77.20 	 0.0000 	 0.4652 
77.30 	 0.0000 	 0.4657 
77.40 	 0.0000 	 0.4656 
77.50 	 0.0000 	 0.4652 
77.60 	 0.0000 	 0.4650 
77.70 	 0.0000 	 0.4648 
77.80 	 0.0000 	 0.4640 
77.90 	 0.0000 	 0.4643 
78.00 	 0.0000 	 0.4634 
78.10 	 0.0000 	 0.4635 
78.20 	 0.0000 	 0.4641 
78.30 	 3.2051 	 0.4634 
78.40 	 3.2051 	 0.4630 
78.50 	 0.0000 	 0.4632 
78.60 	 0.0000 	 0.4632 
78.70 	 0.0000 	 0.4635 
78.80 	 0.0000 	 0.4637 
78.90 	 0.0000 	 0.4633 
79.00 	 0.0000 	 0.4633 
79.10 	 3.2051 	 0.4641 
79.20 	 0.0000 	 0.4644 
79.30 	 0.0000 	 0.4646 
79.40 	 0.0000 	 0.4647 
79.50 	 0.0000 	 0.4655 
79.60 	 0.0000 	 0.4652 
79.70 	 0.0000 	 0.4656 
79.80 	 0.0000 	 0.4662 
79.90 	 0.0000 	 0.4667 
80.00 	 0.0000 	 0.4662 
80.10 	 0.0000 	 0.4659 
80.20 	 3.2051 	 0.4657 
80.30 	 3.2051 	 0.4658 
80.40 	 0.0000 	 0.4654 
80.50 	 0.0000 	 0.4646 
80.60 	 0.0000 	 0.4641 
80.70 	 3.2051 	 0.4607 
80.80 	 0.0000 	 0.4599 
80.90 	 0.0000 	 0.4596 
81.00 	 0.0000 	 0.4566 
81.10 	 0.0000 	 0.4560 
81.20 	 0.0000 	 0.4556 
81.30 	 0.0000 	 0.4560 
81.40 	 0.0000 	 0.4556 
81.50 	 0.0000 	 0.4557 
81.60 	 0.0000 	 0.4555 
81.70 	 0.0000 	 0.4556 
81.80 	 3.2051 	 0.4562 
81.90 	 0.0000 	 0.4555 
82.00 	 0.0000 	 0.4551 
82.10 	 0.0000 	 0.4543 
82.20 	 0.0000 	 0.4547 
82.30 	 3.2051 	 0.4550 
82.40 	 0.0000 	 0.4554 
82.50 	 3.2051 	 0.4559 
82.60 	 0.0000 	 0.4557 
82.70 	 0.0000 	 0.4547 
82.80 	 0.0000 	 0.4544 
82.90 	 0.0000 	 0.4544 
83.00 	 0.0000 	 0.4546 
83.10 	 0.0000 	 0.4543 
83.20 	 0.0000 	 0.4539 
83.30 	 0.0000 	 0.4542 
83.40 	 0.0000 	 0.4541 
83.50 	 0.0000 	 0.4542 
83.60 	 0.0000 	 0.4547 
83.70 	 3.2051 	 0.4546 
83.80 	 0.0000 	 0.4547 
83.90 	 0.0000 	 0.4558 
84.00 	 0.0000 	 0.4558 
84.10 	 0.0000 	 0.4559 
84.20 	 3.2051 	 0.4557 
84.30 	 0.0000 	 0.4562 
84.40 	 0.0000 	 0.4576 
84.50 	 0.0000 	 0.4578 
84.60 	 3.2051 	 0.4580 
84.70 	 0.0000 	 0.4588 
84.80 	 0.0000 	 0.4595 
84.90 	 0.0000 	 0.4599 
85.00 	 0.0000 	 0.4604 
85.10 	 0.0000 	 0.4607 
85.20 	 0.0000 	 0.4610 
85.30 	 0.0000 	 0.4621 
85.40 	 3.2051 	 0.4627 
85.50 	 0.0000 	 0.4639 
85.60 	 0.0000 	 0.4635 
85.70 	 0.0000 	 0.4641 
85.80 	 0.0000 	 0.4638 
85.90 	 0.0000 	 0.4642 
86.00 	 0.0000 	 0.4637 
86.10 	 3.2051 	 0.4644 
86.20 	 3.2051 	 0.4642 
86.30 	 0.0000 	 0.4650 
86.40 	 0.0000 	 0.4653 
86.50 	 0.0000 	 0.4653 
86.60 	 0.0000 	 0.4657 
86.70 	 0.0000 	 0.4653 
86.80 	 0.0000 	 0.4652 
86.90 	 3.2051 	 0.4651 
87.00 	 0.0000 	 0.4659 
87.10 	 0.0000 	 0.4661 
87.20 	 0.0000 	 0.4634 
87.30 	 0.0000 	 0.4634 
87.40 	 0.0000 	 0.4632 
87.50 	 0.0000 	 0.4631 
87.60 	 0.0000 	 0.4629 
87.70 	 0.0000 	 0.4632 
87.80 	 0.0000 	 0.4626 
87.90 	 0.0000 	 0.4629 
88.00 	 3.2051 	 0.4626 
88.10 	 0.0000 	 0.4625 
88.20 	 3.2051 	 0.4622 
88.30 	 0.0000 	 0.4625 
88.40 	 0.0000 	 0.4618 
88.50 	 0.0000 	 0.4612 
88.60 	 0.0000 	 0.4617 
88.70 	 0.0000 	 0.4615 
88.80 	 0.0000 	 0.4613 
88.90 	 0.0000 	 0.4609 
89.00 	 0.0000 	 0.4613 
89.10 	 3.2051 	 0.4610 
89.20 	 0.0000 	 0.4611 
89.30 	 0.0000 	 0.4614 
89.40 	 0.0000 	 0.4612 
89.50 	 0.0000 	 0.4617 
89.60 	 0.0000 	 0.4624 
89.70 	 0.0000 	 0.4627 
89.80 	 0.0000 	 0.4623 
89.90 	 0.0000 	 0.4633 
90.00 	 3.2051 	 0.4635 
90.10 	 0.0000 	 0.4637 
90.20 	 3.2051 	 0.4635 
90.30 	 0.0000 	 0.4631 
90.40 	 0.0000 	 0.4637 
90.50 	 0.0000 	 0.4632 
90.60 	 0.0000 	 0.4636 
90.70 	 0.0000 	 0.4636 
90.80 	 0.0000 	 0.4631 
90.90 	 0.0000 	 0.4619 
91.00 	 3.2051 	 0.4626 
91.10 	 0.0000 	 0.4626 
91.20 	 3.2051 	 0.4622 
91.30 	 0.0000 	 0.4620 
91.40 	 0.0000 	 0.4618 
91.50 	 0.0000 	 0.4613 
91.60 	 0.0000 	 0.4605 
91.70 	 0.0000 	 0.4600 
91.80 	 0.0000 	 0.4595 
91.90 	 0.0000 	 0.4600 
92.00 	 0.0000 	 0.4601 
92.10 	 0.0000 	 0.4601 
92.20 	 0.0000 	 0.4595 
92.30 	 0.0000 	 0.4600 
92.40 	 0.0000 	 0.4597 
92.50 	 0.0000 	 0.4589 
92.60 	 0.0000 	 0.4585 
92.70 	 3.2051 	 0.4584 
92.80 	 0.0000 	 0.4585 
92.90 	 0.0000 	 0.4582 
93.00 	 0.0000 	 0.4589 
93.10 	 6.4103 	 0.4586 
93.20 	 0.0000 	 0.4586 
93.30 	 0.0000 	 0.4587 
93.40 	 0.0000 	 0.4587 
93.50 	 0.0000 	 0.4583 
93.60 	 0.0000 	 0.4584 
93.70 	 0.0000 	 0.4587 
93.80 	 0.0000 	 0.4585 
93.90 	 0.0000 	 0.4583 
94.00 	 0.0000 	 0.4580 
94.10 	 0.0000 	 0.4585 
94.20 	 0.0000 	 0.4580 
94.30 	 0.0000 	 0.4578 
94.40 	 0.0000 	 0.4586 
94.50 	 3.2051 	 0.4578 
94.60 	 0.0000 	 0.4571 
94.70 	 0.0000 	 0.4563 
94.80 	 0.0000 	 0.4544 
94.90 	 0.0000 	 0.4542 
95.00 	 0.0000 	 0.4536 
95.10 	 3.2051 	 0.4537 
95.20 	 3.2051 	 0.4540 
95.30 	 0.0000 	 0.4540 
95.40 	 0.0000 	 0.4536 
95.50 	 0.0000 	 0.4537 
95.60 	 0.0000 	 0.4539 
95.70 	 0.0000 	 0.4539 
95.80 	 0.0000 	 0.4535 
95.90 	 0.0000 	 0.4529 
96.00 	 3.2051 	 0.4527 
96.10 	 0.0000 	 0.4516 
96.20 	 0.0000 	 0.4514 
96.30 	 0.0000 	 0.4510 
96.40 	 0.0000 	 0.4503 
96.50 	 0.0000 	 0.4502 
96.60 	 0.0000 	 0.4496 
96.70 	 0.0000 	 0.4490 
96.80 	 0.0000 	 0.4484 
96.90 	 3.2051 	 0.4480 
97.00 	 0.0000 	 0.4475 
97.10 	 0.0000 	 0.4483 
97.20 	 3.2051 	 0.4478 
97.30 	 0.0000 	 0.4474 
97.40 	 0.0000 	 0.4467 
97.50 	 0.0000 	 0.4465 
97.60 	 0.0000 	 0.4455 
97.70 	 0.0000 	 0.4451 
97.80 	 0.0000 	 0.4449 
97.90 	 0.0000 	 0.4446 
98.00 	 0.0000 	 0.4446 
98.10 	 0.0000 	 0.4441 
98.20 	 0.0000 	 0.4442 
98.30 	 3.2051 	 0.4441 
98.40 	 0.0000 	 0.4442 
98.50 	 0.0000 	 0.4442 
98.60 	 0.0000 	 0.4442 
98.70 	 0.0000 	 0.4442 
98.80 	 3.2051 	 0.4455 
98.90 	 3.2051 	 0.4459 
99.00 	 0.0000 	 0.4459 
99.10 	 0.0000 	 0.4462 
99.20 	 0.0000 	 0.4462 
99.30 	 0.0000 	 0.4464 
99.40 	 0.0000 	 0.4472 
99.50 	 0.0000 	 0.4478 
99.60 	 0.0000 	 0.4482 
99.70 	 0.0000 	 0.4488 
99.80 	 0.0000 	 0.4491 
99.90 	 0.0000 	 0.4491 
100.00 	 0.0000 	 0.4499 
100.10 	 0.0000 	 0.4505 
100.20 	 0.0000 	 0.4512 
100.30 	 3.2051 	 0.4521 
100.40 	 0.0000 	 0.4524 
100.50 	 0.0000 	 0.4528 
100.60 	 3.2051 	 0.4530 
100.70 	 0.0000 	 0.4539 
100.80 	 0.0000 	 0.4540 
100.90 	 3.2051 	 0.4541 
101.00 	 0.0000 	 0.4551 
101.10 	 0.0000 	 0.4555 
101.20 	 0.0000 	 0.4557 
101.30 	 0.0000 	 0.4568 
101.40 	 0.0000 	 0.4570 
101.50 	 3.2051 	 0.4576 
101.60 	 0.0000 	 0.4577 
101.70 	 0.0000 	 0.4583 
101.80 	 0.0000 	 0.4584 
101.90 	 0.0000 	 0.4587 
102.00 	 0.0000 	 0.4587 
102.10 	 3.2051 	 0.4584 
102.20 	 0.0000 	 0.4566 
102.30 	 0.0000 	 0.4566 
102.40 	 0.0000 	 0.4571 
102.50 	 0.0000 	 0.4568 
102.60 	 0.0000 	 0.4564 
102.70 	 0.0000 	 0.4565 
102.80 	 0.0000 	 0.4541 
102.90 	 0.0000 	 0.4540 
103.00 	 0.0000 	 0.4534 
103.10 	 0.0000 	 0.4536 
103.20 	 0.0000 	 0.4536 
103.30 	 0.0000 	 0.4530 
103.40 	 0.0000 	 0.4535 
103.50 	 0.0000 	 0.4535 
103.60 	 0.0000 	 0.4535 
103.70 	 0.0000 	 0.4529 
103.80 	 0.0000 	 0.4528 
103.90 	 3.2051 	 0.4529 
104.00 	 0.0000 	 0.4525 
104.10 	 0.0000 	 0.4529 
104.20 	 0.0000 	 0.4527 
104.30 	 3.2051 	 0.4528 
104.40 	 0.0000 	 0.4525 
104.50 	 0.0000 	 0.4520 
104.60 	 0.0000 	 0.4513 
104.70 	 0.0000 	 0.4514 
104.80 	 0.0000 	 0.4517 
104.90 	 0.0000 	 0.4519 
105.00 	 3.2051 	 0.4514 
105.10 	 0.0000 	 0.4519 
105.20 	 0.0000 	 0.4524 
105.30 	 0.0000 	 0.4525 
105.40 	 0.0000 	 0.4531 
105.50 	 0.0000 	 0.4527 
105.60 	 0.0000 	 0.4531 
105.70 	 0.0000 	 0.4537 
105.80 	 0.0000 	 0.4547 
105.90 	 0.0000 	 0.4541 
106.00 	 0.0000 	 0.4544 
106.10 	 0.0000 	 0.4541 
106.20 	 3.2051 	 0.4545 
106.30 	 3.2051 	 0.4543 
106.40 	 0.0000 	 0.4548 
106.50 	 0.0000 	 0.4544 
106.60 	 0.0000 	 0.4537 
106.70 	 0.0000 	 0.4533 
106.80 	 3.2051 	 0.4535 
106.90 	 3.2051 	 0.4530 
107.00 	 0.0000 	 0.4531 
107.10 	 0.0000 	 0.4533 
107.20 	 0.0000 	 0.4531 
107.30 	 0.0000 	 0.4527 
107.40 	 0.0000 	 0.4527 
107.50 	 0.0000 	 0.4522 
107.60 	 0.0000 	 0.4516 
107.70 	 0.0000 	 0.4514 
107.80 	 0.0000 	 0.4516 
107.90 	 0.0000 	 0.4512 
108.00 	 0.0000 	 0.4508 
108.10 	 3.2051 	 0.4509 
108.20 	 0.0000 	 0.4506 
108.30 	 0.0000 	 0.4504 
108.40 	 0.0000 	 0.4499 
108.50 	 0.0000 	 0.4491 
108.60 	 0.0000 	 0.4495 
108.70 	 0.0000 	 0.4475 
108.80 	 3.2051 	 0.4473 
108.90 	 0.0000 	 0.4479 
109.00 	 0.0000 	 0.4477 
109.10 	 0.0000 	 0.4472 
109.20 	 0.0000 	 0.4476 
109.30 	 0.0000 	 0.4482 
109.40 	 0.0000 	 0.4480 
109.50 	 0.0000 	 0.4475 
109.60 	 0.0000 	 0.4470 
109.70 	 0.0000 	 0.4468 
109.80 	 0.0000 	 0.4465 
109.90 	 0.0000 	 0.4465 
110.00 	 0.0000 	 0.4467 
110.10 	 0.0000 	 0.4468 
110.20 	 6.4103 	 0.4469 
110.30 	 0.0000 	 0.4472 
110.40 	 0.0000 	 0.4469 
110.50 	 0.0000 	 0.4468 
110.60 	 0.0000 	 0.4467 
110.70 	 0.0000 	 0.4464 
110.80 	 0.0000 	 0.4459 
110.90 	 0.0000 	 0.4460 
111.00 	 0.0000 	 0.4452 
111.10 	 0.0000 	 0.4451 
111.20 	 0.0000 	 0.4445 
111.30 	 3.2051 	 0.4442 
111.40 	 0.0000 	 0.4438 
111.50 	 0.0000 	 0.4436 
111.60 	 0.0000 	 0.4427 
111.70 	 0.0000 	 0.4425 
111.80 	 0.0000 	 0.4428 
111.90 	 3.2051 	 0.4434 
112.00 	 0.0000 	 0.4433 
112.10 	 0.0000 	 0.4439 
112.20 	 0.0000 	 0.4436 
112.30 	 0.0000 	 0.4437 
112.40 	 3.2051 	 0.4446 
112.50 	 0.0000 	 0.4457 
112.60 	 0.0000 	 0.4452 
112.70 	 0.0000 	 0.4456 
112.80 	 0.0000 	 0.4455 
112.90 	 0.0000 	 0.4458 
113.00 	 0.0000 	 0.4465 
113.10 	 0.0000 	 0.4470 
113.20 	 0.0000 	 0.4473 
113.30 	 0.0000 	 0.4479 
113.40 	 0.0000 	 0.4475 
113.50 	 0.0000 	 0.4475 
113.60 	 3.2051 	 0.4482 
113.70 	 0.0000 	 0.4479 
113.80 	 0.0000 	 0.4482 
113.90 	 0.0000 	 0.4482 
114.00 	 3.2051 	 0.4489 
114.10 	 0.0000 	 0.4491 
114.20 	 0.0000 	 0.4494 
114.30 	 0.0000 	 0.4497 
114.40 	 0.0000 	 0.4506 
114.50 	 3.2051 	 0.4519 
114.60 	 0.0000 	 0.4526 
114.70 	 0.0000 	 0.4532 
114.80 	 0.0000 	 0.4544 
114.90 	 0.0000 	 0.4539 
115.00 	 0.0000 	 0.4542 
115.10 	 0.0000 	 0.4539 
115.20 	 0.0000 	 0.4542 
115.30 	 0.0000 	 0.4540 
115.40 	 0.0000 	 0.4534 
115.50 	 0.0000 	 0.4537 
115.60 	 0.0000 	 0.4509 
115.70 	 3.2051 	 0.4507 
115.80 	 0.0000 	 0.4509 
115.90 	 0.0000 	 0.4507 
116.00 	 3.2051 	 0.4507 
116.10 	 0.0000 	 0.4511 
116.20 	 0.0000 	 0.4517 
116.30 	 0.0000 	 0.4514 
116.40 	 0.0000 	 0.4518 
116.50 	 0.0000 	 0.4522 
116.60 	 0.0000 	 0.4519 
116.70 	 0.0000 	 0.4515 
116.80 	 0.0000 	 0.4515 
116.90 	 0.0000 	 0.4518 
117.00 	 0.0000 	 0.4513 
117.10 	 0.0000 	 0.4513 
117.20 	 0.0000 	 0.4513 
117.30 	 0.0000 	 0.4514 
117.40 	 3.2051 	 0.4515 
117.50 	 0.0000 	 0.4507 
117.60 	 0.0000 	 0.4508 
117.70 	 0.0000 	 0.4508 
117.80 	 0.0000 	 0.4508 
117.90 	 3.2051 	 0.4503 
118.00 	 0.0000 	 0.4504 
118.10 	 0.0000 	 0.4503 
118.20 	 0.0000 	 0.4507 
118.30 	 0.0000 	 0.4511 
118.40 	 0.0000 	 0.4510 
118.50 	 0.0000 	 0.4507 
118.60 	 0.0000 	 0.4508 
118.70 	 0.0000 	 0.4502 
118.80 	 0.0000 	 0.4500 
118.90 	 3.2051 	 0.4496 
119.00 	 0.0000 	 0.4494 
119.10 	 0.0000 	 0.4498 
119.20 	 3.2051 	 0.4496 
119.30 	 0.0000 	 0.4495 
119.40 	 0.0000 	 0.4496 
119.50 	 0.0000 	 0.4500 
119.60 	 0.0000 	 0.4500 
119.70 	 0.0000 	 0.4496 
119.80 	 0.0000 	 0.4496 
119.90 	 0.0000 	 0.4493 
120.00 	 0.0000 	 0.4493 
120.10 	 3.2051 	 0.4503 
120.20 	 0.0000 	 0.4509 
120.30 	 3.2051 	 0.4509 
120.40 	 0.0000 	 0.4514 
120.50 	 0.0000 	 0.4513 
120.60 	 0.0000 	 0.4514 
120.70 	 0.0000 	 0.4511 
120.80 	 3.2051 	 0.4517 
120.90 	 0.0000 	 0.4512 
121.00 	 0.0000 	 0.4511 
121.10 	 0.0000 	 0.4501 
121.20 	 0.0000 	 0.4508 
121.30 	 0.0000 	 0.4503 
121.40 	 3.2051 	 0.4502 
121.50 	 0.0000 	 0.4497 
121.60 	 0.0000 	 0.4502 
121.70 	 0.0000 	 0.4507 
121.80 	 0.0000 	 0.4503 
121.90 	 0.0000 	 0.4501 
122.00 	 3.2051 	 0.4507 
122.10 	 3.2051 	 0.4510 
122.20 	 0.0000 	 0.4513 
122.30 	 0.0000 	 0.4505 
122.40 	 0.0000 	 0.4501 
122.50 	 3.2051 	 0.4491 
122.60 	 0.0000 	 0.4489 
122.70 	 0.0000 	 0.4481 
122.80 	 0.0000 	 0.4475 
122.90 	 0.0000 	 0.4468 
123.00 	 0.0000 	 0.4463 
123.10 	 0.0000 	 0.4456 
123.20 	 0.0000 	 0.4455 
123.30 	 0.0000 	 0.4458 
123.40 	 0.0000 	 0.4459 
123.50 	 0.0000 	 0.4457 
123.60 	 0.0000 	 0.4454 
123.70 	 0.0000 	 0.4453 
123.80 	 0.0000 	 0.4451 
123.90 	 0.0000 	 0.4457 
124.00 	 0.0000 	 0.4460 
124.10 	 0.0000 	 0.4460 
124.20 	 0.0000 	 0.4458 
124.30 	 0.0000 	 0.4457 
124.40 	 0.0000 	 0.4454 
124.50 	 0.0000 	 0.4456 
124.60 	 0.0000 	 0.4455 
124.70 	 0.0000 	 0.4450 
124.80 	 0.0000 	 0.4451 
124.90 	 0.0000 	 0.4446 
125.00 	 0.0000 	 0.4441 
125.10 	 0.0000 	 0.4439 
125.20 	 3.2051 	 0.4448 
125.30 	 0.0000 	 0.4446 
125.40 	 0.0000 	 0.4409 
125.50 	 0.0000 	 0.4406 
125.60 	 0.0000 	 0.4414 
125.70 	 0.0000 	 0.4422 
125.80 	 0.0000 	 0.4425 
125.90 	 0.0000 	 0.4424 
126.00 	 0.0000 	 0.4428 
126.10 	 3.2051 	 0.4433 
126.20 	 0.0000 	 0.4442 
126.30 	 3.2051 	 0.4452 
126.40 	 0.0000 	 0.4455 
126.50 	 0.0000 	 0.4469 
126.60 	 0.0000 	 0.4469 
126.70 	 0.0000 	 0.4470 
126.80 	 0.0000 	 0.4477 
126.90 	 0.0000 	 0.4484 
127.00 	 0.0000 	 0.4485 
127.10 	 0.0000 	 0.4485 
127.20 	 0.0000 	 0.4484 
127.30 	 0.0000 	 0.4496 
127.40 	 3.2051 	 0.4501 
127.50 	 0.0000 	 0.4503 
127.60 	 0.0000 	 0.4503 
127.70 	 6.4103 	 0.4506 
127.80 	 0.0000 	 0.4520 
127.90 	 0.0000 	 0.4523 
128.00 	 0.0000 	 0.4521 
128.10 	 0.0000 	 0.4522 
128.20 	 0.0000 	 0.4524 
128.30 	 0.0000 	 0.4524 
128.40 	 0.0000 	 0.4527 
128.50 	 0.0000 	 0.4520 
128.60 	 0.0000 	 0.4521 
128.70 	 0.0000 	 0.4518 
128.80 	 0.0000 	 0.4526 
128.90 	 0.0000 	 0.4536 
129.00 	 0.0000 	 0.4548 
129.10 	 3.2051 	 0.4554 
129.20 	 3.2051 	 0.4554 
129.30 	 0.0000 	 0.4553 
129.40 	 0.0000 	 0.4552 
129.50 	 0.0000 	 0.4552 
129.60 	 0.0000 	 0.4549 
129.70 	 3.2051 	 0.4545 
129.80 	 0.0000 	 0.4545 
129.90 	 0.0000 	 0.4547 
130.00 	 0.0000 	 0.4547 
130.10 	 0.0000 	 0.4546 
