# Optimal flow dependent on time 
 # Aggressives: 1 
0.05 	 0.9167 
0.10 	 0.9167 
0.15 	 0.9167 
0.20 	 0.9167 
0.25 	 0.9167 
0.30 	 0.9167 
0.35 	 0.9167 
0.40 	 0.9167 
0.45 	 0.9167 
0.50 	 0.9167 
0.55 	 0.9167 
0.60 	 0.9167 
0.65 	 0.9167 
0.70 	 0.9167 
0.75 	 0.9167 
0.80 	 0.9167 
0.85 	 0.9167 
0.90 	 0.9167 
0.95 	 0.9167 
1.00 	 0.9167 
1.05 	 0.9167 
1.10 	 0.9167 
1.15 	 0.9167 
1.20 	 0.9167 
1.25 	 0.9167 
1.30 	 0.9167 
1.35 	 0.9167 
1.40 	 0.9167 
1.45 	 0.9167 
1.50 	 0.9167 
1.55 	 0.9167 
1.60 	 0.9167 
1.65 	 0.9167 
1.70 	 0.9167 
1.75 	 0.9167 
1.80 	 0.9167 
1.85 	 0.9167 
1.90 	 0.9167 
1.95 	 0.9167 
2.00 	 0.9167 
2.05 	 0.9167 
2.10 	 0.9167 
2.15 	 0.9167 
2.20 	 0.9167 
2.25 	 0.9167 
2.30 	 0.9167 
2.35 	 0.9167 
2.40 	 0.9167 
2.45 	 0.9167 
2.50 	 0.9167 
2.55 	 0.9167 
2.60 	 0.9167 
2.65 	 0.9167 
2.70 	 0.9167 
2.75 	 0.9167 
2.80 	 0.9167 
2.85 	 0.9167 
2.90 	 0.9167 
2.95 	 0.9167 
3.00 	 0.9167 
3.05 	 0.9167 
3.10 	 0.9167 
3.15 	 0.9167 
3.20 	 0.9167 
3.25 	 0.9167 
3.30 	 0.9167 
3.35 	 0.9167 
3.40 	 0.9167 
3.45 	 0.9167 
3.50 	 0.9167 
3.55 	 0.9167 
3.60 	 0.9167 
3.65 	 0.9167 
3.70 	 0.9167 
3.75 	 0.9167 
3.80 	 0.9167 
3.85 	 0.9167 
3.90 	 0.9167 
3.95 	 0.9167 
4.00 	 0.9167 
4.05 	 0.9167 
4.10 	 0.9167 
4.15 	 0.9167 
4.20 	 0.9167 
4.25 	 0.9167 
4.30 	 0.9167 
4.35 	 0.9167 
4.40 	 0.9167 
4.45 	 0.9167 
4.50 	 0.9167 
4.55 	 0.9167 
4.60 	 0.9167 
4.65 	 0.9167 
4.70 	 0.9167 
4.75 	 0.9167 
4.80 	 0.9167 
4.85 	 0.9167 
4.90 	 0.9167 
4.95 	 0.9167 
5.00 	 0.9167 
5.05 	 0.9167 
5.10 	 0.9167 
5.15 	 0.9167 
5.20 	 0.9167 
5.25 	 0.9167 
5.30 	 0.9167 
5.35 	 0.9167 
5.40 	 0.9167 
5.45 	 0.9167 
5.50 	 0.9167 
5.55 	 0.9167 
5.60 	 1.0000 
5.65 	 1.0000 
5.70 	 1.0000 
5.75 	 1.0000 
5.80 	 1.0000 
5.85 	 1.0000 
5.90 	 1.0000 
5.95 	 1.0000 
6.00 	 1.0000 
6.05 	 1.0000 
6.10 	 1.0000 
6.15 	 1.0000 
6.20 	 1.0000 
6.25 	 1.0000 
6.30 	 1.0000 
6.35 	 1.0000 
6.40 	 1.0000 
6.45 	 1.0000 
6.50 	 1.0000 
6.55 	 1.0000 
6.60 	 1.0000 
6.65 	 1.0000 
6.70 	 1.0000 
6.75 	 1.0000 
6.80 	 1.0000 
6.85 	 1.0000 
6.90 	 1.0000 
6.95 	 1.0000 
7.00 	 1.0000 
7.05 	 1.0000 
7.10 	 1.0000 
7.15 	 1.0000 
7.20 	 1.0000 
7.25 	 1.0000 
7.30 	 1.0000 
7.35 	 1.0000 
7.40 	 1.0000 
7.45 	 1.0000 
7.50 	 1.0000 
7.55 	 1.0000 
7.60 	 1.0000 
7.65 	 1.0000 
7.70 	 1.0000 
7.75 	 1.0000 
7.80 	 1.0000 
7.85 	 1.0000 
7.90 	 1.0000 
7.95 	 1.0000 
8.00 	 1.0000 
8.05 	 1.0000 
8.10 	 1.0000 
8.15 	 1.0000 
8.20 	 1.0000 
8.25 	 1.0000 
8.30 	 1.0000 
8.35 	 1.0000 
8.40 	 1.0000 
8.45 	 1.0000 
8.50 	 0.9167 
8.55 	 1.0000 
8.60 	 1.0000 
8.65 	 1.0000 
8.70 	 1.0000 
8.75 	 1.0000 
8.80 	 1.0000 
8.85 	 1.0000 
8.90 	 1.0000 
8.95 	 1.0000 
9.00 	 1.0000 
9.05 	 1.0000 
9.10 	 1.0833 
9.15 	 1.0833 
9.20 	 1.0833 
9.25 	 1.0833 
9.30 	 1.0833 
9.35 	 1.0833 
9.40 	 1.0833 
9.45 	 1.0833 
9.50 	 1.0833 
9.55 	 1.0833 
9.60 	 1.0833 
9.65 	 1.0833 
9.70 	 1.0833 
9.75 	 1.0833 
9.80 	 1.0833 
9.85 	 1.0833 
9.90 	 1.0833 
9.95 	 1.0833 
10.00 	 1.0833 
10.05 	 1.0833 
10.10 	 1.0833 
10.15 	 1.0833 
10.20 	 1.0833 
10.25 	 1.0833 
10.30 	 1.0833 
10.35 	 1.0833 
10.40 	 1.0833 
10.45 	 1.0833 
10.50 	 1.0833 
10.55 	 1.0833 
10.60 	 1.0833 
10.65 	 1.0833 
10.70 	 1.0833 
10.75 	 1.0833 
10.80 	 1.0833 
10.85 	 1.0833 
10.90 	 1.0833 
10.95 	 1.0833 
11.00 	 1.0833 
11.05 	 1.0833 
11.10 	 1.0833 
11.15 	 1.0833 
11.20 	 1.0833 
11.25 	 1.0833 
11.30 	 1.0833 
11.35 	 1.0833 
11.40 	 1.0833 
11.45 	 1.0833 
11.50 	 1.0833 
11.55 	 1.0833 
11.60 	 1.0833 
11.65 	 1.0833 
11.70 	 1.0833 
11.75 	 1.0833 
11.80 	 1.0833 
11.85 	 1.0833 
11.90 	 1.0833 
11.95 	 1.0833 
12.00 	 1.0833 
12.05 	 1.0833 
12.10 	 1.0833 
12.15 	 1.0833 
12.20 	 1.0833 
12.25 	 1.0833 
12.30 	 1.0833 
12.35 	 1.0833 
12.40 	 1.0833 
12.45 	 1.0833 
12.50 	 1.0833 
12.55 	 1.0833 
12.60 	 1.0833 
12.65 	 1.0833 
12.70 	 1.0833 
12.75 	 1.0833 
12.80 	 1.0833 
12.85 	 1.0833 
12.90 	 1.0833 
12.95 	 1.0833 
13.00 	 1.0833 
13.05 	 1.0833 
13.10 	 1.0833 
13.15 	 1.0833 
13.20 	 1.0833 
13.25 	 1.0833 
13.30 	 1.0833 
13.35 	 1.0833 
13.40 	 1.0833 
13.45 	 1.0833 
13.50 	 1.0833 
13.55 	 1.0833 
13.60 	 1.0833 
13.65 	 1.0833 
13.70 	 1.0833 
13.75 	 1.0833 
13.80 	 1.0833 
13.85 	 1.0833 
13.90 	 1.0833 
13.95 	 1.0833 
14.00 	 1.0833 
14.05 	 1.0833 
14.10 	 1.0833 
14.15 	 1.0833 
14.20 	 1.0833 
14.25 	 1.0833 
14.30 	 1.0833 
14.35 	 1.0833 
14.40 	 1.0833 
14.45 	 1.0833 
14.50 	 1.0833 
14.55 	 1.0833 
14.60 	 1.0833 
14.65 	 1.0833 
14.70 	 1.0833 
14.75 	 1.0833 
14.80 	 1.0833 
14.85 	 1.0833 
14.90 	 1.0833 
14.95 	 1.0833 
15.00 	 1.0833 
15.05 	 1.0833 
15.10 	 1.0833 
15.15 	 1.0833 
15.20 	 1.0833 
15.25 	 1.0833 
15.30 	 1.0833 
15.35 	 1.0833 
15.40 	 1.0833 
15.45 	 1.0833 
15.50 	 1.0833 
15.55 	 1.1667 
15.60 	 1.0833 
15.65 	 1.0833 
15.70 	 1.0833 
15.75 	 1.0833 
15.80 	 1.0833 
15.85 	 1.0833 
15.90 	 1.0833 
15.95 	 1.0833 
16.00 	 1.0833 
16.05 	 1.0833 
16.10 	 1.0833 
16.15 	 1.0833 
16.20 	 1.0833 
16.25 	 1.0833 
16.30 	 1.0833 
16.35 	 1.0833 
16.40 	 1.0833 
16.45 	 1.0833 
16.50 	 1.0833 
16.55 	 1.0833 
16.60 	 1.0833 
16.65 	 1.0833 
16.70 	 1.0833 
16.75 	 1.0833 
16.80 	 1.0833 
16.85 	 1.0833 
16.90 	 1.0833 
16.95 	 1.0833 
17.00 	 1.0833 
17.05 	 1.0833 
17.10 	 1.0833 
17.15 	 1.0833 
17.20 	 1.0833 
17.25 	 1.0833 
17.30 	 1.0833 
17.35 	 1.0833 
17.40 	 1.0833 
17.45 	 1.0833 
17.50 	 1.0833 
17.55 	 1.0833 
17.60 	 1.0833 
17.65 	 1.0833 
17.70 	 1.0833 
17.75 	 1.0833 
17.80 	 1.0833 
17.85 	 1.0833 
17.90 	 1.0833 
17.95 	 1.0833 
18.00 	 1.0833 
18.05 	 1.0833 
18.10 	 1.0833 
18.15 	 1.0833 
18.20 	 1.0833 
18.25 	 1.0833 
18.30 	 1.0833 
18.35 	 1.0833 
18.40 	 1.0833 
18.45 	 1.0833 
18.50 	 1.0833 
18.55 	 1.0000 
18.60 	 1.0000 
18.65 	 1.0000 
18.70 	 1.0000 
18.75 	 1.0000 
18.80 	 1.0000 
18.85 	 1.0000 
18.90 	 1.0000 
18.95 	 1.0000 
19.00 	 1.0000 
19.05 	 1.0000 
19.10 	 0.9167 
19.15 	 0.9167 
19.20 	 0.9167 
19.25 	 0.9167 
19.30 	 0.9167 
19.35 	 0.9167 
19.40 	 0.9167 
19.45 	 0.9167 
19.50 	 0.9167 
19.55 	 0.9167 
19.60 	 0.9167 
19.65 	 0.9167 
19.70 	 0.9167 
19.75 	 0.9167 
19.80 	 0.9167 
19.85 	 0.9167 
19.90 	 0.9167 
19.95 	 0.9167 
20.00 	 0.9167 
20.05 	 0.9167 
20.10 	 0.9167 
20.15 	 0.9167 
20.20 	 0.9167 
20.25 	 0.9167 
20.30 	 0.9167 
20.35 	 0.9167 
20.40 	 0.9167 
20.45 	 0.9167 
20.50 	 0.9167 
20.55 	 0.9167 
20.60 	 0.9167 
20.65 	 0.9167 
20.70 	 0.9167 
20.75 	 0.9167 
20.80 	 0.9167 
20.85 	 0.9167 
20.90 	 0.9167 
20.95 	 0.9167 
21.00 	 0.9167 
21.05 	 0.9167 
21.10 	 0.9167 
21.15 	 0.9167 
21.20 	 0.9167 
21.25 	 0.9167 
21.30 	 0.9167 
21.35 	 0.9167 
21.40 	 0.9167 
21.45 	 0.9167 
21.50 	 0.9167 
21.55 	 0.9167 
21.60 	 0.9167 
21.65 	 0.9167 
21.70 	 0.9167 
21.75 	 0.9167 
21.80 	 0.9167 
21.85 	 0.9167 
21.90 	 0.9167 
21.95 	 0.9167 
22.00 	 0.9167 
22.05 	 0.9167 
22.10 	 0.9167 
22.15 	 0.9167 
22.20 	 0.9167 
22.25 	 0.9167 
22.30 	 0.9167 
22.35 	 0.9167 
22.40 	 0.9167 
22.45 	 0.9167 
22.50 	 0.9167 
22.55 	 0.9167 
22.60 	 0.9167 
22.65 	 0.9167 
22.70 	 0.9167 
22.75 	 0.9167 
22.80 	 0.9167 
22.85 	 0.9167 
22.90 	 0.9167 
22.95 	 0.9167 
23.00 	 0.9167 
23.05 	 0.9167 
23.10 	 0.9167 
23.15 	 0.9167 
23.20 	 0.9167 
23.25 	 0.9167 
23.30 	 0.9167 
23.35 	 0.9167 
23.40 	 0.9167 
23.45 	 0.9167 
23.50 	 0.9167 
23.55 	 0.9167 
23.60 	 0.9167 
23.65 	 0.9167 
23.70 	 0.9167 
23.75 	 0.9167 
23.80 	 0.9167 
23.85 	 0.9167 
23.90 	 0.9167 
23.95 	 0.9167 
24.00 	 0.9167 
24.05 	 0.9167 
24.10 	 0.9167 
24.15 	 0.9167 
24.20 	 0.9167 
24.25 	 0.9167 
24.30 	 0.9167 
24.35 	 0.9167 
24.40 	 0.9167 
24.45 	 0.9167 
24.50 	 0.9167 
24.55 	 0.9167 
24.60 	 0.9167 
24.65 	 0.9167 
24.70 	 0.9167 
24.75 	 0.9167 
24.80 	 0.9167 
24.85 	 0.9167 
24.90 	 0.9167 
24.95 	 0.9167 
25.00 	 0.9167 
25.05 	 0.9167 
25.10 	 0.9167 
25.15 	 0.9167 
25.20 	 0.9167 
25.25 	 0.9167 
25.30 	 0.9167 
25.35 	 0.9167 
25.40 	 0.9167 
25.45 	 0.9167 
25.50 	 0.9167 
25.55 	 0.8333 
25.60 	 0.8333 
25.65 	 0.8333 
25.70 	 0.8333 
25.75 	 0.8333 
25.80 	 0.8333 
25.85 	 0.8333 
25.90 	 0.8333 
25.95 	 0.8333 
26.00 	 0.8333 
26.05 	 0.8333 
26.10 	 0.8333 
26.15 	 0.8333 
26.20 	 0.8333 
26.25 	 0.8333 
26.30 	 0.8333 
26.35 	 0.8333 
26.40 	 0.8333 
26.45 	 0.8333 
26.50 	 0.8333 
26.55 	 0.8333 
26.60 	 0.9167 
26.65 	 0.9167 
26.70 	 0.9167 
26.75 	 0.9167 
26.80 	 0.9167 
26.85 	 0.9167 
26.90 	 0.9167 
26.95 	 0.9167 
27.00 	 0.9167 
27.05 	 0.9167 
27.10 	 0.9167 
27.15 	 0.9167 
27.20 	 0.9167 
27.25 	 1.0000 
27.30 	 1.0000 
27.35 	 1.0000 
27.40 	 1.0000 
27.45 	 1.0000 
27.50 	 1.0000 
27.55 	 1.0000 
27.60 	 1.0000 
27.65 	 1.0000 
27.70 	 1.0000 
27.75 	 1.0000 
27.80 	 1.0000 
27.85 	 1.0000 
27.90 	 1.0000 
27.95 	 1.0000 
28.00 	 1.0000 
28.05 	 1.0000 
28.10 	 1.0000 
28.15 	 1.0000 
28.20 	 1.0000 
28.25 	 1.0000 
28.30 	 1.0000 
28.35 	 1.0000 
28.40 	 1.0000 
28.45 	 1.0000 
28.50 	 1.0000 
28.55 	 1.0000 
28.60 	 1.0000 
28.65 	 1.0000 
28.70 	 1.0000 
28.75 	 1.0000 
28.80 	 1.0000 
28.85 	 1.0000 
28.90 	 1.0000 
28.95 	 1.0000 
29.00 	 1.0000 
29.05 	 1.0000 
29.10 	 1.0000 
29.15 	 1.0000 
29.20 	 1.0000 
29.25 	 1.0000 
29.30 	 1.0000 
29.35 	 1.0000 
29.40 	 1.0000 
29.45 	 1.0000 
29.50 	 1.0000 
29.55 	 1.0000 
29.60 	 1.0000 
29.65 	 1.0000 
29.70 	 1.0000 
29.75 	 1.0000 
29.80 	 1.0000 
29.85 	 1.0000 
29.90 	 1.0000 
29.95 	 1.0000 
30.00 	 1.0000 
30.05 	 1.0000 
30.10 	 1.0000 
30.15 	 1.0000 
30.20 	 1.0000 
30.25 	 1.0000 
30.30 	 1.0000 
30.35 	 1.0000 
30.40 	 1.0000 
30.45 	 1.0000 
30.50 	 1.0833 
30.55 	 1.0833 
30.60 	 1.0833 
30.65 	 1.0833 
30.70 	 1.0833 
30.75 	 1.0833 
30.80 	 1.0833 
30.85 	 1.0833 
30.90 	 1.0833 
30.95 	 1.0833 
31.00 	 1.0833 
31.05 	 1.0833 
31.10 	 1.0833 
31.15 	 1.0833 
31.20 	 1.0833 
31.25 	 1.0833 
31.30 	 1.0833 
31.35 	 1.0833 
31.40 	 1.0833 
31.45 	 1.0833 
31.50 	 1.0833 
31.55 	 1.0833 
31.60 	 1.0833 
31.65 	 1.0833 
31.70 	 1.0833 
31.75 	 1.0833 
31.80 	 1.1667 
31.85 	 1.1667 
31.90 	 1.1667 
31.95 	 1.1667 
32.00 	 1.1667 
32.05 	 1.1667 
32.10 	 1.1667 
32.15 	 1.1667 
32.20 	 1.1667 
32.25 	 1.1667 
32.30 	 1.1667 
32.35 	 1.1667 
32.40 	 1.1667 
32.45 	 1.1667 
32.50 	 1.1667 
32.55 	 1.1667 
32.60 	 1.1667 
32.65 	 1.1667 
32.70 	 1.1667 
32.75 	 1.1667 
32.80 	 1.1667 
32.85 	 1.1667 
32.90 	 1.1667 
32.95 	 1.1667 
33.00 	 1.1667 
33.05 	 1.1667 
33.10 	 1.1667 
33.15 	 1.1667 
33.20 	 1.1667 
33.25 	 1.1667 
33.30 	 1.1667 
33.35 	 1.1667 
33.40 	 1.1667 
33.45 	 1.1667 
33.50 	 1.1667 
33.55 	 1.1667 
33.60 	 1.1667 
33.65 	 1.1667 
33.70 	 1.1667 
33.75 	 1.1667 
33.80 	 1.1667 
33.85 	 1.1667 
33.90 	 1.1667 
33.95 	 1.1667 
34.00 	 1.1667 
34.05 	 1.1667 
34.10 	 1.1667 
34.15 	 1.1667 
34.20 	 1.1667 
34.25 	 1.1667 
34.30 	 1.1667 
34.35 	 1.1667 
34.40 	 1.1667 
34.45 	 1.1667 
34.50 	 1.1667 
34.55 	 1.1667 
34.60 	 1.1667 
34.65 	 1.1667 
34.70 	 1.1667 
34.75 	 1.1667 
34.80 	 1.1667 
34.85 	 1.1667 
34.90 	 1.1667 
34.95 	 1.1667 
35.00 	 1.1667 
35.05 	 1.1667 
35.10 	 1.1667 
35.15 	 1.1667 
35.20 	 1.1667 
35.25 	 1.1667 
35.30 	 1.1667 
35.35 	 1.1667 
35.40 	 1.1667 
35.45 	 1.1667 
35.50 	 1.1667 
35.55 	 1.1667 
35.60 	 1.1667 
35.65 	 1.1667 
35.70 	 1.1667 
35.75 	 1.1667 
35.80 	 1.1667 
35.85 	 1.1667 
35.90 	 1.1667 
35.95 	 1.1667 
36.00 	 1.1667 
36.05 	 1.1667 
36.10 	 1.1667 
36.15 	 1.1667 
36.20 	 1.1667 
36.25 	 1.1667 
36.30 	 1.1667 
36.35 	 1.1667 
36.40 	 1.1667 
36.45 	 1.1667 
36.50 	 1.1667 
36.55 	 1.1667 
36.60 	 1.0833 
36.65 	 1.0833 
36.70 	 1.0833 
36.75 	 1.0833 
36.80 	 1.0833 
36.85 	 1.0833 
36.90 	 1.0833 
36.95 	 1.0833 
37.00 	 1.0833 
37.05 	 1.0833 
37.10 	 1.0833 
37.15 	 1.0833 
37.20 	 1.0833 
37.25 	 1.0000 
37.30 	 1.0000 
37.35 	 1.0000 
37.40 	 1.0000 
37.45 	 1.0000 
37.50 	 1.0000 
37.55 	 1.0000 
37.60 	 1.0000 
37.65 	 1.0000 
37.70 	 1.0000 
37.75 	 1.0000 
37.80 	 1.0000 
37.85 	 1.0000 
37.90 	 1.0000 
37.95 	 1.0000 
38.00 	 1.0000 
38.05 	 1.0000 
38.10 	 1.0000 
38.15 	 1.0000 
38.20 	 1.0000 
38.25 	 1.0000 
38.30 	 1.0000 
38.35 	 1.0000 
38.40 	 1.0000 
38.45 	 1.0000 
38.50 	 1.0833 
38.55 	 1.0833 
38.60 	 1.0833 
38.65 	 1.0833 
38.70 	 1.0833 
38.75 	 1.0833 
38.80 	 1.0833 
38.85 	 1.0833 
38.90 	 1.0833 
38.95 	 1.0833 
39.00 	 1.0833 
39.05 	 1.0833 
39.10 	 1.0833 
39.15 	 1.0833 
39.20 	 1.0833 
39.25 	 1.0833 
39.30 	 1.0833 
39.35 	 1.0833 
39.40 	 1.0833 
39.45 	 1.0833 
39.50 	 1.0833 
39.55 	 1.0833 
39.60 	 1.0833 
39.65 	 1.0833 
39.70 	 1.0833 
39.75 	 1.0833 
39.80 	 1.0833 
39.85 	 1.0833 
39.90 	 1.0833 
39.95 	 1.0833 
40.00 	 1.0833 
40.05 	 1.0833 
40.10 	 1.0833 
40.15 	 1.0833 
40.20 	 1.0833 
40.25 	 1.0833 
40.30 	 1.0833 
40.35 	 1.0833 
40.40 	 1.0833 
40.45 	 1.0833 
40.50 	 1.0000 
40.55 	 1.0000 
40.60 	 1.0000 
40.65 	 1.0000 
40.70 	 1.0000 
40.75 	 1.0000 
40.80 	 1.0000 
40.85 	 1.0000 
40.90 	 1.0000 
40.95 	 1.0000 
41.00 	 1.0000 
41.05 	 1.0000 
41.10 	 1.0000 
41.15 	 1.0000 
41.20 	 1.0000 
41.25 	 1.0000 
41.30 	 1.0000 
41.35 	 1.0000 
41.40 	 1.0000 
41.45 	 1.0000 
41.50 	 1.0000 
41.55 	 1.0000 
41.60 	 1.0000 
41.65 	 1.0000 
41.70 	 1.0000 
41.75 	 1.0000 
41.80 	 0.9167 
41.85 	 0.9167 
41.90 	 0.9167 
41.95 	 0.9167 
42.00 	 0.9167 
42.05 	 0.9167 
42.10 	 0.9167 
42.15 	 0.9167 
42.20 	 0.9167 
42.25 	 0.9167 
42.30 	 0.9167 
42.35 	 0.9167 
42.40 	 0.9167 
42.45 	 0.9167 
42.50 	 0.9167 
42.55 	 0.9167 
42.60 	 0.9167 
42.65 	 0.9167 
42.70 	 0.9167 
42.75 	 0.9167 
42.80 	 0.9167 
42.85 	 0.9167 
42.90 	 0.9167 
42.95 	 0.9167 
43.00 	 0.9167 
43.05 	 0.9167 
43.10 	 0.9167 
43.15 	 0.9167 
43.20 	 0.9167 
43.25 	 0.9167 
43.30 	 0.9167 
43.35 	 0.9167 
43.40 	 0.9167 
43.45 	 0.9167 
43.50 	 0.9167 
43.55 	 0.9167 
43.60 	 0.9167 
43.65 	 0.9167 
43.70 	 0.9167 
43.75 	 0.9167 
43.80 	 0.9167 
43.85 	 0.9167 
43.90 	 0.9167 
43.95 	 0.9167 
44.00 	 0.9167 
44.05 	 0.9167 
44.10 	 0.9167 
44.15 	 0.9167 
44.20 	 0.9167 
44.25 	 0.9167 
44.30 	 0.9167 
44.35 	 0.9167 
44.40 	 0.9167 
44.45 	 0.9167 
44.50 	 0.9167 
44.55 	 0.9167 
44.60 	 0.9167 
44.65 	 0.9167 
44.70 	 0.9167 
44.75 	 0.9167 
44.80 	 0.9167 
44.85 	 0.9167 
44.90 	 0.9167 
44.95 	 0.9167 
45.00 	 0.9167 
45.05 	 0.9167 
45.10 	 0.9167 
45.15 	 0.9167 
45.20 	 0.9167 
45.25 	 0.9167 
45.30 	 0.9167 
45.35 	 0.9167 
45.40 	 0.9167 
45.45 	 0.9167 
45.50 	 0.9167 
45.55 	 0.9167 
45.60 	 0.9167 
45.65 	 0.9167 
45.70 	 0.9167 
45.75 	 0.9167 
45.80 	 0.9167 
45.85 	 0.9167 
45.90 	 0.9167 
45.95 	 0.9167 
46.00 	 0.9167 
46.05 	 0.9167 
46.10 	 0.9167 
46.15 	 0.9167 
46.20 	 0.9167 
46.25 	 0.9167 
46.30 	 0.9167 
46.35 	 0.9167 
46.40 	 0.9167 
46.45 	 0.9167 
46.50 	 0.9167 
46.55 	 0.9167 
46.60 	 0.9167 
46.65 	 0.9167 
46.70 	 0.9167 
46.75 	 0.9167 
46.80 	 0.9167 
46.85 	 0.9167 
46.90 	 0.9167 
46.95 	 0.9167 
47.00 	 0.9167 
47.05 	 0.9167 
47.10 	 0.9167 
47.15 	 0.9167 
47.20 	 0.9167 
47.25 	 0.9167 
47.30 	 0.9167 
47.35 	 0.9167 
47.40 	 0.9167 
47.45 	 0.9167 
47.50 	 0.9167 
47.55 	 0.9167 
47.60 	 0.9167 
47.65 	 0.9167 
47.70 	 0.9167 
47.75 	 0.9167 
47.80 	 0.9167 
47.85 	 0.9167 
47.90 	 0.9167 
47.95 	 0.9167 
48.00 	 0.9167 
48.05 	 0.9167 
48.10 	 0.9167 
48.15 	 0.9167 
48.20 	 0.9167 
48.25 	 0.9167 
48.30 	 0.9167 
48.35 	 0.9167 
48.40 	 0.9167 
48.45 	 0.9167 
48.50 	 0.9167 
48.55 	 0.9167 
48.60 	 0.9167 
48.65 	 0.9167 
48.70 	 0.9167 
48.75 	 0.9167 
48.80 	 0.9167 
48.85 	 0.9167 
48.90 	 0.9167 
48.95 	 0.9167 
49.00 	 0.9167 
49.05 	 0.9167 
49.10 	 0.9167 
49.15 	 0.9167 
49.20 	 0.9167 
49.25 	 0.9167 
49.30 	 0.9167 
49.35 	 0.9167 
49.40 	 0.9167 
49.45 	 0.9167 
49.50 	 0.9167 
49.55 	 0.9167 
49.60 	 0.9167 
49.65 	 0.9167 
49.70 	 0.9167 
49.75 	 0.9167 
49.80 	 0.9167 
49.85 	 0.9167 
49.90 	 0.9167 
49.95 	 0.9167 
50.00 	 0.9167 
50.05 	 0.9167 
50.10 	 0.9167 
50.15 	 0.9167 
50.20 	 0.9167 
50.25 	 0.9167 
50.30 	 0.9167 
50.35 	 0.9167 
50.40 	 0.9167 
50.45 	 0.9167 
50.50 	 0.9167 
50.55 	 0.9167 
50.60 	 0.9167 
50.65 	 0.9167 
50.70 	 0.9167 
50.75 	 0.9167 
50.80 	 0.9167 
50.85 	 0.9167 
50.90 	 0.9167 
50.95 	 0.9167 
51.00 	 0.9167 
51.05 	 0.9167 
51.10 	 0.9167 
51.15 	 0.9167 
51.20 	 0.9167 
51.25 	 0.9167 
51.30 	 0.9167 
51.35 	 0.9167 
51.40 	 0.9167 
51.45 	 0.9167 
51.50 	 0.9167 
51.55 	 0.9167 
51.60 	 0.9167 
51.65 	 0.9167 
51.70 	 0.9167 
51.75 	 0.9167 
51.80 	 0.9167 
51.85 	 0.9167 
51.90 	 0.9167 
51.95 	 0.9167 
52.00 	 0.9167 
52.05 	 0.9167 
52.10 	 0.9167 
52.15 	 0.9167 
52.20 	 0.9167 
52.25 	 0.9167 
52.30 	 0.9167 
52.35 	 0.9167 
52.40 	 0.9167 
52.45 	 0.9167 
52.50 	 0.9167 
52.55 	 0.9167 
52.60 	 0.9167 
52.65 	 0.9167 
52.70 	 0.9167 
52.75 	 0.9167 
52.80 	 0.9167 
52.85 	 0.9167 
52.90 	 0.9167 
52.95 	 0.9167 
53.00 	 0.9167 
53.05 	 0.9167 
53.10 	 0.9167 
53.15 	 0.9167 
53.20 	 0.9167 
53.25 	 0.9167 
53.30 	 0.9167 
53.35 	 0.9167 
53.40 	 0.9167 
53.45 	 0.9167 
53.50 	 0.9167 
53.55 	 0.9167 
53.60 	 0.9167 
53.65 	 0.9167 
53.70 	 0.9167 
53.75 	 0.9167 
53.80 	 0.9167 
53.85 	 0.9167 
53.90 	 0.9167 
53.95 	 0.9167 
54.00 	 0.9167 
54.05 	 0.9167 
54.10 	 0.9167 
54.15 	 0.9167 
54.20 	 0.9167 
54.25 	 0.9167 
54.30 	 0.9167 
54.35 	 0.9167 
54.40 	 0.9167 
54.45 	 0.9167 
54.50 	 0.9167 
54.55 	 0.9167 
54.60 	 0.9167 
54.65 	 0.9167 
54.70 	 0.9167 
54.75 	 0.9167 
54.80 	 0.9167 
54.85 	 0.9167 
54.90 	 0.9167 
54.95 	 0.9167 
55.00 	 0.9167 
55.05 	 0.9167 
55.10 	 0.9167 
55.15 	 0.9167 
55.20 	 0.9167 
55.25 	 0.9167 
55.30 	 0.9167 
55.35 	 0.9167 
55.40 	 0.9167 
55.45 	 0.9167 
55.50 	 0.9167 
55.55 	 0.9167 
55.60 	 1.0000 
55.65 	 1.0000 
55.70 	 1.0000 
55.75 	 1.0000 
55.80 	 1.0000 
55.85 	 1.0000 
55.90 	 1.0000 
55.95 	 1.0000 
56.00 	 1.0000 
56.05 	 1.0000 
56.10 	 1.0000 
56.15 	 1.0000 
56.20 	 1.0000 
56.25 	 1.0000 
56.30 	 1.0000 
56.35 	 1.0000 
56.40 	 1.0000 
56.45 	 1.0000 
56.50 	 1.0000 
56.55 	 1.0000 
56.60 	 1.0000 
56.65 	 1.0000 
56.70 	 1.0000 
56.75 	 1.0000 
56.80 	 1.0000 
56.85 	 1.0000 
56.90 	 1.0000 
56.95 	 1.0000 
57.00 	 1.0000 
57.05 	 1.0000 
57.10 	 1.0000 
57.15 	 1.0000 
57.20 	 1.0000 
57.25 	 1.0000 
57.30 	 1.0000 
57.35 	 1.0000 
57.40 	 1.0000 
57.45 	 1.0000 
57.50 	 1.0000 
57.55 	 1.0000 
57.60 	 1.0000 
57.65 	 1.0000 
57.70 	 1.0000 
57.75 	 1.0000 
57.80 	 1.0000 
57.85 	 1.0000 
57.90 	 1.0000 
57.95 	 1.0000 
58.00 	 1.0000 
58.05 	 1.0000 
58.10 	 1.0000 
58.15 	 1.0000 
58.20 	 1.0000 
58.25 	 1.0000 
58.30 	 1.0000 
58.35 	 1.0000 
58.40 	 1.0000 
58.45 	 1.0000 
58.50 	 0.9167 
58.55 	 1.0000 
58.60 	 1.0000 
58.65 	 1.0000 
58.70 	 1.0000 
58.75 	 1.0000 
58.80 	 1.0000 
58.85 	 1.0000 
58.90 	 1.0000 
58.95 	 1.0000 
59.00 	 1.0000 
59.05 	 1.0000 
59.10 	 1.0833 
59.15 	 1.0833 
59.20 	 1.0833 
59.25 	 1.0833 
59.30 	 1.0833 
59.35 	 1.0833 
59.40 	 1.0833 
59.45 	 1.0833 
59.50 	 1.0833 
59.55 	 1.0833 
59.60 	 1.0833 
59.65 	 1.0833 
59.70 	 1.0833 
59.75 	 1.0833 
59.80 	 1.0833 
59.85 	 1.0833 
59.90 	 1.0833 
59.95 	 1.0833 
60.00 	 1.0833 
60.05 	 1.0833 
60.10 	 1.0833 
60.15 	 1.0833 
60.20 	 1.0833 
60.25 	 1.0833 
60.30 	 1.0833 
60.35 	 1.0833 
60.40 	 1.0833 
60.45 	 1.0833 
60.50 	 1.0833 
60.55 	 1.0833 
60.60 	 1.0833 
60.65 	 1.0833 
60.70 	 1.0833 
60.75 	 1.0833 
60.80 	 1.0833 
60.85 	 1.0833 
60.90 	 1.0833 
60.95 	 1.0833 
61.00 	 1.0833 
61.05 	 1.0833 
61.10 	 1.0833 
61.15 	 1.0833 
61.20 	 1.0833 
61.25 	 1.0833 
61.30 	 1.0833 
61.35 	 1.0833 
61.40 	 1.0833 
61.45 	 1.0833 
61.50 	 1.0833 
61.55 	 1.0833 
61.60 	 1.0833 
61.65 	 1.0833 
61.70 	 1.0833 
61.75 	 1.0833 
61.80 	 1.0833 
61.85 	 1.0833 
61.90 	 1.0833 
61.95 	 1.0833 
62.00 	 1.0833 
62.05 	 1.0833 
62.10 	 1.0833 
62.15 	 1.0833 
62.20 	 1.0833 
62.25 	 1.0833 
62.30 	 1.0833 
62.35 	 1.0833 
62.40 	 1.0833 
62.45 	 1.0833 
62.50 	 1.0833 
62.55 	 1.0833 
62.60 	 1.0833 
62.65 	 1.0833 
62.70 	 1.0833 
62.75 	 1.0833 
62.80 	 1.0833 
62.85 	 1.0833 
62.90 	 1.0833 
62.95 	 1.0833 
63.00 	 1.0833 
63.05 	 1.0833 
63.10 	 1.0833 
63.15 	 1.0833 
63.20 	 1.0833 
63.25 	 1.0833 
63.30 	 1.0833 
63.35 	 1.0833 
63.40 	 1.0833 
63.45 	 1.0833 
63.50 	 1.0833 
63.55 	 1.0833 
63.60 	 1.0833 
63.65 	 1.0833 
63.70 	 1.0833 
63.75 	 1.0833 
63.80 	 1.0833 
63.85 	 1.0833 
63.90 	 1.0833 
63.95 	 1.0833 
64.00 	 1.0833 
64.05 	 1.0833 
64.10 	 1.0833 
64.15 	 1.0833 
64.20 	 1.0833 
64.25 	 1.0833 
64.30 	 1.0833 
64.35 	 1.0833 
64.40 	 1.0833 
64.45 	 1.0833 
64.50 	 1.0833 
64.55 	 1.0833 
64.60 	 1.0833 
64.65 	 1.0833 
64.70 	 1.0833 
64.75 	 1.0833 
64.80 	 1.0833 
64.85 	 1.0833 
64.90 	 1.0833 
64.95 	 1.0833 
65.00 	 1.0833 
65.05 	 1.0833 
65.10 	 1.0833 
65.15 	 1.0833 
65.20 	 1.0833 
65.25 	 1.0833 
65.30 	 1.0833 
65.35 	 1.0833 
65.40 	 1.0833 
65.45 	 1.0833 
65.50 	 1.0833 
65.55 	 1.1667 
65.60 	 1.0833 
65.65 	 1.0833 
65.70 	 1.0833 
65.75 	 1.0833 
65.80 	 1.0833 
65.85 	 1.0833 
65.90 	 1.0833 
65.95 	 1.0833 
66.00 	 1.0833 
66.05 	 1.0833 
66.10 	 1.0833 
66.15 	 1.0833 
66.20 	 1.0833 
66.25 	 1.0833 
66.30 	 1.0833 
66.35 	 1.0833 
66.40 	 1.0833 
66.45 	 1.0833 
66.50 	 1.0833 
66.55 	 1.0833 
66.60 	 1.0833 
66.65 	 1.0833 
66.70 	 1.0833 
66.75 	 1.0833 
66.80 	 1.0833 
66.85 	 1.0833 
66.90 	 1.0833 
66.95 	 1.0833 
67.00 	 1.0833 
67.05 	 1.0833 
67.10 	 1.0833 
67.15 	 1.0833 
67.20 	 1.0833 
67.25 	 1.0833 
67.30 	 1.0833 
67.35 	 1.0833 
67.40 	 1.0833 
67.45 	 1.0833 
67.50 	 1.0833 
67.55 	 1.0833 
67.60 	 1.0833 
67.65 	 1.0833 
67.70 	 1.0833 
67.75 	 1.0833 
67.80 	 1.0833 
67.85 	 1.0833 
67.90 	 1.0833 
67.95 	 1.0833 
68.00 	 1.0833 
68.05 	 1.0833 
68.10 	 1.0833 
68.15 	 1.0833 
68.20 	 1.0833 
68.25 	 1.0833 
68.30 	 1.0833 
68.35 	 1.0833 
68.40 	 1.0833 
68.45 	 1.0833 
68.50 	 1.0833 
68.55 	 1.0000 
68.60 	 1.0000 
68.65 	 1.0000 
68.70 	 1.0000 
68.75 	 1.0000 
68.80 	 1.0000 
68.85 	 1.0000 
68.90 	 1.0000 
68.95 	 1.0000 
69.00 	 1.0000 
69.05 	 1.0000 
69.10 	 0.9167 
69.15 	 0.9167 
69.20 	 0.9167 
69.25 	 0.9167 
69.30 	 0.9167 
69.35 	 0.9167 
69.40 	 0.9167 
69.45 	 0.9167 
69.50 	 0.9167 
69.55 	 0.9167 
69.60 	 0.9167 
69.65 	 0.9167 
69.70 	 0.9167 
69.75 	 0.9167 
69.80 	 0.9167 
69.85 	 0.9167 
69.90 	 0.9167 
69.95 	 0.9167 
70.00 	 0.9167 
70.05 	 0.9167 
70.10 	 0.9167 
70.15 	 0.9167 
70.20 	 0.9167 
70.25 	 0.9167 
70.30 	 0.9167 
70.35 	 0.9167 
70.40 	 0.9167 
70.45 	 0.9167 
70.50 	 0.9167 
70.55 	 0.9167 
70.60 	 0.9167 
70.65 	 0.9167 
70.70 	 0.9167 
70.75 	 0.9167 
70.80 	 0.9167 
70.85 	 0.9167 
70.90 	 0.9167 
70.95 	 0.9167 
71.00 	 0.9167 
71.05 	 0.9167 
71.10 	 0.9167 
71.15 	 0.9167 
71.20 	 0.9167 
71.25 	 0.9167 
71.30 	 0.9167 
71.35 	 0.9167 
71.40 	 0.9167 
71.45 	 0.9167 
71.50 	 0.9167 
71.55 	 0.9167 
71.60 	 0.9167 
71.65 	 0.9167 
71.70 	 0.9167 
71.75 	 0.9167 
71.80 	 0.9167 
71.85 	 0.9167 
71.90 	 0.9167 
71.95 	 0.9167 
72.00 	 0.9167 
72.05 	 0.9167 
72.10 	 0.9167 
72.15 	 0.9167 
72.20 	 0.9167 
72.25 	 0.9167 
72.30 	 0.9167 
72.35 	 0.9167 
72.40 	 0.9167 
72.45 	 0.9167 
72.50 	 0.9167 
72.55 	 0.9167 
72.60 	 0.9167 
72.65 	 0.9167 
72.70 	 0.9167 
72.75 	 0.9167 
72.80 	 0.9167 
72.85 	 0.9167 
72.90 	 0.9167 
72.95 	 0.9167 
73.00 	 0.9167 
73.05 	 0.9167 
73.10 	 0.9167 
73.15 	 0.9167 
73.20 	 0.9167 
73.25 	 0.9167 
73.30 	 0.9167 
73.35 	 0.9167 
73.40 	 0.9167 
73.45 	 0.9167 
73.50 	 0.9167 
73.55 	 0.9167 
73.60 	 0.9167 
73.65 	 0.9167 
73.70 	 0.9167 
73.75 	 0.9167 
73.80 	 0.9167 
73.85 	 0.9167 
73.90 	 0.9167 
73.95 	 0.9167 
74.00 	 0.9167 
74.05 	 0.9167 
74.10 	 0.9167 
74.15 	 0.9167 
74.20 	 0.9167 
74.25 	 0.9167 
74.30 	 0.9167 
74.35 	 0.9167 
74.40 	 0.9167 
74.45 	 0.9167 
74.50 	 0.9167 
74.55 	 0.9167 
74.60 	 0.9167 
74.65 	 0.9167 
74.70 	 0.9167 
74.75 	 0.9167 
74.80 	 0.9167 
74.85 	 0.9167 
74.90 	 0.9167 
74.95 	 0.9167 
75.00 	 0.9167 
75.05 	 0.9167 
75.10 	 0.9167 
75.15 	 0.9167 
75.20 	 0.9167 
75.25 	 0.9167 
75.30 	 0.9167 
75.35 	 0.9167 
75.40 	 0.9167 
75.45 	 0.9167 
75.50 	 0.9167 
75.55 	 0.8333 
75.60 	 0.8333 
75.65 	 0.8333 
75.70 	 0.8333 
75.75 	 0.8333 
75.80 	 0.8333 
75.85 	 0.8333 
75.90 	 0.8333 
75.95 	 0.8333 
76.00 	 0.8333 
76.05 	 0.8333 
76.10 	 0.8333 
76.15 	 0.8333 
76.20 	 0.8333 
76.25 	 0.8333 
76.30 	 0.8333 
76.35 	 0.8333 
76.40 	 0.8333 
76.45 	 0.8333 
76.50 	 0.8333 
76.55 	 0.8333 
76.60 	 0.9167 
76.65 	 0.9167 
76.70 	 0.9167 
76.75 	 0.9167 
76.80 	 0.9167 
76.85 	 0.9167 
76.90 	 0.9167 
76.95 	 0.9167 
77.00 	 0.9167 
77.05 	 0.9167 
77.10 	 0.9167 
77.15 	 0.9167 
77.20 	 0.9167 
77.25 	 1.0000 
77.30 	 1.0000 
77.35 	 1.0000 
77.40 	 1.0000 
77.45 	 1.0000 
77.50 	 1.0000 
77.55 	 1.0000 
77.60 	 1.0000 
77.65 	 1.0000 
77.70 	 1.0000 
77.75 	 1.0000 
77.80 	 1.0000 
77.85 	 1.0000 
77.90 	 1.0000 
77.95 	 1.0000 
78.00 	 1.0000 
78.05 	 1.0000 
78.10 	 1.0000 
78.15 	 1.0000 
78.20 	 1.0000 
78.25 	 1.0000 
78.30 	 1.0000 
78.35 	 1.0000 
78.40 	 1.0000 
78.45 	 1.0000 
78.50 	 1.0000 
78.55 	 1.0000 
78.60 	 1.0000 
78.65 	 1.0000 
78.70 	 1.0000 
78.75 	 1.0000 
78.80 	 1.0000 
78.85 	 1.0000 
78.90 	 1.0000 
78.95 	 1.0000 
79.00 	 1.0000 
79.05 	 1.0000 
79.10 	 1.0000 
79.15 	 1.0000 
79.20 	 1.0000 
79.25 	 1.0000 
79.30 	 1.0000 
79.35 	 1.0000 
79.40 	 1.0000 
79.45 	 1.0000 
79.50 	 1.0000 
79.55 	 1.0000 
79.60 	 1.0000 
79.65 	 1.0000 
79.70 	 1.0000 
79.75 	 1.0000 
79.80 	 1.0000 
79.85 	 1.0000 
79.90 	 1.0000 
79.95 	 1.0000 
80.00 	 1.0000 
80.05 	 1.0000 
80.10 	 1.0000 
80.15 	 1.0000 
80.20 	 1.0000 
80.25 	 1.0000 
80.30 	 1.0000 
80.35 	 1.0000 
80.40 	 1.0000 
80.45 	 1.0000 
80.50 	 1.0833 
80.55 	 1.0833 
80.60 	 1.0833 
80.65 	 1.0833 
80.70 	 1.0833 
80.75 	 1.0833 
80.80 	 1.0833 
80.85 	 1.0833 
80.90 	 1.0833 
80.95 	 1.0833 
81.00 	 1.0833 
81.05 	 1.0833 
81.10 	 1.0833 
81.15 	 1.0833 
81.20 	 1.0833 
81.25 	 1.0833 
81.30 	 1.0833 
81.35 	 1.0833 
81.40 	 1.0833 
81.45 	 1.0833 
81.50 	 1.0833 
81.55 	 1.0833 
81.60 	 1.0833 
81.65 	 1.0833 
81.70 	 1.0833 
81.75 	 1.0833 
81.80 	 1.1667 
81.85 	 1.1667 
81.90 	 1.1667 
81.95 	 1.1667 
82.00 	 1.1667 
82.05 	 1.1667 
82.10 	 1.1667 
82.15 	 1.1667 
82.20 	 1.1667 
82.25 	 1.1667 
82.30 	 1.1667 
82.35 	 1.1667 
82.40 	 1.1667 
82.45 	 1.1667 
82.50 	 1.1667 
82.55 	 1.1667 
82.60 	 1.1667 
82.65 	 1.1667 
82.70 	 1.1667 
82.75 	 1.1667 
82.80 	 1.1667 
82.85 	 1.1667 
82.90 	 1.1667 
82.95 	 1.1667 
83.00 	 1.1667 
83.05 	 1.1667 
83.10 	 1.1667 
83.15 	 1.1667 
83.20 	 1.1667 
83.25 	 1.1667 
83.30 	 1.1667 
83.35 	 1.1667 
83.40 	 1.1667 
83.45 	 1.1667 
83.50 	 1.1667 
83.55 	 1.1667 
83.60 	 1.1667 
83.65 	 1.1667 
83.70 	 1.1667 
83.75 	 1.1667 
83.80 	 1.1667 
83.85 	 1.1667 
83.90 	 1.1667 
83.95 	 1.1667 
84.00 	 1.1667 
84.05 	 1.1667 
84.10 	 1.1667 
84.15 	 1.1667 
84.20 	 1.1667 
84.25 	 1.1667 
84.30 	 1.1667 
84.35 	 1.1667 
84.40 	 1.1667 
84.45 	 1.1667 
84.50 	 1.1667 
84.55 	 1.1667 
84.60 	 1.1667 
84.65 	 1.1667 
84.70 	 1.1667 
84.75 	 1.1667 
84.80 	 1.1667 
84.85 	 1.1667 
84.90 	 1.1667 
84.95 	 1.1667 
85.00 	 1.1667 
85.05 	 1.1667 
85.10 	 1.1667 
85.15 	 1.1667 
85.20 	 1.1667 
85.25 	 1.1667 
85.30 	 1.1667 
85.35 	 1.1667 
85.40 	 1.1667 
85.45 	 1.1667 
85.50 	 1.1667 
85.55 	 1.1667 
85.60 	 1.1667 
85.65 	 1.1667 
85.70 	 1.1667 
85.75 	 1.1667 
85.80 	 1.1667 
85.85 	 1.1667 
85.90 	 1.1667 
85.95 	 1.1667 
86.00 	 1.1667 
86.05 	 1.1667 
86.10 	 1.1667 
86.15 	 1.1667 
86.20 	 1.1667 
86.25 	 1.1667 
86.30 	 1.1667 
86.35 	 1.1667 
86.40 	 1.1667 
86.45 	 1.1667 
86.50 	 1.1667 
86.55 	 1.1667 
86.60 	 1.0833 
86.65 	 1.0833 
86.70 	 1.0833 
86.75 	 1.0833 
86.80 	 1.0833 
86.85 	 1.0833 
86.90 	 1.0833 
86.95 	 1.0833 
87.00 	 1.0833 
87.05 	 1.0833 
87.10 	 1.0833 
87.15 	 1.0833 
87.20 	 1.0833 
87.25 	 1.0000 
87.30 	 1.0000 
87.35 	 1.0000 
87.40 	 1.0000 
87.45 	 1.0000 
87.50 	 1.0000 
87.55 	 1.0000 
87.60 	 1.0000 
87.65 	 1.0000 
87.70 	 1.0000 
87.75 	 1.0000 
87.80 	 1.0000 
87.85 	 1.0000 
87.90 	 1.0000 
87.95 	 1.0000 
88.00 	 1.0000 
88.05 	 1.0000 
88.10 	 1.0000 
88.15 	 1.0000 
88.20 	 1.0000 
88.25 	 1.0000 
88.30 	 1.0000 
88.35 	 1.0000 
88.40 	 1.0000 
88.45 	 1.0000 
88.50 	 1.0833 
88.55 	 1.0833 
88.60 	 1.0833 
88.65 	 1.0833 
88.70 	 1.0833 
88.75 	 1.0833 
88.80 	 1.0833 
88.85 	 1.0833 
88.90 	 1.0833 
88.95 	 1.0833 
89.00 	 1.0833 
89.05 	 1.0833 
89.10 	 1.0833 
89.15 	 1.0833 
89.20 	 1.0833 
89.25 	 1.0833 
89.30 	 1.0833 
89.35 	 1.0833 
89.40 	 1.0833 
89.45 	 1.0833 
89.50 	 1.0833 
89.55 	 1.0833 
89.60 	 1.0833 
89.65 	 1.0833 
89.70 	 1.0833 
89.75 	 1.0833 
89.80 	 1.0833 
89.85 	 1.0833 
89.90 	 1.0833 
89.95 	 1.0833 
90.00 	 1.0833 
90.05 	 1.0833 
90.10 	 1.0833 
90.15 	 1.0833 
90.20 	 1.0833 
90.25 	 1.0833 
90.30 	 1.0833 
90.35 	 1.0833 
90.40 	 1.0833 
90.45 	 1.0833 
90.50 	 1.0000 
90.55 	 1.0000 
90.60 	 1.0000 
90.65 	 1.0000 
90.70 	 1.0000 
90.75 	 1.0000 
90.80 	 1.0000 
90.85 	 1.0000 
90.90 	 1.0000 
90.95 	 1.0000 
91.00 	 1.0000 
91.05 	 1.0000 
91.10 	 1.0000 
91.15 	 1.0000 
91.20 	 1.0000 
91.25 	 1.0000 
91.30 	 1.0000 
91.35 	 1.0000 
91.40 	 1.0000 
91.45 	 1.0000 
91.50 	 1.0000 
91.55 	 1.0000 
91.60 	 1.0000 
91.65 	 1.0000 
91.70 	 1.0000 
91.75 	 1.0000 
91.80 	 0.9167 
91.85 	 0.9167 
91.90 	 0.9167 
91.95 	 0.9167 
92.00 	 0.9167 
92.05 	 0.9167 
92.10 	 0.9167 
92.15 	 0.9167 
92.20 	 0.9167 
92.25 	 0.9167 
92.30 	 0.9167 
92.35 	 0.9167 
92.40 	 0.9167 
92.45 	 0.9167 
92.50 	 0.9167 
92.55 	 0.9167 
92.60 	 0.9167 
92.65 	 0.9167 
92.70 	 0.9167 
92.75 	 0.9167 
92.80 	 0.9167 
92.85 	 0.9167 
92.90 	 0.9167 
92.95 	 0.9167 
93.00 	 0.9167 
93.05 	 0.9167 
93.10 	 0.9167 
93.15 	 0.9167 
93.20 	 0.9167 
93.25 	 0.9167 
93.30 	 0.9167 
93.35 	 0.9167 
93.40 	 0.9167 
93.45 	 0.9167 
93.50 	 0.9167 
93.55 	 0.9167 
93.60 	 0.9167 
93.65 	 0.9167 
93.70 	 0.9167 
93.75 	 0.9167 
93.80 	 0.9167 
93.85 	 0.9167 
93.90 	 0.9167 
93.95 	 0.9167 
94.00 	 0.9167 
94.05 	 0.9167 
94.10 	 0.9167 
94.15 	 0.9167 
94.20 	 0.9167 
94.25 	 0.9167 
94.30 	 0.9167 
94.35 	 0.9167 
94.40 	 0.9167 
94.45 	 0.9167 
94.50 	 0.9167 
94.55 	 0.9167 
94.60 	 0.9167 
94.65 	 0.9167 
94.70 	 0.9167 
94.75 	 0.9167 
94.80 	 0.9167 
94.85 	 0.9167 
94.90 	 0.9167 
94.95 	 0.9167 
95.00 	 0.9167 
95.05 	 0.9167 
95.10 	 0.9167 
95.15 	 0.9167 
95.20 	 0.9167 
95.25 	 0.9167 
95.30 	 0.9167 
95.35 	 0.9167 
95.40 	 0.9167 
95.45 	 0.9167 
95.50 	 0.9167 
95.55 	 0.9167 
95.60 	 0.9167 
95.65 	 0.9167 
95.70 	 0.9167 
95.75 	 0.9167 
95.80 	 0.9167 
95.85 	 0.9167 
95.90 	 0.9167 
95.95 	 0.9167 
96.00 	 0.9167 
96.05 	 0.9167 
96.10 	 0.9167 
96.15 	 0.9167 
96.20 	 0.9167 
96.25 	 0.9167 
96.30 	 0.9167 
96.35 	 0.9167 
96.40 	 0.9167 
96.45 	 0.9167 
96.50 	 0.9167 
96.55 	 0.9167 
96.60 	 0.9167 
96.65 	 0.9167 
96.70 	 0.9167 
96.75 	 0.9167 
96.80 	 0.9167 
96.85 	 0.9167 
96.90 	 0.9167 
96.95 	 0.9167 
97.00 	 0.9167 
97.05 	 0.9167 
97.10 	 0.9167 
97.15 	 0.9167 
97.20 	 0.9167 
97.25 	 0.9167 
97.30 	 0.9167 
97.35 	 0.9167 
97.40 	 0.9167 
97.45 	 0.9167 
97.50 	 0.9167 
97.55 	 0.9167 
97.60 	 0.9167 
97.65 	 0.9167 
97.70 	 0.9167 
97.75 	 0.9167 
97.80 	 0.9167 
97.85 	 0.9167 
97.90 	 0.9167 
97.95 	 0.9167 
98.00 	 0.9167 
98.05 	 0.9167 
98.10 	 0.9167 
98.15 	 0.9167 
98.20 	 0.9167 
98.25 	 0.9167 
98.30 	 0.9167 
98.35 	 0.9167 
98.40 	 0.9167 
98.45 	 0.9167 
98.50 	 0.9167 
98.55 	 0.9167 
98.60 	 0.9167 
98.65 	 0.9167 
98.70 	 0.9167 
98.75 	 0.9167 
98.80 	 0.9167 
98.85 	 0.9167 
98.90 	 0.9167 
98.95 	 0.9167 
99.00 	 0.9167 
99.05 	 0.9167 
99.10 	 0.9167 
99.15 	 0.9167 
99.20 	 0.9167 
99.25 	 0.9167 
99.30 	 0.9167 
99.35 	 0.9167 
99.40 	 0.9167 
99.45 	 0.9167 
99.50 	 0.9167 
99.55 	 0.9167 
99.60 	 0.9167 
99.65 	 0.9167 
99.70 	 0.9167 
99.75 	 0.9167 
99.80 	 0.9167 
99.85 	 0.9167 
99.90 	 0.9167 
99.95 	 0.9167 
100.00 	 0.9167 
100.05 	 0.9167 
100.10 	 0.9167 
100.15 	 0.9167 
100.20 	 0.9167 
100.25 	 0.9167 
100.30 	 0.9167 
100.35 	 0.9167 
100.40 	 0.9167 
100.45 	 0.9167 
100.50 	 0.9167 
100.55 	 0.9167 
100.60 	 0.9167 
100.65 	 0.9167 
100.70 	 0.9167 
100.75 	 0.9167 
100.80 	 0.9167 
100.85 	 0.9167 
100.90 	 0.9167 
100.95 	 0.9167 
101.00 	 0.9167 
101.05 	 0.9167 
101.10 	 0.9167 
101.15 	 0.9167 
101.20 	 0.9167 
101.25 	 0.9167 
101.30 	 0.9167 
101.35 	 0.9167 
101.40 	 0.9167 
101.45 	 0.9167 
101.50 	 0.9167 
101.55 	 0.9167 
101.60 	 0.9167 
101.65 	 0.9167 
101.70 	 0.9167 
101.75 	 0.9167 
101.80 	 0.9167 
101.85 	 0.9167 
101.90 	 0.9167 
101.95 	 0.9167 
102.00 	 0.9167 
102.05 	 0.9167 
102.10 	 0.9167 
102.15 	 0.9167 
102.20 	 0.9167 
102.25 	 0.9167 
102.30 	 0.9167 
102.35 	 0.9167 
102.40 	 0.9167 
102.45 	 0.9167 
102.50 	 0.9167 
102.55 	 0.9167 
102.60 	 0.9167 
102.65 	 0.9167 
102.70 	 0.9167 
102.75 	 0.9167 
102.80 	 0.9167 
102.85 	 0.9167 
102.90 	 0.9167 
102.95 	 0.9167 
103.00 	 0.9167 
103.05 	 0.9167 
103.10 	 0.9167 
103.15 	 0.9167 
103.20 	 0.9167 
103.25 	 0.9167 
103.30 	 0.9167 
103.35 	 0.9167 
103.40 	 0.9167 
103.45 	 0.9167 
103.50 	 0.9167 
103.55 	 0.9167 
103.60 	 0.9167 
103.65 	 0.9167 
103.70 	 0.9167 
103.75 	 0.9167 
103.80 	 0.9167 
103.85 	 0.9167 
103.90 	 0.9167 
103.95 	 0.9167 
104.00 	 0.9167 
104.05 	 0.9167 
104.10 	 0.9167 
104.15 	 0.9167 
104.20 	 0.9167 
104.25 	 0.9167 
104.30 	 0.9167 
104.35 	 0.9167 
104.40 	 0.9167 
104.45 	 0.9167 
104.50 	 0.9167 
104.55 	 0.9167 
104.60 	 0.9167 
104.65 	 0.9167 
104.70 	 0.9167 
104.75 	 0.9167 
104.80 	 0.9167 
104.85 	 0.9167 
104.90 	 0.9167 
104.95 	 0.9167 
105.00 	 0.9167 
105.05 	 0.9167 
105.10 	 0.9167 
105.15 	 0.9167 
105.20 	 0.9167 
105.25 	 0.9167 
105.30 	 0.9167 
105.35 	 0.9167 
105.40 	 0.9167 
105.45 	 0.9167 
105.50 	 0.9167 
105.55 	 0.9167 
105.60 	 1.0000 
105.65 	 1.0000 
105.70 	 1.0000 
105.75 	 1.0000 
105.80 	 1.0000 
105.85 	 1.0000 
105.90 	 1.0000 
105.95 	 1.0000 
106.00 	 1.0000 
106.05 	 1.0000 
106.10 	 1.0000 
106.15 	 1.0000 
106.20 	 1.0000 
106.25 	 1.0000 
106.30 	 1.0000 
106.35 	 1.0000 
106.40 	 1.0000 
106.45 	 1.0000 
106.50 	 1.0000 
106.55 	 1.0000 
106.60 	 1.0000 
106.65 	 1.0000 
106.70 	 1.0000 
106.75 	 1.0000 
106.80 	 1.0000 
106.85 	 1.0000 
106.90 	 1.0000 
106.95 	 1.0000 
107.00 	 1.0000 
107.05 	 1.0000 
107.10 	 1.0000 
107.15 	 1.0000 
107.20 	 1.0000 
107.25 	 1.0000 
107.30 	 1.0000 
107.35 	 1.0000 
107.40 	 1.0000 
107.45 	 1.0000 
107.50 	 1.0000 
107.55 	 1.0000 
107.60 	 1.0000 
107.65 	 1.0000 
107.70 	 1.0000 
107.75 	 1.0000 
107.80 	 1.0000 
107.85 	 1.0000 
107.90 	 1.0000 
107.95 	 1.0000 
108.00 	 1.0000 
108.05 	 1.0000 
108.10 	 1.0000 
108.15 	 1.0000 
108.20 	 1.0000 
108.25 	 1.0000 
108.30 	 1.0000 
108.35 	 1.0000 
108.40 	 1.0000 
108.45 	 1.0000 
108.50 	 0.9167 
108.55 	 1.0000 
108.60 	 1.0000 
108.65 	 1.0000 
108.70 	 1.0000 
108.75 	 1.0000 
108.80 	 1.0000 
108.85 	 1.0000 
108.90 	 1.0000 
108.95 	 1.0000 
109.00 	 1.0000 
109.05 	 1.0000 
109.10 	 1.0833 
109.15 	 1.0833 
109.20 	 1.0833 
109.25 	 1.0833 
109.30 	 1.0833 
109.35 	 1.0833 
109.40 	 1.0833 
109.45 	 1.0833 
109.50 	 1.0833 
109.55 	 1.0833 
109.60 	 1.0833 
109.65 	 1.0833 
109.70 	 1.0833 
109.75 	 1.0833 
109.80 	 1.0833 
109.85 	 1.0833 
109.90 	 1.0833 
109.95 	 1.0833 
110.00 	 1.0833 
110.05 	 1.0833 
110.10 	 1.0833 
110.15 	 1.0833 
110.20 	 1.0833 
110.25 	 1.0833 
110.30 	 1.0833 
110.35 	 1.0833 
110.40 	 1.0833 
110.45 	 1.0833 
110.50 	 1.0833 
110.55 	 1.0833 
110.60 	 1.0833 
110.65 	 1.0833 
110.70 	 1.0833 
110.75 	 1.0833 
110.80 	 1.0833 
110.85 	 1.0833 
110.90 	 1.0833 
110.95 	 1.0833 
111.00 	 1.0833 
111.05 	 1.0833 
111.10 	 1.0833 
111.15 	 1.0833 
111.20 	 1.0833 
111.25 	 1.0833 
111.30 	 1.0833 
111.35 	 1.0833 
111.40 	 1.0833 
111.45 	 1.0833 
111.50 	 1.0833 
111.55 	 1.0833 
111.60 	 1.0833 
111.65 	 1.0833 
111.70 	 1.0833 
111.75 	 1.0833 
111.80 	 1.0833 
111.85 	 1.0833 
111.90 	 1.0833 
111.95 	 1.0833 
112.00 	 1.0833 
112.05 	 1.0833 
112.10 	 1.0833 
112.15 	 1.0833 
112.20 	 1.0833 
112.25 	 1.0833 
112.30 	 1.0833 
112.35 	 1.0833 
112.40 	 1.0833 
112.45 	 1.0833 
112.50 	 1.0833 
112.55 	 1.0833 
112.60 	 1.0833 
112.65 	 1.0833 
112.70 	 1.0833 
112.75 	 1.0833 
112.80 	 1.0833 
112.85 	 1.0833 
112.90 	 1.0833 
112.95 	 1.0833 
113.00 	 1.0833 
113.05 	 1.0833 
113.10 	 1.0833 
113.15 	 1.0833 
113.20 	 1.0833 
113.25 	 1.0833 
113.30 	 1.0833 
113.35 	 1.0833 
113.40 	 1.0833 
113.45 	 1.0833 
113.50 	 1.0833 
113.55 	 1.0833 
113.60 	 1.0833 
113.65 	 1.0833 
113.70 	 1.0833 
113.75 	 1.0833 
113.80 	 1.0833 
113.85 	 1.0833 
113.90 	 1.0833 
113.95 	 1.0833 
114.00 	 1.0833 
114.05 	 1.0833 
114.10 	 1.0833 
114.15 	 1.0833 
114.20 	 1.0833 
114.25 	 1.0833 
114.30 	 1.0833 
114.35 	 1.0833 
114.40 	 1.0833 
114.45 	 1.0833 
114.50 	 1.0833 
114.55 	 1.0833 
114.60 	 1.0833 
114.65 	 1.0833 
114.70 	 1.0833 
114.75 	 1.0833 
114.80 	 1.0833 
114.85 	 1.0833 
114.90 	 1.0833 
114.95 	 1.0833 
115.00 	 1.0833 
115.05 	 1.0833 
115.10 	 1.0833 
115.15 	 1.0833 
115.20 	 1.0833 
115.25 	 1.0833 
115.30 	 1.0833 
115.35 	 1.0833 
115.40 	 1.0833 
115.45 	 1.0833 
115.50 	 1.0833 
115.55 	 1.1667 
115.60 	 1.0833 
115.65 	 1.0833 
115.70 	 1.0833 
115.75 	 1.0833 
115.80 	 1.0833 
115.85 	 1.0833 
115.90 	 1.0833 
115.95 	 1.0833 
116.00 	 1.0833 
116.05 	 1.0833 
116.10 	 1.0833 
116.15 	 1.0833 
116.20 	 1.0833 
116.25 	 1.0833 
116.30 	 1.0833 
116.35 	 1.0833 
116.40 	 1.0833 
116.45 	 1.0833 
116.50 	 1.0833 
116.55 	 1.0833 
116.60 	 1.0833 
116.65 	 1.0833 
116.70 	 1.0833 
116.75 	 1.0833 
116.80 	 1.0833 
116.85 	 1.0833 
116.90 	 1.0833 
116.95 	 1.0833 
117.00 	 1.0833 
117.05 	 1.0833 
117.10 	 1.0833 
117.15 	 1.0833 
117.20 	 1.0833 
117.25 	 1.0833 
117.30 	 1.0833 
117.35 	 1.0833 
117.40 	 1.0833 
117.45 	 1.0833 
117.50 	 1.0833 
117.55 	 1.0833 
117.60 	 1.0833 
117.65 	 1.0833 
117.70 	 1.0833 
117.75 	 1.0833 
117.80 	 1.0833 
117.85 	 1.0833 
117.90 	 1.0833 
117.95 	 1.0833 
118.00 	 1.0833 
118.05 	 1.0833 
118.10 	 1.0833 
118.15 	 1.0833 
118.20 	 1.0833 
118.25 	 1.0833 
118.30 	 1.0833 
118.35 	 1.0833 
118.40 	 1.0833 
118.45 	 1.0833 
118.50 	 1.0833 
118.55 	 1.0000 
118.60 	 1.0000 
118.65 	 1.0000 
118.70 	 1.0000 
118.75 	 1.0000 
118.80 	 1.0000 
118.85 	 1.0000 
118.90 	 1.0000 
118.95 	 1.0000 
119.00 	 1.0000 
119.05 	 1.0000 
119.10 	 0.9167 
119.15 	 0.9167 
119.20 	 0.9167 
119.25 	 0.9167 
119.30 	 0.9167 
119.35 	 0.9167 
119.40 	 0.9167 
119.45 	 0.9167 
119.50 	 0.9167 
119.55 	 0.9167 
119.60 	 0.9167 
119.65 	 0.9167 
119.70 	 0.9167 
119.75 	 0.9167 
119.80 	 0.9167 
119.85 	 0.9167 
119.90 	 0.9167 
119.95 	 0.9167 
120.00 	 0.9167 
120.05 	 0.9167 
120.10 	 0.9167 
120.15 	 0.9167 
120.20 	 0.9167 
120.25 	 0.9167 
120.30 	 0.9167 
120.35 	 0.9167 
120.40 	 0.9167 
120.45 	 0.9167 
120.50 	 0.9167 
120.55 	 0.9167 
120.60 	 0.9167 
120.65 	 0.9167 
120.70 	 0.9167 
120.75 	 0.9167 
120.80 	 0.9167 
120.85 	 0.9167 
120.90 	 0.9167 
120.95 	 0.9167 
121.00 	 0.9167 
121.05 	 0.9167 
121.10 	 0.9167 
121.15 	 0.9167 
121.20 	 0.9167 
121.25 	 0.9167 
121.30 	 0.9167 
121.35 	 0.9167 
121.40 	 0.9167 
121.45 	 0.9167 
121.50 	 0.9167 
121.55 	 0.9167 
121.60 	 0.9167 
121.65 	 0.9167 
121.70 	 0.9167 
121.75 	 0.9167 
121.80 	 0.9167 
121.85 	 0.9167 
121.90 	 0.9167 
121.95 	 0.9167 
122.00 	 0.9167 
122.05 	 0.9167 
122.10 	 0.9167 
122.15 	 0.9167 
122.20 	 0.9167 
122.25 	 0.9167 
122.30 	 0.9167 
122.35 	 0.9167 
122.40 	 0.9167 
122.45 	 0.9167 
122.50 	 0.9167 
122.55 	 0.9167 
122.60 	 0.9167 
122.65 	 0.9167 
122.70 	 0.9167 
122.75 	 0.9167 
122.80 	 0.9167 
122.85 	 0.9167 
122.90 	 0.9167 
122.95 	 0.9167 
123.00 	 0.9167 
123.05 	 0.9167 
123.10 	 0.9167 
123.15 	 0.9167 
123.20 	 0.9167 
123.25 	 0.9167 
123.30 	 0.9167 
123.35 	 0.9167 
123.40 	 0.9167 
123.45 	 0.9167 
123.50 	 0.9167 
123.55 	 0.9167 
123.60 	 0.9167 
123.65 	 0.9167 
123.70 	 0.9167 
123.75 	 0.9167 
123.80 	 0.9167 
123.85 	 0.9167 
123.90 	 0.9167 
123.95 	 0.9167 
124.00 	 0.9167 
124.05 	 0.9167 
124.10 	 0.9167 
124.15 	 0.9167 
124.20 	 0.9167 
124.25 	 0.9167 
124.30 	 0.9167 
124.35 	 0.9167 
124.40 	 0.9167 
124.45 	 0.9167 
124.50 	 0.9167 
124.55 	 0.9167 
124.60 	 0.9167 
124.65 	 0.9167 
124.70 	 0.9167 
124.75 	 0.9167 
124.80 	 0.9167 
124.85 	 0.9167 
124.90 	 0.9167 
124.95 	 0.9167 
125.00 	 0.9167 
125.05 	 0.9167 
125.10 	 0.9167 
125.15 	 0.9167 
125.20 	 0.9167 
125.25 	 0.9167 
125.30 	 0.9167 
125.35 	 0.9167 
125.40 	 0.9167 
125.45 	 0.9167 
125.50 	 0.9167 
125.55 	 0.8333 
125.60 	 0.8333 
125.65 	 0.8333 
125.70 	 0.8333 
125.75 	 0.8333 
125.80 	 0.8333 
125.85 	 0.8333 
125.90 	 0.8333 
125.95 	 0.8333 
126.00 	 0.8333 
126.05 	 0.8333 
126.10 	 0.8333 
126.15 	 0.8333 
126.20 	 0.8333 
126.25 	 0.8333 
126.30 	 0.8333 
126.35 	 0.8333 
126.40 	 0.8333 
126.45 	 0.8333 
126.50 	 0.8333 
126.55 	 0.8333 
126.60 	 0.9167 
126.65 	 0.9167 
126.70 	 0.9167 
126.75 	 0.9167 
126.80 	 0.9167 
126.85 	 0.9167 
126.90 	 0.9167 
126.95 	 0.9167 
127.00 	 0.9167 
127.05 	 0.9167 
127.10 	 0.9167 
127.15 	 0.9167 
127.20 	 0.9167 
127.25 	 1.0000 
127.30 	 1.0000 
127.35 	 1.0000 
127.40 	 1.0000 
127.45 	 1.0000 
127.50 	 1.0000 
127.55 	 1.0000 
127.60 	 1.0000 
127.65 	 1.0000 
127.70 	 1.0000 
127.75 	 1.0000 
127.80 	 1.0000 
127.85 	 1.0000 
127.90 	 1.0000 
127.95 	 1.0000 
128.00 	 1.0000 
128.05 	 1.0000 
128.10 	 1.0000 
128.15 	 1.0000 
128.20 	 1.0000 
128.25 	 1.0000 
128.30 	 1.0000 
128.35 	 1.0000 
128.40 	 1.0000 
128.45 	 1.0000 
128.50 	 1.0000 
128.55 	 1.0000 
128.60 	 1.0000 
128.65 	 1.0000 
128.70 	 1.0000 
128.75 	 1.0000 
128.80 	 1.0000 
128.85 	 1.0000 
128.90 	 1.0000 
128.95 	 1.0000 
129.00 	 1.0000 
129.05 	 1.0000 
129.10 	 1.0000 
129.15 	 1.0000 
129.20 	 1.0000 
129.25 	 1.0000 
129.30 	 1.0000 
129.35 	 1.0000 
129.40 	 1.0000 
129.45 	 1.0000 
129.50 	 1.0000 
129.55 	 1.0000 
129.60 	 1.0000 
129.65 	 1.0000 
129.70 	 1.0000 
129.75 	 1.0000 
129.80 	 1.0000 
129.85 	 1.0000 
129.90 	 1.0000 
129.95 	 1.0000 
130.00 	 1.0000 
130.05 	 1.0000 
130.10 	 1.0000 
130.15 	 1.0000 
130.20 	 1.0000 
130.25 	 1.0000 
130.30 	 1.0000 
130.35 	 1.0000 
130.40 	 1.0000 
130.45 	 1.0000 
130.50 	 1.0833 
130.55 	 1.0833 
130.60 	 1.0833 
130.65 	 1.0833 
130.70 	 1.0833 
130.75 	 1.0833 
130.80 	 1.0833 
130.85 	 1.0833 
130.90 	 1.0833 
130.95 	 1.0833 
131.00 	 1.0833 
131.05 	 1.0833 
131.10 	 1.0833 
131.15 	 1.0833 
131.20 	 1.0833 
131.25 	 1.0833 
131.30 	 1.0833 
131.35 	 1.0833 
131.40 	 1.0833 
131.45 	 1.0833 
131.50 	 1.0833 
131.55 	 1.0833 
131.60 	 1.0833 
131.65 	 1.0833 
131.70 	 1.0833 
131.75 	 1.0833 
131.80 	 1.1667 
131.85 	 1.1667 
131.90 	 1.1667 
131.95 	 1.1667 
132.00 	 1.1667 
132.05 	 1.1667 
132.10 	 1.1667 
132.15 	 1.1667 
132.20 	 1.1667 
132.25 	 1.1667 
132.30 	 1.1667 
132.35 	 1.1667 
132.40 	 1.1667 
132.45 	 1.1667 
132.50 	 1.1667 
132.55 	 1.1667 
132.60 	 1.1667 
132.65 	 1.1667 
132.70 	 1.1667 
132.75 	 1.1667 
132.80 	 1.1667 
132.85 	 1.1667 
132.90 	 1.1667 
132.95 	 1.1667 
133.00 	 1.1667 
133.05 	 1.1667 
133.10 	 1.1667 
133.15 	 1.1667 
133.20 	 1.1667 
133.25 	 1.1667 
133.30 	 1.1667 
133.35 	 1.1667 
133.40 	 1.1667 
133.45 	 1.1667 
133.50 	 1.1667 
133.55 	 1.1667 
133.60 	 1.1667 
133.65 	 1.1667 
133.70 	 1.1667 
133.75 	 1.1667 
133.80 	 1.1667 
133.85 	 1.1667 
133.90 	 1.1667 
133.95 	 1.1667 
134.00 	 1.1667 
134.05 	 1.1667 
134.10 	 1.1667 
134.15 	 1.1667 
134.20 	 1.1667 
134.25 	 1.1667 
134.30 	 1.1667 
134.35 	 1.1667 
134.40 	 1.1667 
134.45 	 1.1667 
134.50 	 1.1667 
134.55 	 1.1667 
134.60 	 1.1667 
134.65 	 1.1667 
134.70 	 1.1667 
134.75 	 1.1667 
134.80 	 1.1667 
134.85 	 1.1667 
134.90 	 1.1667 
134.95 	 1.1667 
135.00 	 1.1667 
135.05 	 1.1667 
135.10 	 1.1667 
135.15 	 1.1667 
135.20 	 1.1667 
135.25 	 1.1667 
135.30 	 1.1667 
135.35 	 1.1667 
135.40 	 1.1667 
135.45 	 1.1667 
135.50 	 1.1667 
135.55 	 1.1667 
135.60 	 1.1667 
135.65 	 1.1667 
135.70 	 1.1667 
135.75 	 1.1667 
135.80 	 1.1667 
135.85 	 1.1667 
135.90 	 1.1667 
135.95 	 1.1667 
136.00 	 1.1667 
136.05 	 1.1667 
136.10 	 1.1667 
136.15 	 1.1667 
136.20 	 1.1667 
136.25 	 1.1667 
136.30 	 1.1667 
136.35 	 1.1667 
136.40 	 1.1667 
136.45 	 1.1667 
136.50 	 1.1667 
136.55 	 1.1667 
136.60 	 1.0833 
136.65 	 1.0833 
136.70 	 1.0833 
136.75 	 1.0833 
136.80 	 1.0833 
136.85 	 1.0833 
136.90 	 1.0833 
136.95 	 1.0833 
137.00 	 1.0833 
137.05 	 1.0833 
137.10 	 1.0833 
137.15 	 1.0833 
137.20 	 1.0833 
137.25 	 1.0000 
137.30 	 1.0000 
137.35 	 1.0000 
137.40 	 1.0000 
137.45 	 1.0000 
137.50 	 1.0000 
137.55 	 1.0000 
137.60 	 1.0000 
137.65 	 1.0000 
137.70 	 1.0000 
137.75 	 1.0000 
137.80 	 1.0000 
137.85 	 1.0000 
137.90 	 1.0000 
137.95 	 1.0000 
138.00 	 1.0000 
138.05 	 1.0000 
138.10 	 1.0000 
138.15 	 1.0000 
138.20 	 1.0000 
138.25 	 1.0000 
138.30 	 1.0000 
138.35 	 1.0000 
138.40 	 1.0000 
138.45 	 1.0000 
138.50 	 1.0833 
138.55 	 1.0833 
138.60 	 1.0833 
138.65 	 1.0833 
138.70 	 1.0833 
138.75 	 1.0833 
138.80 	 1.0833 
138.85 	 1.0833 
138.90 	 1.0833 
138.95 	 1.0833 
139.00 	 1.0833 
139.05 	 1.0833 
139.10 	 1.0833 
139.15 	 1.0833 
139.20 	 1.0833 
139.25 	 1.0833 
139.30 	 1.0833 
139.35 	 1.0833 
139.40 	 1.0833 
139.45 	 1.0833 
139.50 	 1.0833 
139.55 	 1.0833 
139.60 	 1.0833 
139.65 	 1.0833 
139.70 	 1.0833 
139.75 	 1.0833 
139.80 	 1.0833 
139.85 	 1.0833 
139.90 	 1.0833 
139.95 	 1.0833 
140.00 	 1.0833 
140.05 	 1.0833 
140.10 	 1.0833 
140.15 	 1.0833 
140.20 	 1.0833 
140.25 	 1.0833 
140.30 	 1.0833 
140.35 	 1.0833 
140.40 	 1.0833 
140.45 	 1.0833 
140.50 	 1.0000 
140.55 	 1.0000 
140.60 	 1.0000 
140.65 	 1.0000 
140.70 	 1.0000 
140.75 	 1.0000 
140.80 	 1.0000 
140.85 	 1.0000 
140.90 	 1.0000 
140.95 	 1.0000 
141.00 	 1.0000 
141.05 	 1.0000 
141.10 	 1.0000 
141.15 	 1.0000 
141.20 	 1.0000 
141.25 	 1.0000 
141.30 	 1.0000 
141.35 	 1.0000 
141.40 	 1.0000 
141.45 	 1.0000 
141.50 	 1.0000 
141.55 	 1.0000 
141.60 	 1.0000 
141.65 	 1.0000 
141.70 	 1.0000 
141.75 	 1.0000 
141.80 	 0.9167 
141.85 	 0.9167 
141.90 	 0.9167 
141.95 	 0.9167 
142.00 	 0.9167 
142.05 	 0.9167 
142.10 	 0.9167 
142.15 	 0.9167 
142.20 	 0.9167 
142.25 	 0.9167 
142.30 	 0.9167 
142.35 	 0.9167 
142.40 	 0.9167 
142.45 	 0.9167 
142.50 	 0.9167 
142.55 	 0.9167 
142.60 	 0.9167 
142.65 	 0.9167 
142.70 	 0.9167 
142.75 	 0.9167 
142.80 	 0.9167 
142.85 	 0.9167 
142.90 	 0.9167 
142.95 	 0.9167 
143.00 	 0.9167 
143.05 	 0.9167 
143.10 	 0.9167 
143.15 	 0.9167 
143.20 	 0.9167 
143.25 	 0.9167 
143.30 	 0.9167 
143.35 	 0.9167 
143.40 	 0.9167 
143.45 	 0.9167 
143.50 	 0.9167 
143.55 	 0.9167 
143.60 	 0.9167 
143.65 	 0.9167 
143.70 	 0.9167 
143.75 	 0.9167 
143.80 	 0.9167 
143.85 	 0.9167 
143.90 	 0.9167 
143.95 	 0.9167 
144.00 	 0.9167 
144.05 	 0.9167 
144.10 	 0.9167 
144.15 	 0.9167 
144.20 	 0.9167 
144.25 	 0.9167 
144.30 	 0.9167 
144.35 	 0.9167 
144.40 	 0.9167 
144.45 	 0.9167 
144.50 	 0.9167 
144.55 	 0.9167 
144.60 	 0.9167 
144.65 	 0.9167 
144.70 	 0.9167 
144.75 	 0.9167 
144.80 	 0.9167 
144.85 	 0.9167 
144.90 	 0.9167 
144.95 	 0.9167 
145.00 	 0.9167 
145.05 	 0.9167 
145.10 	 0.9167 
145.15 	 0.9167 
145.20 	 0.9167 
145.25 	 0.9167 
145.30 	 0.9167 
145.35 	 0.9167 
145.40 	 0.9167 
145.45 	 0.9167 
145.50 	 0.9167 
145.55 	 0.9167 
145.60 	 0.9167 
145.65 	 0.9167 
145.70 	 0.9167 
145.75 	 0.9167 
145.80 	 0.9167 
145.85 	 0.9167 
145.90 	 0.9167 
145.95 	 0.9167 
146.00 	 0.9167 
146.05 	 0.9167 
146.10 	 0.9167 
146.15 	 0.9167 
146.20 	 0.9167 
146.25 	 0.9167 
146.30 	 0.9167 
146.35 	 0.9167 
146.40 	 0.9167 
146.45 	 0.9167 
146.50 	 0.9167 
146.55 	 0.9167 
146.60 	 0.9167 
146.65 	 0.9167 
146.70 	 0.9167 
146.75 	 0.9167 
146.80 	 0.9167 
146.85 	 0.9167 
146.90 	 0.9167 
146.95 	 0.9167 
147.00 	 0.9167 
147.05 	 0.9167 
147.10 	 0.9167 
147.15 	 0.9167 
147.20 	 0.9167 
147.25 	 0.9167 
147.30 	 0.9167 
147.35 	 0.9167 
147.40 	 0.9167 
147.45 	 0.9167 
147.50 	 0.9167 
147.55 	 0.9167 
147.60 	 0.9167 
147.65 	 0.9167 
147.70 	 0.9167 
147.75 	 0.9167 
147.80 	 0.9167 
147.85 	 0.9167 
147.90 	 0.9167 
147.95 	 0.9167 
148.00 	 0.9167 
148.05 	 0.9167 
148.10 	 0.9167 
148.15 	 0.9167 
148.20 	 0.9167 
148.25 	 0.9167 
148.30 	 0.9167 
148.35 	 0.9167 
148.40 	 0.9167 
148.45 	 0.9167 
148.50 	 0.9167 
148.55 	 0.9167 
148.60 	 0.9167 
148.65 	 0.9167 
148.70 	 0.9167 
148.75 	 0.9167 
148.80 	 0.9167 
148.85 	 0.9167 
148.90 	 0.9167 
148.95 	 0.9167 
149.00 	 0.9167 
149.05 	 0.9167 
149.10 	 0.9167 
149.15 	 0.9167 
149.20 	 0.9167 
149.25 	 0.9167 
149.30 	 0.9167 
149.35 	 0.9167 
149.40 	 0.9167 
149.45 	 0.9167 
149.50 	 0.9167 
149.55 	 0.9167 
149.60 	 0.9167 
149.65 	 0.9167 
149.70 	 0.9167 
149.75 	 0.9167 
149.80 	 0.9167 
149.85 	 0.9167 
149.90 	 0.9167 
149.95 	 0.9167 
150.00 	 0.9167 
150.05 	 0.9167 
150.10 	 0.9167 
150.15 	 0.9167 
150.20 	 0.9167 
150.25 	 0.9167 
150.30 	 0.9167 
150.35 	 0.9167 
150.40 	 0.9167 
150.45 	 0.9167 
150.50 	 0.9167 
150.55 	 0.9167 
150.60 	 0.9167 
150.65 	 0.9167 
150.70 	 0.9167 
150.75 	 0.9167 
150.80 	 0.9167 
150.85 	 0.9167 
150.90 	 0.9167 
150.95 	 0.9167 
151.00 	 0.9167 
151.05 	 0.9167 
151.10 	 0.9167 
151.15 	 0.9167 
151.20 	 0.9167 
151.25 	 0.9167 
151.30 	 0.9167 
151.35 	 0.9167 
151.40 	 0.9167 
151.45 	 0.9167 
151.50 	 0.9167 
151.55 	 0.9167 
151.60 	 0.9167 
151.65 	 0.9167 
151.70 	 0.9167 
151.75 	 0.9167 
151.80 	 0.9167 
151.85 	 0.9167 
151.90 	 0.9167 
151.95 	 0.9167 
152.00 	 0.9167 
152.05 	 0.9167 
152.10 	 0.9167 
152.15 	 0.9167 
152.20 	 0.9167 
152.25 	 0.9167 
152.30 	 0.9167 
152.35 	 0.9167 
152.40 	 0.9167 
152.45 	 0.9167 
152.50 	 0.9167 
152.55 	 0.9167 
152.60 	 0.9167 
152.65 	 0.9167 
152.70 	 0.9167 
152.75 	 0.9167 
152.80 	 0.9167 
152.85 	 0.9167 
152.90 	 0.9167 
152.95 	 0.9167 
153.00 	 0.9167 
153.05 	 0.9167 
153.10 	 0.9167 
153.15 	 0.9167 
153.20 	 0.9167 
153.25 	 0.9167 
153.30 	 0.9167 
153.35 	 0.9167 
153.40 	 0.9167 
153.45 	 0.9167 
153.50 	 0.9167 
153.55 	 0.9167 
153.60 	 0.9167 
153.65 	 0.9167 
153.70 	 0.9167 
153.75 	 0.9167 
153.80 	 0.9167 
153.85 	 0.9167 
153.90 	 0.9167 
153.95 	 0.9167 
154.00 	 0.9167 
154.05 	 0.9167 
154.10 	 0.9167 
154.15 	 0.9167 
154.20 	 0.9167 
154.25 	 0.9167 
154.30 	 0.9167 
154.35 	 0.9167 
154.40 	 0.9167 
154.45 	 0.9167 
154.50 	 0.9167 
154.55 	 0.9167 
154.60 	 0.9167 
154.65 	 0.9167 
154.70 	 0.9167 
154.75 	 0.9167 
154.80 	 0.9167 
154.85 	 0.9167 
154.90 	 0.9167 
154.95 	 0.9167 
155.00 	 0.9167 
155.05 	 0.9167 
155.10 	 0.9167 
155.15 	 0.9167 
155.20 	 0.9167 
155.25 	 0.9167 
155.30 	 0.9167 
155.35 	 0.9167 
155.40 	 0.9167 
155.45 	 0.9167 
155.50 	 0.9167 
155.55 	 0.9167 
155.60 	 1.0000 
155.65 	 1.0000 
155.70 	 1.0000 
155.75 	 1.0000 
155.80 	 1.0000 
155.85 	 1.0000 
155.90 	 1.0000 
155.95 	 1.0000 
156.00 	 1.0000 
156.05 	 1.0000 
156.10 	 1.0000 
156.15 	 1.0000 
156.20 	 1.0000 
156.25 	 1.0000 
156.30 	 1.0000 
156.35 	 1.0000 
156.40 	 1.0000 
156.45 	 1.0000 
156.50 	 1.0000 
156.55 	 1.0000 
156.60 	 1.0000 
156.65 	 1.0000 
156.70 	 1.0000 
156.75 	 1.0000 
156.80 	 1.0000 
156.85 	 1.0000 
156.90 	 1.0000 
156.95 	 1.0000 
157.00 	 1.0000 
157.05 	 1.0000 
157.10 	 1.0000 
157.15 	 1.0000 
157.20 	 1.0000 
157.25 	 1.0000 
157.30 	 1.0000 
157.35 	 1.0000 
157.40 	 1.0000 
157.45 	 1.0000 
157.50 	 1.0000 
157.55 	 1.0000 
157.60 	 1.0000 
157.65 	 1.0000 
157.70 	 1.0000 
157.75 	 1.0000 
157.80 	 1.0000 
157.85 	 1.0000 
157.90 	 1.0000 
157.95 	 1.0000 
158.00 	 1.0000 
158.05 	 1.0000 
158.10 	 1.0000 
158.15 	 1.0000 
158.20 	 1.0000 
158.25 	 1.0000 
158.30 	 1.0000 
158.35 	 1.0000 
158.40 	 1.0000 
158.45 	 1.0000 
158.50 	 0.9167 
158.55 	 1.0000 
158.60 	 1.0000 
158.65 	 1.0000 
158.70 	 1.0000 
158.75 	 1.0000 
158.80 	 1.0000 
158.85 	 1.0000 
158.90 	 1.0000 
158.95 	 1.0000 
159.00 	 1.0000 
159.05 	 1.0000 
159.10 	 1.0833 
159.15 	 1.0833 
159.20 	 1.0833 
159.25 	 1.0833 
159.30 	 1.0833 
159.35 	 1.0833 
159.40 	 1.0833 
159.45 	 1.0833 
159.50 	 1.0833 
159.55 	 1.0833 
159.60 	 1.0833 
159.65 	 1.0833 
159.70 	 1.0833 
159.75 	 1.0833 
159.80 	 1.0833 
159.85 	 1.0833 
159.90 	 1.0833 
159.95 	 1.0833 
160.00 	 1.0833 
160.05 	 1.0833 
160.10 	 1.0833 
160.15 	 1.0833 
160.20 	 1.0833 
160.25 	 1.0833 
160.30 	 1.0833 
160.35 	 1.0833 
160.40 	 1.0833 
160.45 	 1.0833 
160.50 	 1.0833 
160.55 	 1.0833 
160.60 	 1.0833 
160.65 	 1.0833 
160.70 	 1.0833 
160.75 	 1.0833 
160.80 	 1.0833 
160.85 	 1.0833 
160.90 	 1.0833 
160.95 	 1.0833 
161.00 	 1.0833 
161.05 	 1.0833 
161.10 	 1.0833 
161.15 	 1.0833 
161.20 	 1.0833 
161.25 	 1.0833 
161.30 	 1.0833 
161.35 	 1.0833 
161.40 	 1.0833 
161.45 	 1.0833 
161.50 	 1.0833 
161.55 	 1.0833 
161.60 	 1.0833 
161.65 	 1.0833 
161.70 	 1.0833 
161.75 	 1.0833 
161.80 	 1.0833 
161.85 	 1.0833 
161.90 	 1.0833 
161.95 	 1.0833 
162.00 	 1.0833 
162.05 	 1.0833 
162.10 	 1.0833 
162.15 	 1.0833 
162.20 	 1.0833 
162.25 	 1.0833 
162.30 	 1.0833 
162.35 	 1.0833 
162.40 	 1.0833 
162.45 	 1.0833 
162.50 	 1.0833 
162.55 	 1.0833 
162.60 	 1.0833 
162.65 	 1.0833 
162.70 	 1.0833 
162.75 	 1.0833 
162.80 	 1.0833 
162.85 	 1.0833 
162.90 	 1.0833 
162.95 	 1.0833 
163.00 	 1.0833 
163.05 	 1.0833 
163.10 	 1.0833 
163.15 	 1.0833 
163.20 	 1.0833 
163.25 	 1.0833 
163.30 	 1.0833 
163.35 	 1.0833 
163.40 	 1.0833 
163.45 	 1.0833 
163.50 	 1.0833 
163.55 	 1.0833 
163.60 	 1.0833 
163.65 	 1.0833 
163.70 	 1.0833 
163.75 	 1.0833 
163.80 	 1.0833 
163.85 	 1.0833 
163.90 	 1.0833 
163.95 	 1.0833 
164.00 	 1.0833 
164.05 	 1.0833 
164.10 	 1.0833 
164.15 	 1.0833 
164.20 	 1.0833 
164.25 	 1.0833 
164.30 	 1.0833 
164.35 	 1.0833 
164.40 	 1.0833 
164.45 	 1.0833 
164.50 	 1.0833 
164.55 	 1.0833 
164.60 	 1.0833 
164.65 	 1.0833 
164.70 	 1.0833 
164.75 	 1.0833 
164.80 	 1.0833 
164.85 	 1.0833 
164.90 	 1.0833 
164.95 	 1.0833 
165.00 	 1.0833 
165.05 	 1.0833 
165.10 	 1.0833 
165.15 	 1.0833 
165.20 	 1.0833 
165.25 	 1.0833 
165.30 	 1.0833 
165.35 	 1.0833 
165.40 	 1.0833 
165.45 	 1.0833 
165.50 	 1.0833 
165.55 	 1.1667 
165.60 	 1.0833 
165.65 	 1.0833 
165.70 	 1.0833 
165.75 	 1.0833 
165.80 	 1.0833 
165.85 	 1.0833 
165.90 	 1.0833 
165.95 	 1.0833 
166.00 	 1.0833 
166.05 	 1.0833 
166.10 	 1.0833 
166.15 	 1.0833 
166.20 	 1.0833 
166.25 	 1.0833 
166.30 	 1.0833 
166.35 	 1.0833 
166.40 	 1.0833 
166.45 	 1.0833 
166.50 	 1.0833 
166.55 	 1.0833 
166.60 	 1.0833 
166.65 	 1.0833 
166.70 	 1.0833 
166.75 	 1.0833 
166.80 	 1.0833 
166.85 	 1.0833 
166.90 	 1.0833 
166.95 	 1.0833 
167.00 	 1.0833 
167.05 	 1.0833 
167.10 	 1.0833 
167.15 	 1.0833 
167.20 	 1.0833 
167.25 	 1.0833 
167.30 	 1.0833 
167.35 	 1.0833 
167.40 	 1.0833 
167.45 	 1.0833 
167.50 	 1.0833 
167.55 	 1.0833 
167.60 	 1.0833 
167.65 	 1.0833 
167.70 	 1.0833 
167.75 	 1.0833 
167.80 	 1.0833 
167.85 	 1.0833 
167.90 	 1.0833 
167.95 	 1.0833 
168.00 	 1.0833 
168.05 	 1.0833 
168.10 	 1.0833 
168.15 	 1.0833 
168.20 	 1.0833 
168.25 	 1.0833 
168.30 	 1.0833 
168.35 	 1.0833 
168.40 	 1.0833 
168.45 	 1.0833 
168.50 	 1.0833 
168.55 	 1.0000 
168.60 	 1.0000 
168.65 	 1.0000 
168.70 	 1.0000 
168.75 	 1.0000 
168.80 	 1.0000 
168.85 	 1.0000 
168.90 	 1.0000 
168.95 	 1.0000 
169.00 	 1.0000 
169.05 	 1.0000 
169.10 	 0.9167 
169.15 	 0.9167 
169.20 	 0.9167 
169.25 	 0.9167 
169.30 	 0.9167 
169.35 	 0.9167 
169.40 	 0.9167 
169.45 	 0.9167 
169.50 	 0.9167 
169.55 	 0.9167 
169.60 	 0.9167 
169.65 	 0.9167 
169.70 	 0.9167 
169.75 	 0.9167 
169.80 	 0.9167 
169.85 	 0.9167 
169.90 	 0.9167 
169.95 	 0.9167 
170.00 	 0.9167 
170.05 	 0.9167 
170.10 	 0.9167 
170.15 	 0.9167 
170.20 	 0.9167 
170.25 	 0.9167 
170.30 	 0.9167 
170.35 	 0.9167 
170.40 	 0.9167 
170.45 	 0.9167 
170.50 	 0.9167 
170.55 	 0.9167 
170.60 	 0.9167 
170.65 	 0.9167 
170.70 	 0.9167 
170.75 	 0.9167 
170.80 	 0.9167 
170.85 	 0.9167 
170.90 	 0.9167 
170.95 	 0.9167 
171.00 	 0.9167 
171.05 	 0.9167 
171.10 	 0.9167 
171.15 	 0.9167 
171.20 	 0.9167 
171.25 	 0.9167 
171.30 	 0.9167 
171.35 	 0.9167 
171.40 	 0.9167 
171.45 	 0.9167 
171.50 	 0.9167 
171.55 	 0.9167 
171.60 	 0.9167 
171.65 	 0.9167 
171.70 	 0.9167 
171.75 	 0.9167 
171.80 	 0.9167 
171.85 	 0.9167 
171.90 	 0.9167 
171.95 	 0.9167 
172.00 	 0.9167 
172.05 	 0.9167 
172.10 	 0.9167 
172.15 	 0.9167 
172.20 	 0.9167 
172.25 	 0.9167 
172.30 	 0.9167 
172.35 	 0.9167 
172.40 	 0.9167 
172.45 	 0.9167 
172.50 	 0.9167 
172.55 	 0.9167 
172.60 	 0.9167 
172.65 	 0.9167 
172.70 	 0.9167 
172.75 	 0.9167 
172.80 	 0.9167 
172.85 	 0.9167 
172.90 	 0.9167 
172.95 	 0.9167 
173.00 	 0.9167 
173.05 	 0.9167 
173.10 	 0.9167 
173.15 	 0.9167 
173.20 	 0.9167 
173.25 	 0.9167 
173.30 	 0.9167 
173.35 	 0.9167 
173.40 	 0.9167 
173.45 	 0.9167 
173.50 	 0.9167 
173.55 	 0.9167 
173.60 	 0.9167 
173.65 	 0.9167 
173.70 	 0.9167 
173.75 	 0.9167 
173.80 	 0.9167 
173.85 	 0.9167 
173.90 	 0.9167 
173.95 	 0.9167 
174.00 	 0.9167 
174.05 	 0.9167 
174.10 	 0.9167 
174.15 	 0.9167 
174.20 	 0.9167 
174.25 	 0.9167 
174.30 	 0.9167 
174.35 	 0.9167 
174.40 	 0.9167 
174.45 	 0.9167 
174.50 	 0.9167 
174.55 	 0.9167 
174.60 	 0.9167 
174.65 	 0.9167 
174.70 	 0.9167 
174.75 	 0.9167 
174.80 	 0.9167 
174.85 	 0.9167 
174.90 	 0.9167 
174.95 	 0.9167 
175.00 	 0.9167 
175.05 	 0.9167 
175.10 	 0.9167 
175.15 	 0.9167 
175.20 	 0.9167 
175.25 	 0.9167 
175.30 	 0.9167 
175.35 	 0.9167 
175.40 	 0.9167 
175.45 	 0.9167 
175.50 	 0.9167 
175.55 	 0.8333 
175.60 	 0.8333 
175.65 	 0.8333 
175.70 	 0.8333 
175.75 	 0.8333 
175.80 	 0.8333 
175.85 	 0.8333 
175.90 	 0.8333 
175.95 	 0.8333 
176.00 	 0.8333 
176.05 	 0.8333 
176.10 	 0.8333 
176.15 	 0.8333 
176.20 	 0.8333 
176.25 	 0.8333 
176.30 	 0.8333 
176.35 	 0.8333 
176.40 	 0.8333 
176.45 	 0.8333 
176.50 	 0.8333 
176.55 	 0.8333 
176.60 	 0.9167 
176.65 	 0.9167 
176.70 	 0.9167 
176.75 	 0.9167 
176.80 	 0.9167 
176.85 	 0.9167 
176.90 	 0.9167 
176.95 	 0.9167 
177.00 	 0.9167 
177.05 	 0.9167 
177.10 	 0.9167 
177.15 	 0.9167 
177.20 	 0.9167 
177.25 	 1.0000 
177.30 	 1.0000 
177.35 	 1.0000 
177.40 	 1.0000 
177.45 	 1.0000 
177.50 	 1.0000 
177.55 	 1.0000 
177.60 	 1.0000 
177.65 	 1.0000 
177.70 	 1.0000 
177.75 	 1.0000 
177.80 	 1.0000 
177.85 	 1.0000 
177.90 	 1.0000 
177.95 	 1.0000 
178.00 	 1.0000 
178.05 	 1.0000 
178.10 	 1.0000 
178.15 	 1.0000 
178.20 	 1.0000 
178.25 	 1.0000 
178.30 	 1.0000 
178.35 	 1.0000 
178.40 	 1.0000 
178.45 	 1.0000 
178.50 	 1.0000 
178.55 	 1.0000 
178.60 	 1.0000 
178.65 	 1.0000 
178.70 	 1.0000 
178.75 	 1.0000 
178.80 	 1.0000 
178.85 	 1.0000 
178.90 	 1.0000 
178.95 	 1.0000 
179.00 	 1.0000 
179.05 	 1.0000 
179.10 	 1.0000 
179.15 	 1.0000 
179.20 	 1.0000 
179.25 	 1.0000 
179.30 	 1.0000 
179.35 	 1.0000 
179.40 	 1.0000 
179.45 	 1.0000 
179.50 	 1.0000 
179.55 	 1.0000 
179.60 	 1.0000 
179.65 	 1.0000 
179.70 	 1.0000 
179.75 	 1.0000 
179.80 	 1.0000 
179.85 	 1.0000 
179.90 	 1.0000 
179.95 	 1.0000 
180.00 	 1.0000 
