# Optimal flow dependent on time 
 # Aggressives: 6 
0.05 	 0.8367 
0.10 	 0.8367 
0.15 	 0.8367 
0.20 	 0.8367 
0.25 	 0.8367 
0.30 	 0.8367 
0.35 	 0.8367 
0.40 	 0.8367 
0.45 	 0.8367 
0.50 	 0.8367 
0.55 	 0.8367 
0.60 	 0.8367 
0.65 	 0.8367 
0.70 	 0.8367 
0.75 	 0.8367 
0.80 	 0.8367 
0.85 	 0.8367 
0.90 	 0.8367 
0.95 	 0.8367 
1.00 	 0.8367 
1.05 	 0.8199 
1.10 	 0.8199 
1.15 	 0.8199 
1.20 	 0.8199 
1.25 	 0.8199 
1.30 	 0.8199 
1.35 	 0.8199 
1.40 	 0.8199 
1.45 	 0.8199 
1.50 	 0.8199 
1.55 	 0.8199 
1.60 	 0.8199 
1.65 	 0.8199 
1.70 	 0.8199 
1.75 	 0.8199 
1.80 	 0.8032 
1.85 	 0.8032 
1.90 	 0.8032 
1.95 	 0.8032 
2.00 	 0.8032 
2.05 	 0.8032 
2.10 	 0.8032 
2.15 	 0.8032 
2.20 	 0.8032 
2.25 	 0.8032 
2.30 	 0.8032 
2.35 	 0.8032 
2.40 	 0.8032 
2.45 	 0.8032 
2.50 	 0.7865 
2.55 	 0.7865 
2.60 	 0.7865 
2.65 	 0.7865 
2.70 	 0.7865 
2.75 	 0.7865 
2.80 	 0.7865 
2.85 	 0.7865 
2.90 	 0.7865 
2.95 	 0.7865 
3.00 	 0.7865 
3.05 	 0.7865 
3.10 	 0.7865 
3.15 	 0.7865 
3.20 	 0.7865 
3.25 	 0.7865 
3.30 	 0.7865 
3.35 	 0.7865 
3.40 	 0.7865 
3.45 	 0.7865 
3.50 	 0.7865 
3.55 	 0.8032 
3.60 	 0.8032 
3.65 	 0.8032 
3.70 	 0.8032 
3.75 	 0.8032 
3.80 	 0.8032 
3.85 	 0.8032 
3.90 	 0.8032 
3.95 	 0.8032 
4.00 	 0.8032 
4.05 	 0.7865 
4.10 	 0.7865 
4.15 	 0.7865 
4.20 	 0.7865 
4.25 	 0.7865 
4.30 	 0.8032 
4.35 	 0.8032 
4.40 	 0.8032 
4.45 	 0.8032 
4.50 	 0.8032 
4.55 	 0.8032 
4.60 	 0.7865 
4.65 	 0.7865 
4.70 	 0.7865 
4.75 	 0.7865 
4.80 	 0.7865 
4.85 	 0.7865 
4.90 	 0.7865 
4.95 	 0.7865 
5.00 	 0.8032 
5.05 	 0.8032 
5.10 	 0.8032 
5.15 	 0.7865 
5.20 	 0.7865 
5.25 	 0.7865 
5.30 	 0.7865 
5.35 	 0.7865 
5.40 	 0.7865 
5.45 	 0.7865 
5.50 	 0.7865 
5.55 	 0.7865 
5.60 	 0.7865 
5.65 	 0.7865 
5.70 	 0.7697 
5.75 	 0.7697 
5.80 	 0.7697 
5.85 	 0.7697 
5.90 	 0.7697 
5.95 	 0.7697 
6.00 	 0.7697 
6.05 	 0.7697 
6.10 	 0.7697 
6.15 	 0.7697 
6.20 	 0.7697 
6.25 	 0.7530 
6.30 	 0.7530 
6.35 	 0.7530 
6.40 	 0.7530 
6.45 	 0.7530 
6.50 	 0.7530 
6.55 	 0.7697 
6.60 	 0.7697 
6.65 	 0.7697 
6.70 	 0.7697 
6.75 	 0.7697 
6.80 	 0.7697 
6.85 	 0.7530 
6.90 	 0.7530 
6.95 	 0.7530 
7.00 	 0.7530 
7.05 	 0.7530 
7.10 	 0.7697 
7.15 	 0.7697 
7.20 	 0.7697 
7.25 	 0.7697 
7.30 	 0.7697 
7.35 	 0.7697 
7.40 	 0.7530 
7.45 	 0.7530 
7.50 	 0.7530 
7.55 	 0.7530 
7.60 	 0.7530 
7.65 	 0.7697 
7.70 	 0.7697 
7.75 	 0.7697 
7.80 	 0.7697 
7.85 	 0.7697 
7.90 	 0.7697 
7.95 	 0.7530 
8.00 	 0.7530 
8.05 	 0.7530 
8.10 	 0.7530 
8.15 	 0.7530 
8.20 	 0.7697 
8.25 	 0.7697 
8.30 	 0.7697 
8.35 	 0.7697 
8.40 	 0.7697 
8.45 	 0.7697 
8.50 	 0.7697 
8.55 	 0.7697 
8.60 	 0.7697 
8.65 	 0.7697 
8.70 	 0.7697 
8.75 	 0.7865 
8.80 	 0.7865 
8.85 	 0.7865 
8.90 	 0.7865 
8.95 	 0.7865 
9.00 	 0.7865 
9.05 	 0.7865 
9.10 	 0.7865 
9.15 	 0.7865 
9.20 	 0.7865 
9.25 	 0.7865 
9.30 	 0.7865 
9.35 	 0.8032 
9.40 	 0.8032 
9.45 	 0.8032 
9.50 	 0.8032 
9.55 	 0.8032 
9.60 	 0.8032 
9.65 	 0.8032 
9.70 	 0.8032 
9.75 	 0.8032 
9.80 	 0.8032 
9.85 	 0.8032 
9.90 	 0.8199 
9.95 	 0.8199 
10.00 	 0.8199 
10.05 	 0.8199 
10.10 	 0.8199 
10.15 	 0.8199 
10.20 	 0.8199 
10.25 	 0.8199 
10.30 	 0.8199 
10.35 	 0.8199 
10.40 	 0.8199 
10.45 	 0.8367 
10.50 	 0.8367 
10.55 	 0.8367 
10.60 	 0.8367 
10.65 	 0.8367 
10.70 	 0.8367 
10.75 	 0.8199 
10.80 	 0.8199 
10.85 	 0.8199 
10.90 	 0.8199 
10.95 	 0.8199 
11.00 	 0.8199 
11.05 	 0.8199 
11.10 	 0.8199 
11.15 	 0.8199 
11.20 	 0.8199 
11.25 	 0.8199 
11.30 	 0.8199 
11.35 	 0.8199 
11.40 	 0.8032 
11.45 	 0.8032 
11.50 	 0.8032 
11.55 	 0.8032 
11.60 	 0.8032 
11.65 	 0.8032 
11.70 	 0.8032 
11.75 	 0.8032 
11.80 	 0.8032 
11.85 	 0.8032 
11.90 	 0.8032 
11.95 	 0.8032 
12.00 	 0.7865 
12.05 	 0.7865 
12.10 	 0.7865 
12.15 	 0.7865 
12.20 	 0.7865 
12.25 	 0.7865 
12.30 	 0.7865 
12.35 	 0.7865 
12.40 	 0.7865 
12.45 	 0.7865 
12.50 	 0.7865 
12.55 	 0.7865 
12.60 	 0.7697 
12.65 	 0.7697 
12.70 	 0.7697 
12.75 	 0.7697 
12.80 	 0.7697 
12.85 	 0.7697 
12.90 	 0.7697 
12.95 	 0.7697 
13.00 	 0.7697 
13.05 	 0.7697 
13.10 	 0.7697 
13.15 	 0.7530 
13.20 	 0.7530 
13.25 	 0.7697 
13.30 	 0.7697 
13.35 	 0.7697 
13.40 	 0.7697 
13.45 	 0.7697 
13.50 	 0.7697 
13.55 	 0.7697 
13.60 	 0.7697 
13.65 	 0.7697 
13.70 	 0.7697 
13.75 	 0.7530 
13.80 	 0.7530 
13.85 	 0.7530 
13.90 	 0.7697 
13.95 	 0.7697 
14.00 	 0.7697 
14.05 	 0.7697 
14.10 	 0.7697 
14.15 	 0.7697 
14.20 	 0.7697 
14.25 	 0.7697 
14.30 	 0.7530 
14.35 	 0.7530 
14.40 	 0.7530 
14.45 	 0.7530 
14.50 	 0.7697 
14.55 	 0.7697 
14.60 	 0.7697 
14.65 	 0.7697 
14.70 	 0.7697 
14.75 	 0.7697 
14.80 	 0.7697 
14.85 	 0.7530 
14.90 	 0.7530 
14.95 	 0.7530 
15.00 	 0.7530 
15.05 	 0.7530 
15.10 	 0.7697 
15.15 	 0.7697 
15.20 	 0.7697 
15.25 	 0.7697 
15.30 	 0.7697 
15.35 	 0.7697 
15.40 	 0.7697 
15.45 	 0.7697 
15.50 	 0.7697 
15.55 	 0.7697 
15.60 	 0.7697 
15.65 	 0.7865 
15.70 	 0.7865 
15.75 	 0.7865 
15.80 	 0.7865 
15.85 	 0.7865 
15.90 	 0.7865 
15.95 	 0.7865 
16.00 	 0.7865 
16.05 	 0.7865 
16.10 	 0.7865 
16.15 	 0.7865 
16.20 	 0.7865 
16.25 	 0.8032 
16.30 	 0.8032 
16.35 	 0.8032 
16.40 	 0.8032 
16.45 	 0.8032 
16.50 	 0.8032 
16.55 	 0.8032 
16.60 	 0.8032 
16.65 	 0.8032 
16.70 	 0.8032 
16.75 	 0.8032 
16.80 	 0.8199 
16.85 	 0.8199 
16.90 	 0.8199 
16.95 	 0.8199 
17.00 	 0.8199 
17.05 	 0.8199 
17.10 	 0.8199 
17.15 	 0.8199 
17.20 	 0.8199 
17.25 	 0.8199 
17.30 	 0.8199 
17.35 	 0.8367 
17.40 	 0.8367 
17.45 	 0.8367 
17.50 	 0.8367 
17.55 	 0.8367 
17.60 	 0.8367 
17.65 	 0.8367 
17.70 	 0.8367 
17.75 	 0.8367 
17.80 	 0.8367 
17.85 	 0.8367 
17.90 	 0.8367 
17.95 	 0.8367 
18.00 	 0.8367 
18.05 	 0.8367 
18.10 	 0.8367 
18.15 	 0.8367 
18.20 	 0.8367 
18.25 	 0.8367 
18.30 	 0.8367 
18.35 	 0.8367 
18.40 	 0.8367 
18.45 	 0.8367 
18.50 	 0.8367 
18.55 	 0.8367 
18.60 	 0.8367 
18.65 	 0.8367 
18.70 	 0.8367 
18.75 	 0.8367 
18.80 	 0.8367 
18.85 	 0.8367 
18.90 	 0.8367 
18.95 	 0.8367 
19.00 	 0.8367 
19.05 	 0.8367 
19.10 	 0.8367 
19.15 	 0.8367 
19.20 	 0.8367 
19.25 	 0.8367 
19.30 	 0.8367 
19.35 	 0.8367 
19.40 	 0.8367 
19.45 	 0.8367 
19.50 	 0.8367 
19.55 	 0.8367 
19.60 	 0.8367 
19.65 	 0.8367 
19.70 	 0.8367 
19.75 	 0.8367 
19.80 	 0.8367 
19.85 	 0.8367 
19.90 	 0.8367 
19.95 	 0.8367 
20.00 	 0.8367 
20.05 	 0.8367 
20.10 	 0.8367 
20.15 	 0.8367 
20.20 	 0.8367 
20.25 	 0.8367 
20.30 	 0.8367 
20.35 	 0.8367 
20.40 	 0.8367 
20.45 	 0.8367 
20.50 	 0.8367 
20.55 	 0.8367 
20.60 	 0.8367 
20.65 	 0.8367 
20.70 	 0.8367 
20.75 	 0.8367 
20.80 	 0.8367 
20.85 	 0.8367 
20.90 	 0.8367 
20.95 	 0.8367 
21.00 	 0.8367 
21.05 	 0.8367 
21.10 	 0.8367 
21.15 	 0.8367 
21.20 	 0.8367 
21.25 	 0.8367 
21.30 	 0.8367 
21.35 	 0.8367 
21.40 	 0.8367 
21.45 	 0.8367 
21.50 	 0.8367 
21.55 	 0.8367 
21.60 	 0.8367 
21.65 	 0.8367 
21.70 	 0.8367 
21.75 	 0.8367 
21.80 	 0.8367 
21.85 	 0.8367 
21.90 	 0.8367 
21.95 	 0.8367 
22.00 	 0.8367 
22.05 	 0.8367 
22.10 	 0.8367 
22.15 	 0.8367 
22.20 	 0.8367 
22.25 	 0.8367 
22.30 	 0.8367 
22.35 	 0.8367 
22.40 	 0.8367 
22.45 	 0.8367 
22.50 	 0.8367 
22.55 	 0.8367 
22.60 	 0.8367 
22.65 	 0.8367 
22.70 	 0.8367 
22.75 	 0.8367 
22.80 	 0.8367 
22.85 	 0.8367 
22.90 	 0.8367 
22.95 	 0.8367 
23.00 	 0.8367 
23.05 	 0.8367 
23.10 	 0.8367 
23.15 	 0.8367 
23.20 	 0.8367 
23.25 	 0.8367 
23.30 	 0.8367 
23.35 	 0.8367 
23.40 	 0.8367 
23.45 	 0.8367 
23.50 	 0.8367 
23.55 	 0.8367 
23.60 	 0.8367 
23.65 	 0.8367 
23.70 	 0.8367 
23.75 	 0.8367 
23.80 	 0.8367 
23.85 	 0.8367 
23.90 	 0.8367 
23.95 	 0.8367 
24.00 	 0.8367 
24.05 	 0.8367 
24.10 	 0.8367 
24.15 	 0.8367 
24.20 	 0.8367 
24.25 	 0.8367 
24.30 	 0.8367 
24.35 	 0.8367 
24.40 	 0.8367 
24.45 	 0.8367 
24.50 	 0.8367 
24.55 	 0.8367 
24.60 	 0.8367 
24.65 	 0.8367 
24.70 	 0.8367 
24.75 	 0.8367 
24.80 	 0.8367 
24.85 	 0.8367 
24.90 	 0.8367 
24.95 	 0.8367 
25.00 	 0.8367 
25.05 	 0.8367 
25.10 	 0.8367 
25.15 	 0.8367 
25.20 	 0.8367 
25.25 	 0.8367 
25.30 	 0.8367 
25.35 	 0.8367 
25.40 	 0.8367 
25.45 	 0.8367 
25.50 	 0.8367 
25.55 	 0.8367 
25.60 	 0.8367 
25.65 	 0.8367 
25.70 	 0.8367 
25.75 	 0.8367 
25.80 	 0.8367 
25.85 	 0.8367 
25.90 	 0.8367 
25.95 	 0.8367 
26.00 	 0.8367 
26.05 	 0.8367 
26.10 	 0.8367 
26.15 	 0.8367 
26.20 	 0.8367 
26.25 	 0.8367 
26.30 	 0.8367 
26.35 	 0.8367 
26.40 	 0.8367 
26.45 	 0.8367 
26.50 	 0.8367 
26.55 	 0.8367 
26.60 	 0.8367 
26.65 	 0.8367 
26.70 	 0.8367 
26.75 	 0.8367 
26.80 	 0.8367 
26.85 	 0.8367 
26.90 	 0.8367 
26.95 	 0.8367 
27.00 	 0.8367 
27.05 	 0.8367 
27.10 	 0.8367 
27.15 	 0.8367 
27.20 	 0.8367 
27.25 	 0.8367 
27.30 	 0.8367 
27.35 	 0.8367 
27.40 	 0.8367 
27.45 	 0.8367 
27.50 	 0.8367 
27.55 	 0.8367 
27.60 	 0.8367 
27.65 	 0.8367 
27.70 	 0.8367 
27.75 	 0.8367 
27.80 	 0.8367 
27.85 	 0.8367 
27.90 	 0.8367 
27.95 	 0.8367 
28.00 	 0.8367 
28.05 	 0.8367 
28.10 	 0.8367 
28.15 	 0.8367 
28.20 	 0.8367 
28.25 	 0.8367 
28.30 	 0.8367 
28.35 	 0.8367 
28.40 	 0.8367 
28.45 	 0.8367 
28.50 	 0.8367 
28.55 	 0.8367 
28.60 	 0.8367 
28.65 	 0.8367 
28.70 	 0.8367 
28.75 	 0.8367 
28.80 	 0.8367 
28.85 	 0.8367 
28.90 	 0.8367 
28.95 	 0.8199 
29.00 	 0.8199 
29.05 	 0.8199 
29.10 	 0.8199 
29.15 	 0.8199 
29.20 	 0.8199 
29.25 	 0.8199 
29.30 	 0.8199 
29.35 	 0.8199 
29.40 	 0.8199 
29.45 	 0.8199 
29.50 	 0.8199 
29.55 	 0.8199 
29.60 	 0.8199 
29.65 	 0.8199 
29.70 	 0.8199 
29.75 	 0.8199 
29.80 	 0.8199 
29.85 	 0.8032 
29.90 	 0.8032 
29.95 	 0.8032 
30.00 	 0.8032 
30.05 	 0.8032 
30.10 	 0.8032 
30.15 	 0.8032 
30.20 	 0.8032 
30.25 	 0.8032 
30.30 	 0.8032 
30.35 	 0.8032 
30.40 	 0.8032 
30.45 	 0.8032 
30.50 	 0.7865 
30.55 	 0.7865 
30.60 	 0.7865 
30.65 	 0.7865 
30.70 	 0.7865 
30.75 	 0.7865 
30.80 	 0.7865 
30.85 	 0.7865 
30.90 	 0.7865 
30.95 	 0.7865 
31.00 	 0.7865 
31.05 	 0.7865 
31.10 	 0.7697 
31.15 	 0.7697 
31.20 	 0.7697 
31.25 	 0.7697 
31.30 	 0.7697 
31.35 	 0.7697 
31.40 	 0.7697 
31.45 	 0.7865 
31.50 	 0.7865 
31.55 	 0.7865 
31.60 	 0.7865 
31.65 	 0.7865 
31.70 	 0.7865 
31.75 	 0.7697 
31.80 	 0.7697 
31.85 	 0.7697 
31.90 	 0.7697 
31.95 	 0.7697 
32.00 	 0.7697 
32.05 	 0.7697 
32.10 	 0.7697 
32.15 	 0.7530 
32.20 	 0.7530 
32.25 	 0.7530 
32.30 	 0.7530 
32.35 	 0.7697 
32.40 	 0.7697 
32.45 	 0.7697 
32.50 	 0.7697 
32.55 	 0.7697 
32.60 	 0.7697 
32.65 	 0.7697 
32.70 	 0.7530 
32.75 	 0.7530 
32.80 	 0.7530 
32.85 	 0.7530 
32.90 	 0.7530 
32.95 	 0.7530 
33.00 	 0.7697 
33.05 	 0.7697 
33.10 	 0.7697 
33.15 	 0.7697 
33.20 	 0.7697 
33.25 	 0.7530 
33.30 	 0.7530 
33.35 	 0.7530 
33.40 	 0.7530 
33.45 	 0.7530 
33.50 	 0.7530 
33.55 	 0.7530 
33.60 	 0.7697 
33.65 	 0.7697 
33.70 	 0.7697 
33.75 	 0.7697 
33.80 	 0.7530 
33.85 	 0.7530 
33.90 	 0.7530 
33.95 	 0.7530 
34.00 	 0.7530 
34.05 	 0.7530 
34.10 	 0.7530 
34.15 	 0.7530 
34.20 	 0.7530 
34.25 	 0.7697 
34.30 	 0.7697 
34.35 	 0.7697 
34.40 	 0.7530 
34.45 	 0.7530 
34.50 	 0.7530 
34.55 	 0.7530 
34.60 	 0.7530 
34.65 	 0.7697 
34.70 	 0.7697 
34.75 	 0.7697 
34.80 	 0.7697 
34.85 	 0.7530 
34.90 	 0.7530 
34.95 	 0.7530 
35.00 	 0.7530 
35.05 	 0.7530 
35.10 	 0.7530 
35.15 	 0.7530 
35.20 	 0.7697 
35.25 	 0.7697 
35.30 	 0.7697 
35.35 	 0.7697 
35.40 	 0.7530 
35.45 	 0.7530 
35.50 	 0.7530 
35.55 	 0.7530 
35.60 	 0.7530 
35.65 	 0.7530 
35.70 	 0.7530 
35.75 	 0.7697 
35.80 	 0.7697 
35.85 	 0.7697 
35.90 	 0.7530 
35.95 	 0.7530 
36.00 	 0.7530 
36.05 	 0.7530 
36.10 	 0.7530 
36.15 	 0.7530 
36.20 	 0.7530 
36.25 	 0.7530 
36.30 	 0.7697 
36.35 	 0.7697 
36.40 	 0.7697 
36.45 	 0.7530 
36.50 	 0.7530 
36.55 	 0.7530 
36.60 	 0.7530 
36.65 	 0.7530 
36.70 	 0.7530 
36.75 	 0.7530 
36.80 	 0.7530 
36.85 	 0.7530 
36.90 	 0.7697 
36.95 	 0.7697 
37.00 	 0.7697 
37.05 	 0.7697 
37.10 	 0.7530 
37.15 	 0.7530 
37.20 	 0.7530 
37.25 	 0.7530 
37.30 	 0.7530 
37.35 	 0.7697 
37.40 	 0.7697 
37.45 	 0.7697 
37.50 	 0.7697 
37.55 	 0.7697 
37.60 	 0.7697 
37.65 	 0.7530 
37.70 	 0.7530 
37.75 	 0.7530 
37.80 	 0.7530 
37.85 	 0.7530 
37.90 	 0.7697 
37.95 	 0.7697 
38.00 	 0.7697 
38.05 	 0.7697 
38.10 	 0.7697 
38.15 	 0.7697 
38.20 	 0.7697 
38.25 	 0.7530 
38.30 	 0.7530 
38.35 	 0.7530 
38.40 	 0.7697 
38.45 	 0.7697 
38.50 	 0.7697 
38.55 	 0.7697 
38.60 	 0.7697 
38.65 	 0.7697 
38.70 	 0.7697 
38.75 	 0.7697 
38.80 	 0.7530 
38.85 	 0.7530 
38.90 	 0.7530 
38.95 	 0.7697 
39.00 	 0.7697 
39.05 	 0.7697 
39.10 	 0.7697 
39.15 	 0.7697 
39.20 	 0.7697 
39.25 	 0.7697 
39.30 	 0.7697 
39.35 	 0.7697 
39.40 	 0.7530 
39.45 	 0.7530 
39.50 	 0.7530 
39.55 	 0.7530 
39.60 	 0.7697 
39.65 	 0.7697 
39.70 	 0.7697 
39.75 	 0.7697 
39.80 	 0.7697 
39.85 	 0.7697 
39.90 	 0.7697 
39.95 	 0.7697 
40.00 	 0.7697 
40.05 	 0.7697 
40.10 	 0.7697 
40.15 	 0.7865 
40.20 	 0.7865 
40.25 	 0.7865 
40.30 	 0.7865 
40.35 	 0.7865 
40.40 	 0.7865 
40.45 	 0.7865 
40.50 	 0.7865 
40.55 	 0.7865 
40.60 	 0.7865 
40.65 	 0.7865 
40.70 	 0.7865 
40.75 	 0.7865 
40.80 	 0.7865 
40.85 	 0.7865 
40.90 	 0.7865 
40.95 	 0.7865 
41.00 	 0.7865 
41.05 	 0.7865 
41.10 	 0.7865 
41.15 	 0.7865 
41.20 	 0.7865 
41.25 	 0.7865 
41.30 	 0.8032 
41.35 	 0.8032 
41.40 	 0.8032 
41.45 	 0.8032 
41.50 	 0.8032 
41.55 	 0.8032 
41.60 	 0.8032 
41.65 	 0.8032 
41.70 	 0.8032 
41.75 	 0.8032 
41.80 	 0.8032 
41.85 	 0.8032 
41.90 	 0.8199 
41.95 	 0.8199 
42.00 	 0.8199 
42.05 	 0.8199 
42.10 	 0.8199 
42.15 	 0.8199 
42.20 	 0.8199 
42.25 	 0.8199 
42.30 	 0.8199 
42.35 	 0.8199 
42.40 	 0.8199 
42.45 	 0.8367 
42.50 	 0.8367 
42.55 	 0.8367 
42.60 	 0.8367 
42.65 	 0.8367 
42.70 	 0.8367 
42.75 	 0.8367 
42.80 	 0.8367 
42.85 	 0.8367 
42.90 	 0.8367 
42.95 	 0.8367 
43.00 	 0.8367 
43.05 	 0.8367 
43.10 	 0.8367 
43.15 	 0.8367 
43.20 	 0.8367 
43.25 	 0.8367 
43.30 	 0.8367 
43.35 	 0.8367 
43.40 	 0.8367 
43.45 	 0.8367 
43.50 	 0.8367 
43.55 	 0.8367 
43.60 	 0.8367 
43.65 	 0.8367 
43.70 	 0.8367 
43.75 	 0.8367 
43.80 	 0.8367 
43.85 	 0.8367 
43.90 	 0.8367 
43.95 	 0.8367 
44.00 	 0.8367 
44.05 	 0.8367 
44.10 	 0.8367 
44.15 	 0.8367 
44.20 	 0.8367 
44.25 	 0.8367 
44.30 	 0.8367 
44.35 	 0.8367 
44.40 	 0.8367 
44.45 	 0.8367 
44.50 	 0.8367 
44.55 	 0.8367 
44.60 	 0.8367 
44.65 	 0.8367 
44.70 	 0.8367 
44.75 	 0.8367 
44.80 	 0.8367 
44.85 	 0.8367 
44.90 	 0.8367 
44.95 	 0.8367 
45.00 	 0.8367 
45.05 	 0.8367 
45.10 	 0.8367 
45.15 	 0.8367 
45.20 	 0.8367 
45.25 	 0.8367 
45.30 	 0.8367 
45.35 	 0.8367 
45.40 	 0.8367 
45.45 	 0.8367 
45.50 	 0.8367 
45.55 	 0.8367 
45.60 	 0.8367 
45.65 	 0.8367 
45.70 	 0.8367 
45.75 	 0.8367 
45.80 	 0.8367 
45.85 	 0.8367 
45.90 	 0.8367 
45.95 	 0.8367 
46.00 	 0.8367 
46.05 	 0.8367 
46.10 	 0.8367 
46.15 	 0.8367 
46.20 	 0.8367 
46.25 	 0.8367 
46.30 	 0.8367 
46.35 	 0.8367 
46.40 	 0.8367 
46.45 	 0.8367 
46.50 	 0.8367 
46.55 	 0.8367 
46.60 	 0.8367 
46.65 	 0.8367 
46.70 	 0.8367 
46.75 	 0.8367 
46.80 	 0.8367 
46.85 	 0.8367 
46.90 	 0.8367 
46.95 	 0.8367 
47.00 	 0.8367 
47.05 	 0.8367 
47.10 	 0.8367 
47.15 	 0.8367 
47.20 	 0.8367 
47.25 	 0.8367 
47.30 	 0.8367 
47.35 	 0.8367 
47.40 	 0.8367 
47.45 	 0.8367 
47.50 	 0.8367 
47.55 	 0.8367 
47.60 	 0.8367 
47.65 	 0.8367 
47.70 	 0.8367 
47.75 	 0.8367 
47.80 	 0.8367 
47.85 	 0.8367 
47.90 	 0.8367 
47.95 	 0.8367 
48.00 	 0.8367 
48.05 	 0.8367 
48.10 	 0.8367 
48.15 	 0.8367 
48.20 	 0.8367 
48.25 	 0.8367 
48.30 	 0.8367 
48.35 	 0.8367 
48.40 	 0.8367 
48.45 	 0.8367 
48.50 	 0.8367 
48.55 	 0.8367 
48.60 	 0.8367 
48.65 	 0.8367 
48.70 	 0.8367 
48.75 	 0.8367 
48.80 	 0.8367 
48.85 	 0.8367 
48.90 	 0.8367 
48.95 	 0.8367 
49.00 	 0.8367 
49.05 	 0.8367 
49.10 	 0.8367 
49.15 	 0.8367 
49.20 	 0.8367 
49.25 	 0.8367 
49.30 	 0.8367 
49.35 	 0.8367 
49.40 	 0.8367 
49.45 	 0.8367 
49.50 	 0.8367 
49.55 	 0.8367 
49.60 	 0.8367 
49.65 	 0.8367 
49.70 	 0.8367 
49.75 	 0.8367 
49.80 	 0.8367 
49.85 	 0.8367 
49.90 	 0.8367 
49.95 	 0.8367 
50.00 	 0.8367 
50.05 	 0.8367 
50.10 	 0.8367 
50.15 	 0.8367 
50.20 	 0.8367 
50.25 	 0.8367 
50.30 	 0.8367 
50.35 	 0.8367 
50.40 	 0.8367 
50.45 	 0.8367 
50.50 	 0.8367 
50.55 	 0.8367 
50.60 	 0.8367 
50.65 	 0.8367 
50.70 	 0.8367 
50.75 	 0.8367 
50.80 	 0.8367 
50.85 	 0.8367 
50.90 	 0.8367 
50.95 	 0.8367 
51.00 	 0.8367 
51.05 	 0.8367 
51.10 	 0.8367 
51.15 	 0.8367 
51.20 	 0.8367 
51.25 	 0.8367 
51.30 	 0.8367 
51.35 	 0.8367 
51.40 	 0.8367 
51.45 	 0.8367 
51.50 	 0.8367 
51.55 	 0.8367 
51.60 	 0.8367 
51.65 	 0.8367 
51.70 	 0.8199 
51.75 	 0.8199 
51.80 	 0.8199 
51.85 	 0.8199 
51.90 	 0.8199 
51.95 	 0.8199 
52.00 	 0.8199 
52.05 	 0.8199 
52.10 	 0.8199 
52.15 	 0.8199 
52.20 	 0.8199 
52.25 	 0.8199 
52.30 	 0.8199 
52.35 	 0.8032 
52.40 	 0.8032 
52.45 	 0.8032 
52.50 	 0.8032 
52.55 	 0.8032 
52.60 	 0.8032 
52.65 	 0.8032 
52.70 	 0.8032 
52.75 	 0.8032 
52.80 	 0.8032 
52.85 	 0.8032 
52.90 	 0.8032 
52.95 	 0.8032 
53.00 	 0.8032 
53.05 	 0.8032 
53.10 	 0.7865 
53.15 	 0.7865 
53.20 	 0.7865 
53.25 	 0.7865 
53.30 	 0.7865 
53.35 	 0.7865 
53.40 	 0.7865 
53.45 	 0.7865 
53.50 	 0.7865 
53.55 	 0.7865 
53.60 	 0.7865 
53.65 	 0.7865 
53.70 	 0.7865 
53.75 	 0.7865 
53.80 	 0.7697 
53.85 	 0.7697 
53.90 	 0.7697 
53.95 	 0.7697 
54.00 	 0.7697 
54.05 	 0.7697 
54.10 	 0.7697 
54.15 	 0.7697 
54.20 	 0.7865 
54.25 	 0.7865 
54.30 	 0.7865 
54.35 	 0.7865 
54.40 	 0.7865 
54.45 	 0.7697 
54.50 	 0.7697 
54.55 	 0.7697 
54.60 	 0.7697 
54.65 	 0.7697 
54.70 	 0.7697 
54.75 	 0.7697 
54.80 	 0.7697 
54.85 	 0.7865 
54.90 	 0.7865 
54.95 	 0.7865 
55.00 	 0.7865 
55.05 	 0.7697 
55.10 	 0.7697 
55.15 	 0.7697 
55.20 	 0.7697 
55.25 	 0.7697 
55.30 	 0.7697 
55.35 	 0.7697 
55.40 	 0.7697 
55.45 	 0.7697 
55.50 	 0.7697 
55.55 	 0.7697 
55.60 	 0.7697 
55.65 	 0.7697 
55.70 	 0.7697 
55.75 	 0.7697 
55.80 	 0.7697 
55.85 	 0.7697 
55.90 	 0.7697 
55.95 	 0.7697 
56.00 	 0.7697 
56.05 	 0.7697 
56.10 	 0.7697 
56.15 	 0.7697 
56.20 	 0.7530 
56.25 	 0.7530 
56.30 	 0.7697 
56.35 	 0.7697 
56.40 	 0.7697 
56.45 	 0.7697 
56.50 	 0.7697 
56.55 	 0.7697 
56.60 	 0.7530 
56.65 	 0.7530 
56.70 	 0.7530 
56.75 	 0.7530 
56.80 	 0.7530 
56.85 	 0.7530 
56.90 	 0.7530 
56.95 	 0.7697 
57.00 	 0.7697 
57.05 	 0.7697 
57.10 	 0.7697 
57.15 	 0.7530 
57.20 	 0.7530 
57.25 	 0.7530 
57.30 	 0.7530 
57.35 	 0.7530 
57.40 	 0.7530 
57.45 	 0.7530 
57.50 	 0.7530 
57.55 	 0.7697 
57.60 	 0.7697 
57.65 	 0.7697 
57.70 	 0.7530 
57.75 	 0.7530 
57.80 	 0.7530 
57.85 	 0.7530 
57.90 	 0.7530 
57.95 	 0.7530 
58.00 	 0.7530 
58.05 	 0.7530 
58.10 	 0.7697 
58.15 	 0.7697 
58.20 	 0.7697 
58.25 	 0.7697 
58.30 	 0.7697 
58.35 	 0.7697 
58.40 	 0.7697 
58.45 	 0.7697 
58.50 	 0.7697 
58.55 	 0.7697 
58.60 	 0.7697 
58.65 	 0.7697 
58.70 	 0.7865 
58.75 	 0.7865 
58.80 	 0.7865 
58.85 	 0.7865 
58.90 	 0.7865 
58.95 	 0.7865 
59.00 	 0.7865 
59.05 	 0.7865 
59.10 	 0.8032 
59.15 	 0.8032 
59.20 	 0.8032 
59.25 	 0.8032 
59.30 	 0.8032 
59.35 	 0.8032 
59.40 	 0.8032 
59.45 	 0.8032 
59.50 	 0.8032 
59.55 	 0.8032 
59.60 	 0.8032 
59.65 	 0.8199 
59.70 	 0.8199 
59.75 	 0.8199 
59.80 	 0.8199 
59.85 	 0.8199 
59.90 	 0.8199 
59.95 	 0.8199 
60.00 	 0.8199 
60.05 	 0.8199 
60.10 	 0.8199 
60.15 	 0.8199 
60.20 	 0.8367 
60.25 	 0.8367 
60.30 	 0.8367 
60.35 	 0.8367 
60.40 	 0.8367 
60.45 	 0.8367 
60.50 	 0.8367 
60.55 	 0.8367 
60.60 	 0.8367 
60.65 	 0.8367 
60.70 	 0.8367 
60.75 	 0.8367 
60.80 	 0.8367 
60.85 	 0.8367 
60.90 	 0.8367 
60.95 	 0.8367 
61.00 	 0.8367 
61.05 	 0.8367 
61.10 	 0.8367 
61.15 	 0.8367 
61.20 	 0.8367 
61.25 	 0.8367 
61.30 	 0.8367 
61.35 	 0.8367 
61.40 	 0.8367 
61.45 	 0.8367 
61.50 	 0.8367 
61.55 	 0.8367 
61.60 	 0.8367 
61.65 	 0.8367 
61.70 	 0.8367 
61.75 	 0.8367 
61.80 	 0.8367 
61.85 	 0.8367 
61.90 	 0.8367 
61.95 	 0.8367 
62.00 	 0.8367 
62.05 	 0.8367 
62.10 	 0.8367 
62.15 	 0.8367 
62.20 	 0.8367 
62.25 	 0.8367 
62.30 	 0.8367 
62.35 	 0.8367 
62.40 	 0.8367 
62.45 	 0.8367 
62.50 	 0.8367 
62.55 	 0.8367 
62.60 	 0.8367 
62.65 	 0.8367 
62.70 	 0.8367 
62.75 	 0.8367 
62.80 	 0.8367 
62.85 	 0.8367 
62.90 	 0.8367 
62.95 	 0.8367 
63.00 	 0.8367 
63.05 	 0.8367 
63.10 	 0.8367 
63.15 	 0.8367 
63.20 	 0.8367 
63.25 	 0.8367 
63.30 	 0.8367 
63.35 	 0.8367 
63.40 	 0.8367 
63.45 	 0.8367 
63.50 	 0.8367 
63.55 	 0.8199 
63.60 	 0.8199 
63.65 	 0.8199 
63.70 	 0.8199 
63.75 	 0.8199 
63.80 	 0.8199 
63.85 	 0.8199 
63.90 	 0.8199 
63.95 	 0.8199 
64.00 	 0.8199 
64.05 	 0.8199 
64.10 	 0.8199 
64.15 	 0.8199 
64.20 	 0.8199 
64.25 	 0.8199 
64.30 	 0.8032 
64.35 	 0.8032 
64.40 	 0.8032 
64.45 	 0.8032 
64.50 	 0.8032 
64.55 	 0.8032 
64.60 	 0.8032 
64.65 	 0.8032 
64.70 	 0.8032 
64.75 	 0.8032 
64.80 	 0.8032 
64.85 	 0.8032 
64.90 	 0.8032 
64.95 	 0.8032 
65.00 	 0.7865 
65.05 	 0.7865 
65.10 	 0.7865 
65.15 	 0.7865 
65.20 	 0.7865 
65.25 	 0.7865 
65.30 	 0.7865 
65.35 	 0.7865 
65.40 	 0.7865 
65.45 	 0.7865 
65.50 	 0.7865 
65.55 	 0.7865 
65.60 	 0.7865 
65.65 	 0.7865 
65.70 	 0.7865 
65.75 	 0.7865 
65.80 	 0.7865 
65.85 	 0.7865 
65.90 	 0.7865 
65.95 	 0.7865 
66.00 	 0.7865 
66.05 	 0.8032 
66.10 	 0.8032 
66.15 	 0.8032 
66.20 	 0.8032 
66.25 	 0.8032 
66.30 	 0.8032 
66.35 	 0.8032 
66.40 	 0.8032 
66.45 	 0.8032 
66.50 	 0.8032 
66.55 	 0.7865 
66.60 	 0.7865 
66.65 	 0.7865 
66.70 	 0.7865 
66.75 	 0.7865 
66.80 	 0.8032 
66.85 	 0.8032 
66.90 	 0.8032 
66.95 	 0.8032 
67.00 	 0.8032 
67.05 	 0.8032 
67.10 	 0.7865 
67.15 	 0.7865 
67.20 	 0.7865 
67.25 	 0.7865 
67.30 	 0.7865 
67.35 	 0.7865 
67.40 	 0.7865 
67.45 	 0.7865 
67.50 	 0.8032 
67.55 	 0.8032 
67.60 	 0.8032 
67.65 	 0.7865 
67.70 	 0.7865 
67.75 	 0.7865 
67.80 	 0.7865 
67.85 	 0.7865 
67.90 	 0.7865 
67.95 	 0.7865 
68.00 	 0.7865 
68.05 	 0.7865 
68.10 	 0.7865 
68.15 	 0.7865 
68.20 	 0.7697 
68.25 	 0.7697 
68.30 	 0.7697 
68.35 	 0.7697 
68.40 	 0.7697 
68.45 	 0.7697 
68.50 	 0.7697 
68.55 	 0.7697 
68.60 	 0.7697 
68.65 	 0.7697 
68.70 	 0.7697 
68.75 	 0.7530 
68.80 	 0.7530 
68.85 	 0.7530 
68.90 	 0.7530 
68.95 	 0.7530 
69.00 	 0.7530 
69.05 	 0.7697 
69.10 	 0.7697 
69.15 	 0.7697 
69.20 	 0.7697 
69.25 	 0.7697 
69.30 	 0.7697 
69.35 	 0.7530 
69.40 	 0.7530 
69.45 	 0.7530 
69.50 	 0.7530 
69.55 	 0.7530 
69.60 	 0.7697 
69.65 	 0.7697 
69.70 	 0.7697 
69.75 	 0.7697 
69.80 	 0.7697 
69.85 	 0.7697 
69.90 	 0.7530 
69.95 	 0.7530 
70.00 	 0.7530 
70.05 	 0.7530 
70.10 	 0.7530 
70.15 	 0.7697 
70.20 	 0.7697 
70.25 	 0.7697 
70.30 	 0.7697 
70.35 	 0.7697 
70.40 	 0.7697 
70.45 	 0.7530 
70.50 	 0.7530 
70.55 	 0.7530 
70.60 	 0.7530 
70.65 	 0.7530 
70.70 	 0.7697 
70.75 	 0.7697 
70.80 	 0.7697 
70.85 	 0.7697 
70.90 	 0.7697 
70.95 	 0.7697 
71.00 	 0.7697 
71.05 	 0.7697 
71.10 	 0.7697 
71.15 	 0.7697 
71.20 	 0.7697 
71.25 	 0.7865 
71.30 	 0.7865 
71.35 	 0.7865 
71.40 	 0.7865 
71.45 	 0.7865 
71.50 	 0.7865 
71.55 	 0.7865 
71.60 	 0.7865 
71.65 	 0.7865 
71.70 	 0.7865 
71.75 	 0.7865 
71.80 	 0.7865 
71.85 	 0.8032 
71.90 	 0.8032 
71.95 	 0.8032 
72.00 	 0.8032 
72.05 	 0.8032 
72.10 	 0.8032 
72.15 	 0.8032 
72.20 	 0.8032 
72.25 	 0.8032 
72.30 	 0.8032 
72.35 	 0.8032 
72.40 	 0.8199 
72.45 	 0.8199 
72.50 	 0.8199 
72.55 	 0.8199 
72.60 	 0.8199 
72.65 	 0.8199 
72.70 	 0.8199 
72.75 	 0.8199 
72.80 	 0.8199 
72.85 	 0.8199 
72.90 	 0.8199 
72.95 	 0.8367 
73.00 	 0.8367 
73.05 	 0.8367 
73.10 	 0.8367 
73.15 	 0.8367 
73.20 	 0.8367 
73.25 	 0.8199 
73.30 	 0.8199 
73.35 	 0.8199 
73.40 	 0.8199 
73.45 	 0.8199 
73.50 	 0.8199 
73.55 	 0.8199 
73.60 	 0.8199 
73.65 	 0.8199 
73.70 	 0.8199 
73.75 	 0.8199 
73.80 	 0.8199 
73.85 	 0.8199 
73.90 	 0.8032 
73.95 	 0.8032 
74.00 	 0.8032 
74.05 	 0.8032 
74.10 	 0.8032 
74.15 	 0.8032 
74.20 	 0.8032 
74.25 	 0.8032 
74.30 	 0.8032 
74.35 	 0.8032 
74.40 	 0.8032 
74.45 	 0.8032 
74.50 	 0.7865 
74.55 	 0.7865 
74.60 	 0.7865 
74.65 	 0.7865 
74.70 	 0.7865 
74.75 	 0.7865 
74.80 	 0.7865 
74.85 	 0.7865 
74.90 	 0.7865 
74.95 	 0.7865 
75.00 	 0.7865 
75.05 	 0.7865 
75.10 	 0.7697 
75.15 	 0.7697 
75.20 	 0.7697 
75.25 	 0.7697 
75.30 	 0.7697 
75.35 	 0.7697 
75.40 	 0.7697 
75.45 	 0.7697 
75.50 	 0.7697 
75.55 	 0.7697 
75.60 	 0.7697 
75.65 	 0.7530 
75.70 	 0.7530 
75.75 	 0.7697 
75.80 	 0.7697 
75.85 	 0.7697 
75.90 	 0.7697 
75.95 	 0.7697 
76.00 	 0.7697 
76.05 	 0.7697 
76.10 	 0.7697 
76.15 	 0.7697 
76.20 	 0.7697 
76.25 	 0.7530 
76.30 	 0.7530 
76.35 	 0.7530 
76.40 	 0.7697 
76.45 	 0.7697 
76.50 	 0.7697 
76.55 	 0.7697 
76.60 	 0.7697 
76.65 	 0.7697 
76.70 	 0.7697 
76.75 	 0.7697 
76.80 	 0.7530 
76.85 	 0.7530 
76.90 	 0.7530 
76.95 	 0.7530 
77.00 	 0.7697 
77.05 	 0.7697 
77.10 	 0.7697 
77.15 	 0.7697 
77.20 	 0.7697 
77.25 	 0.7697 
77.30 	 0.7697 
77.35 	 0.7530 
77.40 	 0.7530 
77.45 	 0.7530 
77.50 	 0.7530 
77.55 	 0.7530 
77.60 	 0.7697 
77.65 	 0.7697 
77.70 	 0.7697 
77.75 	 0.7697 
77.80 	 0.7697 
77.85 	 0.7697 
77.90 	 0.7697 
77.95 	 0.7697 
78.00 	 0.7697 
78.05 	 0.7697 
78.10 	 0.7697 
78.15 	 0.7865 
78.20 	 0.7865 
78.25 	 0.7865 
78.30 	 0.7865 
78.35 	 0.7865 
78.40 	 0.7865 
78.45 	 0.7865 
78.50 	 0.7865 
78.55 	 0.7865 
78.60 	 0.7865 
78.65 	 0.7865 
78.70 	 0.7865 
78.75 	 0.8032 
78.80 	 0.8032 
78.85 	 0.8032 
78.90 	 0.8032 
78.95 	 0.8032 
79.00 	 0.8032 
79.05 	 0.8032 
79.10 	 0.8032 
79.15 	 0.8032 
79.20 	 0.8032 
79.25 	 0.8032 
79.30 	 0.8199 
79.35 	 0.8199 
79.40 	 0.8199 
79.45 	 0.8199 
79.50 	 0.8199 
79.55 	 0.8199 
79.60 	 0.8199 
79.65 	 0.8199 
79.70 	 0.8199 
79.75 	 0.8199 
79.80 	 0.8199 
79.85 	 0.8367 
79.90 	 0.8367 
79.95 	 0.8367 
80.00 	 0.8367 
80.05 	 0.8367 
80.10 	 0.8367 
80.15 	 0.8367 
80.20 	 0.8367 
80.25 	 0.8367 
80.30 	 0.8367 
80.35 	 0.8367 
80.40 	 0.8367 
80.45 	 0.8367 
80.50 	 0.8367 
80.55 	 0.8367 
80.60 	 0.8367 
80.65 	 0.8367 
80.70 	 0.8367 
80.75 	 0.8367 
80.80 	 0.8367 
80.85 	 0.8367 
80.90 	 0.8367 
80.95 	 0.8367 
81.00 	 0.8367 
81.05 	 0.8367 
81.10 	 0.8367 
81.15 	 0.8367 
81.20 	 0.8367 
81.25 	 0.8367 
81.30 	 0.8367 
81.35 	 0.8367 
81.40 	 0.8367 
81.45 	 0.8367 
81.50 	 0.8367 
81.55 	 0.8367 
81.60 	 0.8367 
81.65 	 0.8367 
81.70 	 0.8367 
81.75 	 0.8367 
81.80 	 0.8367 
81.85 	 0.8367 
81.90 	 0.8367 
81.95 	 0.8367 
82.00 	 0.8367 
82.05 	 0.8367 
82.10 	 0.8367 
82.15 	 0.8367 
82.20 	 0.8367 
82.25 	 0.8367 
82.30 	 0.8367 
82.35 	 0.8367 
82.40 	 0.8367 
82.45 	 0.8367 
82.50 	 0.8367 
82.55 	 0.8367 
82.60 	 0.8367 
82.65 	 0.8367 
82.70 	 0.8367 
82.75 	 0.8367 
82.80 	 0.8367 
82.85 	 0.8367 
82.90 	 0.8367 
82.95 	 0.8367 
83.00 	 0.8367 
83.05 	 0.8367 
83.10 	 0.8367 
83.15 	 0.8367 
83.20 	 0.8367 
83.25 	 0.8367 
83.30 	 0.8367 
83.35 	 0.8367 
83.40 	 0.8367 
83.45 	 0.8367 
83.50 	 0.8367 
83.55 	 0.8367 
83.60 	 0.8367 
83.65 	 0.8367 
83.70 	 0.8367 
83.75 	 0.8367 
83.80 	 0.8367 
83.85 	 0.8367 
83.90 	 0.8367 
83.95 	 0.8367 
84.00 	 0.8367 
84.05 	 0.8367 
84.10 	 0.8367 
84.15 	 0.8367 
84.20 	 0.8367 
84.25 	 0.8367 
84.30 	 0.8367 
84.35 	 0.8367 
84.40 	 0.8367 
84.45 	 0.8367 
84.50 	 0.8367 
84.55 	 0.8367 
84.60 	 0.8367 
84.65 	 0.8367 
84.70 	 0.8367 
84.75 	 0.8367 
84.80 	 0.8367 
84.85 	 0.8367 
84.90 	 0.8367 
84.95 	 0.8367 
85.00 	 0.8367 
85.05 	 0.8367 
85.10 	 0.8367 
85.15 	 0.8367 
85.20 	 0.8367 
85.25 	 0.8367 
85.30 	 0.8367 
85.35 	 0.8367 
85.40 	 0.8367 
85.45 	 0.8367 
85.50 	 0.8367 
85.55 	 0.8367 
85.60 	 0.8367 
85.65 	 0.8367 
85.70 	 0.8367 
85.75 	 0.8367 
85.80 	 0.8367 
85.85 	 0.8367 
85.90 	 0.8367 
85.95 	 0.8367 
86.00 	 0.8367 
86.05 	 0.8367 
86.10 	 0.8367 
86.15 	 0.8367 
86.20 	 0.8367 
86.25 	 0.8367 
86.30 	 0.8367 
86.35 	 0.8367 
86.40 	 0.8367 
86.45 	 0.8367 
86.50 	 0.8367 
86.55 	 0.8367 
86.60 	 0.8367 
86.65 	 0.8367 
86.70 	 0.8367 
86.75 	 0.8367 
86.80 	 0.8367 
86.85 	 0.8367 
86.90 	 0.8367 
86.95 	 0.8367 
87.00 	 0.8367 
87.05 	 0.8367 
87.10 	 0.8367 
87.15 	 0.8367 
87.20 	 0.8367 
87.25 	 0.8367 
87.30 	 0.8367 
87.35 	 0.8367 
87.40 	 0.8367 
87.45 	 0.8367 
87.50 	 0.8367 
87.55 	 0.8367 
87.60 	 0.8367 
87.65 	 0.8367 
87.70 	 0.8367 
87.75 	 0.8367 
87.80 	 0.8367 
87.85 	 0.8367 
87.90 	 0.8367 
87.95 	 0.8367 
88.00 	 0.8367 
88.05 	 0.8367 
88.10 	 0.8367 
88.15 	 0.8367 
88.20 	 0.8367 
88.25 	 0.8367 
88.30 	 0.8367 
88.35 	 0.8367 
88.40 	 0.8367 
88.45 	 0.8367 
88.50 	 0.8367 
88.55 	 0.8367 
88.60 	 0.8367 
88.65 	 0.8367 
88.70 	 0.8367 
88.75 	 0.8367 
88.80 	 0.8367 
88.85 	 0.8367 
88.90 	 0.8367 
88.95 	 0.8367 
89.00 	 0.8367 
89.05 	 0.8367 
89.10 	 0.8367 
89.15 	 0.8367 
89.20 	 0.8367 
89.25 	 0.8367 
89.30 	 0.8367 
89.35 	 0.8367 
89.40 	 0.8367 
89.45 	 0.8367 
89.50 	 0.8367 
89.55 	 0.8367 
89.60 	 0.8367 
89.65 	 0.8367 
89.70 	 0.8367 
89.75 	 0.8367 
89.80 	 0.8367 
89.85 	 0.8367 
89.90 	 0.8367 
89.95 	 0.8367 
90.00 	 0.8367 
90.05 	 0.8367 
90.10 	 0.8367 
90.15 	 0.8367 
90.20 	 0.8367 
90.25 	 0.8367 
90.30 	 0.8367 
90.35 	 0.8367 
90.40 	 0.8367 
90.45 	 0.8367 
90.50 	 0.8367 
90.55 	 0.8367 
90.60 	 0.8367 
90.65 	 0.8367 
90.70 	 0.8367 
90.75 	 0.8367 
90.80 	 0.8367 
90.85 	 0.8367 
90.90 	 0.8367 
90.95 	 0.8367 
91.00 	 0.8367 
91.05 	 0.8367 
91.10 	 0.8367 
91.15 	 0.8367 
91.20 	 0.8367 
91.25 	 0.8367 
91.30 	 0.8367 
91.35 	 0.8367 
91.40 	 0.8367 
91.45 	 0.8199 
91.50 	 0.8199 
91.55 	 0.8199 
91.60 	 0.8199 
91.65 	 0.8199 
91.70 	 0.8199 
91.75 	 0.8199 
91.80 	 0.8199 
91.85 	 0.8199 
91.90 	 0.8199 
91.95 	 0.8199 
92.00 	 0.8199 
92.05 	 0.8199 
92.10 	 0.8199 
92.15 	 0.8199 
92.20 	 0.8199 
92.25 	 0.8199 
92.30 	 0.8199 
92.35 	 0.8032 
92.40 	 0.8032 
92.45 	 0.8032 
92.50 	 0.8032 
92.55 	 0.8032 
92.60 	 0.8032 
92.65 	 0.8032 
92.70 	 0.8032 
92.75 	 0.8032 
92.80 	 0.8032 
92.85 	 0.8032 
92.90 	 0.8032 
92.95 	 0.8032 
93.00 	 0.7865 
93.05 	 0.7865 
93.10 	 0.7865 
93.15 	 0.7865 
93.20 	 0.7865 
93.25 	 0.7865 
93.30 	 0.7865 
93.35 	 0.7865 
93.40 	 0.7865 
93.45 	 0.7865 
93.50 	 0.7865 
93.55 	 0.7865 
93.60 	 0.7697 
93.65 	 0.7697 
93.70 	 0.7697 
93.75 	 0.7697 
93.80 	 0.7697 
93.85 	 0.7697 
93.90 	 0.7697 
93.95 	 0.7865 
94.00 	 0.7865 
94.05 	 0.7865 
94.10 	 0.7865 
94.15 	 0.7865 
94.20 	 0.7865 
94.25 	 0.7697 
94.30 	 0.7697 
94.35 	 0.7697 
94.40 	 0.7697 
94.45 	 0.7697 
94.50 	 0.7697 
94.55 	 0.7697 
94.60 	 0.7697 
94.65 	 0.7530 
94.70 	 0.7530 
94.75 	 0.7530 
94.80 	 0.7530 
94.85 	 0.7697 
94.90 	 0.7697 
94.95 	 0.7697 
95.00 	 0.7697 
95.05 	 0.7697 
95.10 	 0.7697 
95.15 	 0.7697 
95.20 	 0.7530 
95.25 	 0.7530 
95.30 	 0.7530 
95.35 	 0.7530 
95.40 	 0.7530 
95.45 	 0.7530 
95.50 	 0.7697 
95.55 	 0.7697 
95.60 	 0.7697 
95.65 	 0.7697 
95.70 	 0.7697 
95.75 	 0.7530 
95.80 	 0.7530 
95.85 	 0.7530 
95.90 	 0.7530 
95.95 	 0.7530 
96.00 	 0.7530 
96.05 	 0.7530 
96.10 	 0.7697 
96.15 	 0.7697 
96.20 	 0.7697 
96.25 	 0.7697 
96.30 	 0.7530 
96.35 	 0.7530 
96.40 	 0.7530 
96.45 	 0.7530 
96.50 	 0.7530 
96.55 	 0.7530 
96.60 	 0.7530 
96.65 	 0.7530 
96.70 	 0.7530 
96.75 	 0.7697 
96.80 	 0.7697 
96.85 	 0.7697 
96.90 	 0.7530 
96.95 	 0.7530 
97.00 	 0.7530 
97.05 	 0.7530 
97.10 	 0.7530 
97.15 	 0.7697 
97.20 	 0.7697 
97.25 	 0.7697 
97.30 	 0.7697 
97.35 	 0.7530 
97.40 	 0.7530 
97.45 	 0.7530 
97.50 	 0.7530 
97.55 	 0.7530 
97.60 	 0.7530 
97.65 	 0.7530 
97.70 	 0.7697 
97.75 	 0.7697 
97.80 	 0.7697 
97.85 	 0.7697 
97.90 	 0.7530 
97.95 	 0.7530 
98.00 	 0.7530 
98.05 	 0.7530 
98.10 	 0.7530 
98.15 	 0.7530 
98.20 	 0.7530 
98.25 	 0.7697 
98.30 	 0.7697 
98.35 	 0.7697 
98.40 	 0.7530 
98.45 	 0.7530 
98.50 	 0.7530 
98.55 	 0.7530 
98.60 	 0.7530 
98.65 	 0.7530 
98.70 	 0.7530 
98.75 	 0.7530 
98.80 	 0.7697 
98.85 	 0.7697 
98.90 	 0.7697 
98.95 	 0.7530 
99.00 	 0.7530 
99.05 	 0.7530 
99.10 	 0.7530 
99.15 	 0.7530 
99.20 	 0.7530 
99.25 	 0.7530 
99.30 	 0.7530 
99.35 	 0.7530 
99.40 	 0.7697 
99.45 	 0.7697 
99.50 	 0.7697 
99.55 	 0.7697 
99.60 	 0.7530 
99.65 	 0.7530 
99.70 	 0.7530 
99.75 	 0.7530 
99.80 	 0.7530 
99.85 	 0.7697 
99.90 	 0.7697 
99.95 	 0.7697 
100.00 	 0.7697 
100.05 	 0.7697 
100.10 	 0.7697 
100.15 	 0.7530 
100.20 	 0.7530 
100.25 	 0.7530 
100.30 	 0.7530 
100.35 	 0.7530 
100.40 	 0.7697 
100.45 	 0.7697 
100.50 	 0.7697 
100.55 	 0.7697 
100.60 	 0.7697 
100.65 	 0.7697 
100.70 	 0.7697 
100.75 	 0.7530 
100.80 	 0.7530 
100.85 	 0.7530 
100.90 	 0.7697 
100.95 	 0.7697 
101.00 	 0.7697 
101.05 	 0.7697 
101.10 	 0.7697 
101.15 	 0.7697 
101.20 	 0.7697 
101.25 	 0.7697 
101.30 	 0.7530 
101.35 	 0.7530 
101.40 	 0.7530 
101.45 	 0.7697 
101.50 	 0.7697 
101.55 	 0.7697 
101.60 	 0.7697 
101.65 	 0.7697 
101.70 	 0.7697 
101.75 	 0.7697 
101.80 	 0.7697 
101.85 	 0.7697 
101.90 	 0.7530 
101.95 	 0.7530 
102.00 	 0.7530 
102.05 	 0.7530 
102.10 	 0.7697 
102.15 	 0.7697 
102.20 	 0.7697 
102.25 	 0.7697 
102.30 	 0.7697 
102.35 	 0.7697 
102.40 	 0.7697 
102.45 	 0.7530 
102.50 	 0.7530 
102.55 	 0.7530 
102.60 	 0.7530 
102.65 	 0.7697 
102.70 	 0.7697 
102.75 	 0.7697 
102.80 	 0.7697 
102.85 	 0.7697 
102.90 	 0.7697 
102.95 	 0.7697 
103.00 	 0.7697 
103.05 	 0.7697 
103.10 	 0.7697 
103.15 	 0.7697 
103.20 	 0.7697 
103.25 	 0.7865 
103.30 	 0.7865 
103.35 	 0.7865 
103.40 	 0.7865 
103.45 	 0.7865 
103.50 	 0.7865 
103.55 	 0.7865 
103.60 	 0.7865 
103.65 	 0.7865 
103.70 	 0.7865 
103.75 	 0.7865 
103.80 	 0.8032 
103.85 	 0.8032 
103.90 	 0.8032 
103.95 	 0.8032 
104.00 	 0.8032 
104.05 	 0.8032 
104.10 	 0.8032 
104.15 	 0.8032 
104.20 	 0.8032 
104.25 	 0.8032 
104.30 	 0.8032 
104.35 	 0.8032 
104.40 	 0.8199 
104.45 	 0.8199 
104.50 	 0.8199 
104.55 	 0.8199 
104.60 	 0.8199 
104.65 	 0.8199 
104.70 	 0.8199 
104.75 	 0.8199 
104.80 	 0.8199 
104.85 	 0.8199 
104.90 	 0.8199 
104.95 	 0.8199 
105.00 	 0.8199 
105.05 	 0.8199 
105.10 	 0.8199 
105.15 	 0.8199 
105.20 	 0.8199 
105.25 	 0.8199 
105.30 	 0.8199 
105.35 	 0.8199 
105.40 	 0.8199 
105.45 	 0.8199 
105.50 	 0.8199 
105.55 	 0.8199 
105.60 	 0.8199 
105.65 	 0.8199 
105.70 	 0.8199 
105.75 	 0.8199 
105.80 	 0.8199 
105.85 	 0.8199 
105.90 	 0.8367 
105.95 	 0.8367 
106.00 	 0.8367 
106.05 	 0.8367 
106.10 	 0.8367 
106.15 	 0.8367 
106.20 	 0.8367 
106.25 	 0.8367 
106.30 	 0.8367 
106.35 	 0.8367 
106.40 	 0.8367 
106.45 	 0.8367 
106.50 	 0.8367 
106.55 	 0.8367 
106.60 	 0.8367 
106.65 	 0.8367 
106.70 	 0.8367 
106.75 	 0.8367 
106.80 	 0.8367 
106.85 	 0.8367 
106.90 	 0.8367 
106.95 	 0.8367 
107.00 	 0.8367 
107.05 	 0.8367 
107.10 	 0.8367 
107.15 	 0.8367 
107.20 	 0.8367 
107.25 	 0.8367 
107.30 	 0.8367 
107.35 	 0.8367 
107.40 	 0.8367 
107.45 	 0.8367 
107.50 	 0.8367 
107.55 	 0.8367 
107.60 	 0.8367 
107.65 	 0.8367 
107.70 	 0.8367 
107.75 	 0.8367 
107.80 	 0.8367 
107.85 	 0.8367 
107.90 	 0.8367 
107.95 	 0.8367 
108.00 	 0.8367 
108.05 	 0.8367 
108.10 	 0.8367 
108.15 	 0.8367 
108.20 	 0.8367 
108.25 	 0.8367 
108.30 	 0.8367 
108.35 	 0.8367 
108.40 	 0.8367 
108.45 	 0.8367 
108.50 	 0.8367 
108.55 	 0.8367 
108.60 	 0.8367 
108.65 	 0.8367 
108.70 	 0.8367 
108.75 	 0.8367 
108.80 	 0.8367 
108.85 	 0.8367 
108.90 	 0.8367 
108.95 	 0.8367 
109.00 	 0.8367 
109.05 	 0.8367 
109.10 	 0.8367 
109.15 	 0.8367 
109.20 	 0.8367 
109.25 	 0.8367 
109.30 	 0.8367 
109.35 	 0.8367 
109.40 	 0.8367 
109.45 	 0.8367 
109.50 	 0.8367 
109.55 	 0.8367 
109.60 	 0.8367 
109.65 	 0.8367 
109.70 	 0.8367 
109.75 	 0.8367 
109.80 	 0.8367 
109.85 	 0.8367 
109.90 	 0.8367 
109.95 	 0.8367 
110.00 	 0.8367 
110.05 	 0.8367 
110.10 	 0.8367 
110.15 	 0.8367 
110.20 	 0.8367 
110.25 	 0.8367 
110.30 	 0.8367 
110.35 	 0.8367 
110.40 	 0.8367 
110.45 	 0.8367 
110.50 	 0.8367 
110.55 	 0.8367 
110.60 	 0.8367 
110.65 	 0.8367 
110.70 	 0.8367 
110.75 	 0.8367 
110.80 	 0.8367 
110.85 	 0.8367 
110.90 	 0.8367 
110.95 	 0.8367 
111.00 	 0.8367 
111.05 	 0.8367 
111.10 	 0.8367 
111.15 	 0.8367 
111.20 	 0.8367 
111.25 	 0.8367 
111.30 	 0.8367 
111.35 	 0.8367 
111.40 	 0.8367 
111.45 	 0.8367 
111.50 	 0.8367 
111.55 	 0.8367 
111.60 	 0.8367 
111.65 	 0.8367 
111.70 	 0.8367 
111.75 	 0.8367 
111.80 	 0.8367 
111.85 	 0.8367 
111.90 	 0.8367 
111.95 	 0.8367 
112.00 	 0.8367 
112.05 	 0.8367 
112.10 	 0.8367 
112.15 	 0.8367 
112.20 	 0.8367 
112.25 	 0.8367 
112.30 	 0.8367 
112.35 	 0.8367 
112.40 	 0.8367 
112.45 	 0.8367 
112.50 	 0.8367 
112.55 	 0.8367 
112.60 	 0.8367 
112.65 	 0.8367 
112.70 	 0.8367 
112.75 	 0.8367 
112.80 	 0.8367 
112.85 	 0.8367 
112.90 	 0.8367 
112.95 	 0.8367 
113.00 	 0.8367 
113.05 	 0.8367 
113.10 	 0.8367 
113.15 	 0.8367 
113.20 	 0.8367 
113.25 	 0.8367 
113.30 	 0.8367 
113.35 	 0.8367 
113.40 	 0.8367 
113.45 	 0.8367 
113.50 	 0.8367 
113.55 	 0.8367 
113.60 	 0.8367 
113.65 	 0.8367 
113.70 	 0.8367 
113.75 	 0.8367 
113.80 	 0.8367 
113.85 	 0.8367 
113.90 	 0.8367 
113.95 	 0.8367 
114.00 	 0.8367 
114.05 	 0.8367 
114.10 	 0.8367 
114.15 	 0.8367 
114.20 	 0.8199 
114.25 	 0.8199 
114.30 	 0.8199 
114.35 	 0.8199 
114.40 	 0.8199 
114.45 	 0.8199 
114.50 	 0.8199 
114.55 	 0.8199 
114.60 	 0.8199 
114.65 	 0.8199 
114.70 	 0.8199 
114.75 	 0.8199 
114.80 	 0.8199 
114.85 	 0.8032 
114.90 	 0.8032 
114.95 	 0.8032 
115.00 	 0.8032 
115.05 	 0.8032 
115.10 	 0.8032 
115.15 	 0.8032 
115.20 	 0.8032 
115.25 	 0.8032 
115.30 	 0.8032 
115.35 	 0.8032 
115.40 	 0.8032 
115.45 	 0.8032 
115.50 	 0.8032 
115.55 	 0.8032 
115.60 	 0.7865 
115.65 	 0.7865 
115.70 	 0.7865 
115.75 	 0.7865 
115.80 	 0.7865 
115.85 	 0.7865 
115.90 	 0.7865 
115.95 	 0.7865 
116.00 	 0.7865 
116.05 	 0.7865 
116.10 	 0.7865 
116.15 	 0.7865 
116.20 	 0.7865 
116.25 	 0.7865 
116.30 	 0.7697 
116.35 	 0.7697 
116.40 	 0.7697 
116.45 	 0.7697 
116.50 	 0.7697 
116.55 	 0.7697 
116.60 	 0.7697 
116.65 	 0.7697 
116.70 	 0.7865 
116.75 	 0.7865 
116.80 	 0.7865 
116.85 	 0.7865 
116.90 	 0.7865 
116.95 	 0.7697 
117.00 	 0.7697 
117.05 	 0.7697 
117.10 	 0.7697 
117.15 	 0.7697 
117.20 	 0.7697 
117.25 	 0.7697 
117.30 	 0.7697 
117.35 	 0.7865 
117.40 	 0.7865 
117.45 	 0.7865 
117.50 	 0.7865 
117.55 	 0.7697 
117.60 	 0.7697 
117.65 	 0.7697 
117.70 	 0.7697 
117.75 	 0.7697 
117.80 	 0.7697 
117.85 	 0.7697 
117.90 	 0.7697 
117.95 	 0.7697 
118.00 	 0.7697 
118.05 	 0.7697 
118.10 	 0.7697 
118.15 	 0.7697 
118.20 	 0.7697 
118.25 	 0.7697 
118.30 	 0.7697 
118.35 	 0.7697 
118.40 	 0.7697 
118.45 	 0.7697 
118.50 	 0.7697 
118.55 	 0.7697 
118.60 	 0.7697 
118.65 	 0.7697 
118.70 	 0.7530 
118.75 	 0.7530 
118.80 	 0.7697 
118.85 	 0.7697 
118.90 	 0.7697 
118.95 	 0.7697 
119.00 	 0.7697 
119.05 	 0.7697 
119.10 	 0.7530 
119.15 	 0.7530 
119.20 	 0.7530 
119.25 	 0.7530 
119.30 	 0.7530 
119.35 	 0.7530 
119.40 	 0.7530 
119.45 	 0.7697 
119.50 	 0.7697 
119.55 	 0.7697 
119.60 	 0.7697 
119.65 	 0.7530 
119.70 	 0.7530 
119.75 	 0.7530 
119.80 	 0.7530 
119.85 	 0.7530 
119.90 	 0.7530 
119.95 	 0.7530 
120.00 	 0.7530 
120.05 	 0.7697 
120.10 	 0.7697 
120.15 	 0.7697 
120.20 	 0.7530 
120.25 	 0.7530 
120.30 	 0.7530 
120.35 	 0.7530 
120.40 	 0.7530 
120.45 	 0.7530 
120.50 	 0.7530 
120.55 	 0.7530 
120.60 	 0.7697 
120.65 	 0.7697 
120.70 	 0.7697 
120.75 	 0.7697 
120.80 	 0.7697 
120.85 	 0.7697 
120.90 	 0.7697 
120.95 	 0.7697 
121.00 	 0.7697 
121.05 	 0.7697 
121.10 	 0.7697 
121.15 	 0.7697 
121.20 	 0.7865 
121.25 	 0.7865 
121.30 	 0.7865 
121.35 	 0.7865 
121.40 	 0.7865 
121.45 	 0.7865 
121.50 	 0.7865 
121.55 	 0.7865 
121.60 	 0.8032 
121.65 	 0.8032 
121.70 	 0.8032 
121.75 	 0.8032 
121.80 	 0.8032 
121.85 	 0.8032 
121.90 	 0.8032 
121.95 	 0.8032 
122.00 	 0.8032 
122.05 	 0.8032 
122.10 	 0.8032 
122.15 	 0.8199 
122.20 	 0.8199 
122.25 	 0.8199 
122.30 	 0.8199 
122.35 	 0.8199 
122.40 	 0.8199 
122.45 	 0.8199 
122.50 	 0.8199 
122.55 	 0.8199 
122.60 	 0.8199 
122.65 	 0.8199 
122.70 	 0.8367 
122.75 	 0.8367 
122.80 	 0.8367 
122.85 	 0.8367 
122.90 	 0.8367 
122.95 	 0.8367 
123.00 	 0.8367 
123.05 	 0.8367 
123.10 	 0.8367 
123.15 	 0.8367 
123.20 	 0.8367 
123.25 	 0.8367 
123.30 	 0.8367 
123.35 	 0.8367 
123.40 	 0.8367 
123.45 	 0.8367 
123.50 	 0.8367 
123.55 	 0.8367 
123.60 	 0.8367 
123.65 	 0.8367 
123.70 	 0.8367 
123.75 	 0.8367 
123.80 	 0.8367 
123.85 	 0.8367 
123.90 	 0.8367 
123.95 	 0.8367 
124.00 	 0.8367 
124.05 	 0.8367 
124.10 	 0.8367 
124.15 	 0.8367 
124.20 	 0.8367 
124.25 	 0.8367 
124.30 	 0.8367 
124.35 	 0.8367 
124.40 	 0.8367 
124.45 	 0.8367 
124.50 	 0.8367 
124.55 	 0.8367 
124.60 	 0.8367 
124.65 	 0.8367 
124.70 	 0.8367 
124.75 	 0.8367 
124.80 	 0.8367 
124.85 	 0.8367 
124.90 	 0.8367 
124.95 	 0.8367 
125.00 	 0.8367 
125.05 	 0.8367 
125.10 	 0.8367 
125.15 	 0.8367 
125.20 	 0.8367 
125.25 	 0.8367 
125.30 	 0.8367 
125.35 	 0.8367 
125.40 	 0.8367 
125.45 	 0.8367 
125.50 	 0.8367 
125.55 	 0.8367 
125.60 	 0.8367 
125.65 	 0.8367 
125.70 	 0.8367 
125.75 	 0.8367 
125.80 	 0.8367 
125.85 	 0.8367 
125.90 	 0.8367 
125.95 	 0.8367 
126.00 	 0.8367 
126.05 	 0.8199 
126.10 	 0.8199 
126.15 	 0.8199 
126.20 	 0.8199 
126.25 	 0.8199 
126.30 	 0.8199 
126.35 	 0.8199 
126.40 	 0.8199 
126.45 	 0.8199 
126.50 	 0.8199 
126.55 	 0.8199 
126.60 	 0.8199 
126.65 	 0.8199 
126.70 	 0.8199 
126.75 	 0.8199 
126.80 	 0.8032 
126.85 	 0.8032 
126.90 	 0.8032 
126.95 	 0.8032 
127.00 	 0.8032 
127.05 	 0.8032 
127.10 	 0.8032 
127.15 	 0.8032 
127.20 	 0.8032 
127.25 	 0.8032 
127.30 	 0.8032 
127.35 	 0.8032 
127.40 	 0.8032 
127.45 	 0.8032 
127.50 	 0.7865 
127.55 	 0.7865 
127.60 	 0.7865 
127.65 	 0.7865 
127.70 	 0.7865 
127.75 	 0.7865 
127.80 	 0.7865 
127.85 	 0.7865 
127.90 	 0.7865 
127.95 	 0.7865 
128.00 	 0.7865 
128.05 	 0.7865 
128.10 	 0.7865 
128.15 	 0.7865 
128.20 	 0.7865 
128.25 	 0.7865 
128.30 	 0.7865 
128.35 	 0.7865 
128.40 	 0.7865 
128.45 	 0.7865 
128.50 	 0.7865 
128.55 	 0.8032 
128.60 	 0.8032 
128.65 	 0.8032 
128.70 	 0.8032 
128.75 	 0.8032 
128.80 	 0.8032 
128.85 	 0.8032 
128.90 	 0.8032 
128.95 	 0.8032 
129.00 	 0.8032 
129.05 	 0.7865 
129.10 	 0.7865 
129.15 	 0.7865 
129.20 	 0.7865 
129.25 	 0.7865 
129.30 	 0.8032 
129.35 	 0.8032 
129.40 	 0.8032 
129.45 	 0.8032 
129.50 	 0.8032 
129.55 	 0.8032 
129.60 	 0.7865 
129.65 	 0.7865 
129.70 	 0.7865 
129.75 	 0.7865 
129.80 	 0.7865 
129.85 	 0.7865 
129.90 	 0.7865 
129.95 	 0.7865 
130.00 	 0.8032 
130.05 	 0.8032 
130.10 	 0.8032 
130.15 	 0.7865 
130.20 	 0.7865 
130.25 	 0.7865 
130.30 	 0.7865 
130.35 	 0.7865 
130.40 	 0.7865 
130.45 	 0.7865 
130.50 	 0.7865 
130.55 	 0.7865 
130.60 	 0.7865 
130.65 	 0.7865 
130.70 	 0.7697 
130.75 	 0.7697 
130.80 	 0.7697 
130.85 	 0.7697 
130.90 	 0.7697 
130.95 	 0.7697 
131.00 	 0.7697 
131.05 	 0.7697 
131.10 	 0.7697 
131.15 	 0.7697 
131.20 	 0.7697 
131.25 	 0.7530 
131.30 	 0.7530 
131.35 	 0.7530 
131.40 	 0.7530 
131.45 	 0.7530 
131.50 	 0.7530 
131.55 	 0.7697 
131.60 	 0.7697 
131.65 	 0.7697 
131.70 	 0.7697 
131.75 	 0.7697 
131.80 	 0.7697 
131.85 	 0.7530 
131.90 	 0.7530 
131.95 	 0.7530 
132.00 	 0.7530 
132.05 	 0.7530 
132.10 	 0.7697 
132.15 	 0.7697 
132.20 	 0.7697 
132.25 	 0.7697 
132.30 	 0.7697 
132.35 	 0.7697 
132.40 	 0.7530 
132.45 	 0.7530 
132.50 	 0.7530 
132.55 	 0.7530 
132.60 	 0.7530 
132.65 	 0.7697 
132.70 	 0.7697 
132.75 	 0.7697 
132.80 	 0.7697 
132.85 	 0.7697 
132.90 	 0.7697 
132.95 	 0.7530 
133.00 	 0.7530 
133.05 	 0.7530 
133.10 	 0.7530 
133.15 	 0.7530 
133.20 	 0.7697 
133.25 	 0.7697 
133.30 	 0.7697 
133.35 	 0.7697 
133.40 	 0.7697 
133.45 	 0.7697 
133.50 	 0.7697 
133.55 	 0.7697 
133.60 	 0.7697 
133.65 	 0.7697 
133.70 	 0.7697 
133.75 	 0.7865 
133.80 	 0.7865 
133.85 	 0.7865 
133.90 	 0.7865 
133.95 	 0.7865 
134.00 	 0.7865 
134.05 	 0.7865 
134.10 	 0.7865 
134.15 	 0.7865 
134.20 	 0.7865 
134.25 	 0.7865 
134.30 	 0.7865 
134.35 	 0.8032 
134.40 	 0.8032 
134.45 	 0.8032 
134.50 	 0.8032 
134.55 	 0.8032 
134.60 	 0.8032 
134.65 	 0.8032 
134.70 	 0.8032 
134.75 	 0.8032 
134.80 	 0.8032 
134.85 	 0.8032 
134.90 	 0.8199 
134.95 	 0.8199 
135.00 	 0.8199 
135.05 	 0.8199 
135.10 	 0.8199 
135.15 	 0.8199 
135.20 	 0.8199 
135.25 	 0.8199 
135.30 	 0.8199 
135.35 	 0.8199 
135.40 	 0.8199 
135.45 	 0.8367 
135.50 	 0.8367 
135.55 	 0.8367 
135.60 	 0.8367 
135.65 	 0.8367 
135.70 	 0.8367 
135.75 	 0.8199 
135.80 	 0.8199 
135.85 	 0.8199 
135.90 	 0.8199 
135.95 	 0.8199 
136.00 	 0.8199 
136.05 	 0.8199 
136.10 	 0.8199 
136.15 	 0.8199 
136.20 	 0.8199 
136.25 	 0.8199 
136.30 	 0.8199 
136.35 	 0.8199 
136.40 	 0.8032 
136.45 	 0.8032 
136.50 	 0.8032 
136.55 	 0.8032 
136.60 	 0.8032 
136.65 	 0.8032 
136.70 	 0.8032 
136.75 	 0.8032 
136.80 	 0.8032 
136.85 	 0.8032 
136.90 	 0.8032 
136.95 	 0.8032 
137.00 	 0.7865 
137.05 	 0.7865 
137.10 	 0.7865 
137.15 	 0.7865 
137.20 	 0.7865 
137.25 	 0.7865 
137.30 	 0.7865 
137.35 	 0.7865 
137.40 	 0.7865 
137.45 	 0.7865 
137.50 	 0.7865 
137.55 	 0.7865 
137.60 	 0.7697 
137.65 	 0.7697 
137.70 	 0.7697 
137.75 	 0.7697 
137.80 	 0.7697 
137.85 	 0.7697 
137.90 	 0.7697 
137.95 	 0.7697 
138.00 	 0.7697 
138.05 	 0.7697 
138.10 	 0.7697 
138.15 	 0.7530 
138.20 	 0.7530 
138.25 	 0.7697 
138.30 	 0.7697 
138.35 	 0.7697 
138.40 	 0.7697 
138.45 	 0.7697 
138.50 	 0.7697 
138.55 	 0.7697 
138.60 	 0.7697 
138.65 	 0.7697 
138.70 	 0.7697 
138.75 	 0.7530 
138.80 	 0.7530 
138.85 	 0.7530 
138.90 	 0.7697 
138.95 	 0.7697 
139.00 	 0.7697 
139.05 	 0.7697 
139.10 	 0.7697 
139.15 	 0.7697 
139.20 	 0.7697 
139.25 	 0.7697 
139.30 	 0.7530 
139.35 	 0.7530 
139.40 	 0.7530 
139.45 	 0.7530 
139.50 	 0.7697 
139.55 	 0.7697 
139.60 	 0.7697 
139.65 	 0.7697 
139.70 	 0.7697 
139.75 	 0.7697 
139.80 	 0.7697 
139.85 	 0.7530 
139.90 	 0.7530 
139.95 	 0.7530 
140.00 	 0.7530 
140.05 	 0.7530 
140.10 	 0.7697 
140.15 	 0.7697 
140.20 	 0.7697 
140.25 	 0.7697 
140.30 	 0.7697 
140.35 	 0.7697 
140.40 	 0.7697 
140.45 	 0.7697 
140.50 	 0.7697 
140.55 	 0.7697 
140.60 	 0.7697 
140.65 	 0.7865 
140.70 	 0.7865 
140.75 	 0.7865 
140.80 	 0.7865 
140.85 	 0.7865 
140.90 	 0.7865 
140.95 	 0.7865 
141.00 	 0.7865 
141.05 	 0.7865 
141.10 	 0.7865 
141.15 	 0.7865 
141.20 	 0.7865 
141.25 	 0.8032 
141.30 	 0.8032 
141.35 	 0.8032 
141.40 	 0.8032 
141.45 	 0.8032 
141.50 	 0.8032 
141.55 	 0.8032 
141.60 	 0.8032 
141.65 	 0.8032 
141.70 	 0.8032 
141.75 	 0.8032 
141.80 	 0.8199 
141.85 	 0.8199 
141.90 	 0.8199 
141.95 	 0.8199 
142.00 	 0.8199 
142.05 	 0.8199 
142.10 	 0.8199 
142.15 	 0.8199 
142.20 	 0.8199 
142.25 	 0.8199 
142.30 	 0.8199 
142.35 	 0.8367 
142.40 	 0.8367 
142.45 	 0.8367 
142.50 	 0.8367 
142.55 	 0.8367 
142.60 	 0.8367 
142.65 	 0.8367 
142.70 	 0.8367 
142.75 	 0.8367 
142.80 	 0.8367 
142.85 	 0.8367 
142.90 	 0.8367 
142.95 	 0.8367 
143.00 	 0.8367 
143.05 	 0.8367 
143.10 	 0.8367 
143.15 	 0.8367 
143.20 	 0.8367 
143.25 	 0.8367 
143.30 	 0.8367 
143.35 	 0.8367 
143.40 	 0.8367 
143.45 	 0.8367 
143.50 	 0.8367 
143.55 	 0.8367 
143.60 	 0.8367 
143.65 	 0.8367 
143.70 	 0.8367 
143.75 	 0.8367 
143.80 	 0.8367 
143.85 	 0.8367 
143.90 	 0.8367 
143.95 	 0.8367 
144.00 	 0.8367 
144.05 	 0.8367 
144.10 	 0.8367 
144.15 	 0.8367 
144.20 	 0.8367 
144.25 	 0.8367 
144.30 	 0.8367 
144.35 	 0.8367 
144.40 	 0.8367 
144.45 	 0.8367 
144.50 	 0.8367 
144.55 	 0.8367 
144.60 	 0.8367 
144.65 	 0.8367 
144.70 	 0.8367 
144.75 	 0.8367 
144.80 	 0.8367 
144.85 	 0.8367 
144.90 	 0.8367 
144.95 	 0.8367 
145.00 	 0.8367 
145.05 	 0.8367 
145.10 	 0.8367 
145.15 	 0.8367 
145.20 	 0.8367 
145.25 	 0.8367 
145.30 	 0.8367 
145.35 	 0.8367 
145.40 	 0.8367 
145.45 	 0.8367 
145.50 	 0.8367 
145.55 	 0.8367 
145.60 	 0.8367 
145.65 	 0.8367 
145.70 	 0.8367 
145.75 	 0.8367 
145.80 	 0.8367 
145.85 	 0.8367 
145.90 	 0.8367 
145.95 	 0.8367 
146.00 	 0.8367 
146.05 	 0.8367 
146.10 	 0.8367 
146.15 	 0.8367 
146.20 	 0.8367 
146.25 	 0.8367 
146.30 	 0.8367 
146.35 	 0.8367 
146.40 	 0.8367 
146.45 	 0.8367 
146.50 	 0.8367 
146.55 	 0.8367 
146.60 	 0.8367 
146.65 	 0.8367 
146.70 	 0.8367 
146.75 	 0.8367 
146.80 	 0.8367 
146.85 	 0.8367 
146.90 	 0.8367 
146.95 	 0.8367 
147.00 	 0.8367 
147.05 	 0.8367 
147.10 	 0.8367 
147.15 	 0.8367 
147.20 	 0.8367 
147.25 	 0.8367 
147.30 	 0.8367 
147.35 	 0.8367 
147.40 	 0.8367 
147.45 	 0.8367 
147.50 	 0.8367 
147.55 	 0.8367 
147.60 	 0.8367 
147.65 	 0.8367 
147.70 	 0.8367 
147.75 	 0.8367 
147.80 	 0.8367 
147.85 	 0.8367 
147.90 	 0.8367 
147.95 	 0.8367 
148.00 	 0.8367 
148.05 	 0.8367 
148.10 	 0.8367 
148.15 	 0.8367 
148.20 	 0.8367 
148.25 	 0.8367 
148.30 	 0.8367 
148.35 	 0.8367 
148.40 	 0.8367 
148.45 	 0.8367 
148.50 	 0.8367 
148.55 	 0.8367 
148.60 	 0.8367 
148.65 	 0.8367 
148.70 	 0.8367 
148.75 	 0.8367 
148.80 	 0.8367 
148.85 	 0.8367 
148.90 	 0.8367 
148.95 	 0.8367 
149.00 	 0.8367 
149.05 	 0.8367 
149.10 	 0.8367 
149.15 	 0.8367 
149.20 	 0.8367 
149.25 	 0.8367 
149.30 	 0.8367 
149.35 	 0.8367 
149.40 	 0.8367 
149.45 	 0.8367 
149.50 	 0.8367 
149.55 	 0.8367 
149.60 	 0.8367 
149.65 	 0.8367 
149.70 	 0.8367 
149.75 	 0.8367 
149.80 	 0.8367 
149.85 	 0.8367 
149.90 	 0.8367 
149.95 	 0.8367 
150.00 	 0.8367 
150.05 	 0.8367 
150.10 	 0.8367 
150.15 	 0.8367 
150.20 	 0.8367 
150.25 	 0.8367 
150.30 	 0.8367 
150.35 	 0.8367 
150.40 	 0.8367 
150.45 	 0.8367 
150.50 	 0.8367 
150.55 	 0.8367 
150.60 	 0.8367 
150.65 	 0.8367 
150.70 	 0.8367 
150.75 	 0.8367 
150.80 	 0.8367 
150.85 	 0.8367 
150.90 	 0.8367 
150.95 	 0.8367 
151.00 	 0.8367 
151.05 	 0.8367 
151.10 	 0.8367 
151.15 	 0.8367 
151.20 	 0.8367 
151.25 	 0.8367 
151.30 	 0.8367 
151.35 	 0.8367 
151.40 	 0.8367 
151.45 	 0.8367 
151.50 	 0.8367 
151.55 	 0.8367 
151.60 	 0.8367 
151.65 	 0.8367 
151.70 	 0.8367 
151.75 	 0.8367 
151.80 	 0.8367 
151.85 	 0.8367 
151.90 	 0.8367 
151.95 	 0.8367 
152.00 	 0.8367 
152.05 	 0.8367 
152.10 	 0.8367 
152.15 	 0.8367 
152.20 	 0.8367 
152.25 	 0.8367 
152.30 	 0.8367 
152.35 	 0.8367 
152.40 	 0.8367 
152.45 	 0.8367 
152.50 	 0.8367 
152.55 	 0.8367 
152.60 	 0.8367 
152.65 	 0.8367 
152.70 	 0.8367 
152.75 	 0.8367 
152.80 	 0.8367 
152.85 	 0.8367 
152.90 	 0.8367 
152.95 	 0.8367 
153.00 	 0.8367 
153.05 	 0.8367 
153.10 	 0.8367 
153.15 	 0.8367 
153.20 	 0.8367 
153.25 	 0.8367 
153.30 	 0.8367 
153.35 	 0.8367 
153.40 	 0.8367 
153.45 	 0.8367 
153.50 	 0.8367 
153.55 	 0.8367 
153.60 	 0.8367 
153.65 	 0.8367 
153.70 	 0.8367 
153.75 	 0.8367 
153.80 	 0.8367 
153.85 	 0.8367 
153.90 	 0.8367 
153.95 	 0.8199 
154.00 	 0.8199 
154.05 	 0.8199 
154.10 	 0.8199 
154.15 	 0.8199 
154.20 	 0.8199 
154.25 	 0.8199 
154.30 	 0.8199 
154.35 	 0.8199 
154.40 	 0.8199 
154.45 	 0.8199 
154.50 	 0.8199 
154.55 	 0.8199 
154.60 	 0.8199 
154.65 	 0.8199 
154.70 	 0.8199 
154.75 	 0.8199 
154.80 	 0.8199 
154.85 	 0.8032 
154.90 	 0.8032 
154.95 	 0.8032 
155.00 	 0.8032 
155.05 	 0.8032 
155.10 	 0.8032 
155.15 	 0.8032 
155.20 	 0.8032 
155.25 	 0.8032 
155.30 	 0.8032 
155.35 	 0.8032 
155.40 	 0.8032 
155.45 	 0.8032 
155.50 	 0.7865 
155.55 	 0.7865 
155.60 	 0.7865 
155.65 	 0.7865 
155.70 	 0.7865 
155.75 	 0.7865 
155.80 	 0.7865 
155.85 	 0.7865 
155.90 	 0.7865 
155.95 	 0.7865 
156.00 	 0.7865 
156.05 	 0.7865 
156.10 	 0.7697 
156.15 	 0.7697 
156.20 	 0.7697 
156.25 	 0.7697 
156.30 	 0.7697 
156.35 	 0.7697 
156.40 	 0.7697 
156.45 	 0.7865 
156.50 	 0.7865 
156.55 	 0.7865 
156.60 	 0.7865 
156.65 	 0.7865 
156.70 	 0.7865 
156.75 	 0.7697 
156.80 	 0.7697 
156.85 	 0.7697 
156.90 	 0.7697 
156.95 	 0.7697 
157.00 	 0.7697 
157.05 	 0.7697 
157.10 	 0.7697 
157.15 	 0.7530 
157.20 	 0.7530 
157.25 	 0.7530 
157.30 	 0.7530 
157.35 	 0.7697 
157.40 	 0.7697 
157.45 	 0.7697 
157.50 	 0.7697 
157.55 	 0.7697 
157.60 	 0.7697 
157.65 	 0.7697 
157.70 	 0.7530 
157.75 	 0.7530 
157.80 	 0.7530 
157.85 	 0.7530 
157.90 	 0.7530 
157.95 	 0.7530 
158.00 	 0.7697 
158.05 	 0.7697 
158.10 	 0.7697 
158.15 	 0.7697 
158.20 	 0.7697 
158.25 	 0.7530 
158.30 	 0.7530 
158.35 	 0.7530 
158.40 	 0.7530 
158.45 	 0.7530 
158.50 	 0.7530 
158.55 	 0.7530 
