# Optimal flow dependent on time 
 # Aggressives: 38 
0.05 	 0.5026 
0.10 	 0.5026 
0.15 	 0.5026 
0.20 	 0.5026 
0.25 	 0.5026 
0.30 	 0.5026 
0.35 	 0.5026 
0.40 	 0.5026 
0.45 	 0.5026 
0.50 	 0.5026 
0.55 	 0.5026 
0.60 	 0.5026 
0.65 	 0.5026 
0.70 	 0.5026 
0.75 	 0.5026 
0.80 	 0.5026 
0.85 	 0.5026 
0.90 	 0.5026 
0.95 	 0.5026 
1.00 	 0.5026 
1.05 	 0.5026 
1.10 	 0.5026 
1.15 	 0.5026 
1.20 	 0.5026 
1.25 	 0.5026 
1.30 	 0.5026 
1.35 	 0.5026 
1.40 	 0.5026 
1.45 	 0.5026 
1.50 	 0.5026 
1.55 	 0.5026 
1.60 	 0.5026 
1.65 	 0.5026 
1.70 	 0.5026 
1.75 	 0.5026 
1.80 	 0.5026 
1.85 	 0.5026 
1.90 	 0.5026 
1.95 	 0.5026 
2.00 	 0.5026 
2.05 	 0.5026 
2.10 	 0.5026 
2.15 	 0.5026 
2.20 	 0.5026 
2.25 	 0.5026 
2.30 	 0.5026 
2.35 	 0.5026 
2.40 	 0.5080 
2.45 	 0.5080 
2.50 	 0.5080 
2.55 	 0.5080 
2.60 	 0.5080 
2.65 	 0.5080 
2.70 	 0.5080 
2.75 	 0.5080 
2.80 	 0.5080 
2.85 	 0.5080 
2.90 	 0.5080 
2.95 	 0.5080 
3.00 	 0.5080 
3.05 	 0.5080 
3.10 	 0.5080 
3.15 	 0.5134 
3.20 	 0.5134 
3.25 	 0.5134 
3.30 	 0.5134 
3.35 	 0.5134 
3.40 	 0.5134 
3.45 	 0.5134 
3.50 	 0.5134 
3.55 	 0.5134 
3.60 	 0.5134 
3.65 	 0.5134 
3.70 	 0.5134 
3.75 	 0.5134 
3.80 	 0.5134 
3.85 	 0.5134 
3.90 	 0.5134 
3.95 	 0.5188 
4.00 	 0.5188 
4.05 	 0.5188 
4.10 	 0.5188 
4.15 	 0.5188 
4.20 	 0.5188 
4.25 	 0.5188 
4.30 	 0.5188 
4.35 	 0.5188 
4.40 	 0.5188 
4.45 	 0.5188 
4.50 	 0.5188 
4.55 	 0.5188 
4.60 	 0.5188 
4.65 	 0.5188 
4.70 	 0.5242 
4.75 	 0.5242 
4.80 	 0.5242 
4.85 	 0.5242 
4.90 	 0.5242 
4.95 	 0.5242 
5.00 	 0.5242 
5.05 	 0.5242 
5.10 	 0.5242 
5.15 	 0.5242 
5.20 	 0.5242 
5.25 	 0.5242 
5.30 	 0.5242 
5.35 	 0.5242 
5.40 	 0.5242 
5.45 	 0.5296 
5.50 	 0.5296 
5.55 	 0.5296 
5.60 	 0.5296 
5.65 	 0.5296 
5.70 	 0.5296 
5.75 	 0.5296 
5.80 	 0.5296 
5.85 	 0.5296 
5.90 	 0.5296 
5.95 	 0.5296 
6.00 	 0.5296 
6.05 	 0.5296 
6.10 	 0.5296 
6.15 	 0.5296 
6.20 	 0.5350 
6.25 	 0.5350 
6.30 	 0.5350 
6.35 	 0.5350 
6.40 	 0.5350 
6.45 	 0.5350 
6.50 	 0.5350 
6.55 	 0.5350 
6.60 	 0.5350 
6.65 	 0.5350 
6.70 	 0.5350 
6.75 	 0.5296 
6.80 	 0.5296 
6.85 	 0.5296 
6.90 	 0.5350 
6.95 	 0.5350 
7.00 	 0.5350 
7.05 	 0.5350 
7.10 	 0.5350 
7.15 	 0.5350 
7.20 	 0.5350 
7.25 	 0.5350 
7.30 	 0.5350 
7.35 	 0.5350 
7.40 	 0.5350 
7.45 	 0.5350 
7.50 	 0.5296 
7.55 	 0.5296 
7.60 	 0.5350 
7.65 	 0.5350 
7.70 	 0.5350 
7.75 	 0.5350 
7.80 	 0.5350 
7.85 	 0.5350 
7.90 	 0.5350 
7.95 	 0.5350 
8.00 	 0.5350 
8.05 	 0.5350 
8.10 	 0.5350 
8.15 	 0.5350 
8.20 	 0.5350 
8.25 	 0.5404 
8.30 	 0.5404 
8.35 	 0.5404 
8.40 	 0.5350 
8.45 	 0.5350 
8.50 	 0.5350 
8.55 	 0.5350 
8.60 	 0.5350 
8.65 	 0.5350 
8.70 	 0.5350 
8.75 	 0.5350 
8.80 	 0.5350 
8.85 	 0.5350 
8.90 	 0.5350 
8.95 	 0.5350 
9.00 	 0.5350 
9.05 	 0.5404 
9.10 	 0.5404 
9.15 	 0.5404 
9.20 	 0.5350 
9.25 	 0.5404 
9.30 	 0.5404 
9.35 	 0.5404 
9.40 	 0.5404 
9.45 	 0.5404 
9.50 	 0.5404 
9.55 	 0.5404 
9.60 	 0.5404 
9.65 	 0.5404 
9.70 	 0.5404 
9.75 	 0.5404 
9.80 	 0.5404 
9.85 	 0.5404 
9.90 	 0.5458 
9.95 	 0.5404 
10.00 	 0.5404 
10.05 	 0.5404 
10.10 	 0.5404 
10.15 	 0.5404 
10.20 	 0.5404 
10.25 	 0.5404 
10.30 	 0.5404 
10.35 	 0.5404 
10.40 	 0.5404 
10.45 	 0.5404 
10.50 	 0.5404 
10.55 	 0.5404 
10.60 	 0.5404 
10.65 	 0.5404 
10.70 	 0.5404 
10.75 	 0.5404 
10.80 	 0.5404 
10.85 	 0.5404 
10.90 	 0.5458 
10.95 	 0.5458 
11.00 	 0.5458 
11.05 	 0.5458 
11.10 	 0.5458 
11.15 	 0.5458 
11.20 	 0.5458 
11.25 	 0.5458 
11.30 	 0.5458 
11.35 	 0.5458 
11.40 	 0.5458 
11.45 	 0.5458 
11.50 	 0.5458 
11.55 	 0.5458 
11.60 	 0.5458 
11.65 	 0.5512 
11.70 	 0.5512 
11.75 	 0.5512 
11.80 	 0.5512 
11.85 	 0.5512 
11.90 	 0.5512 
11.95 	 0.5512 
12.00 	 0.5512 
12.05 	 0.5512 
12.10 	 0.5512 
12.15 	 0.5512 
12.20 	 0.5566 
12.25 	 0.5512 
12.30 	 0.5512 
12.35 	 0.5512 
12.40 	 0.5512 
12.45 	 0.5566 
12.50 	 0.5566 
12.55 	 0.5566 
12.60 	 0.5566 
12.65 	 0.5566 
12.70 	 0.5566 
12.75 	 0.5566 
12.80 	 0.5566 
12.85 	 0.5566 
12.90 	 0.5566 
12.95 	 0.5620 
13.00 	 0.5566 
13.05 	 0.5566 
13.10 	 0.5566 
13.15 	 0.5566 
13.20 	 0.5620 
13.25 	 0.5620 
13.30 	 0.5620 
13.35 	 0.5620 
13.40 	 0.5620 
13.45 	 0.5620 
13.50 	 0.5620 
13.55 	 0.5620 
13.60 	 0.5620 
13.65 	 0.5674 
13.70 	 0.5674 
13.75 	 0.5620 
13.80 	 0.5620 
13.85 	 0.5620 
13.90 	 0.5620 
13.95 	 0.5674 
14.00 	 0.5674 
14.05 	 0.5674 
14.10 	 0.5674 
14.15 	 0.5674 
14.20 	 0.5674 
14.25 	 0.5674 
14.30 	 0.5674 
14.35 	 0.5674 
14.40 	 0.5674 
14.45 	 0.5728 
14.50 	 0.5674 
14.55 	 0.5674 
14.60 	 0.5674 
14.65 	 0.5674 
14.70 	 0.5728 
14.75 	 0.5728 
14.80 	 0.5728 
14.85 	 0.5728 
14.90 	 0.5728 
14.95 	 0.5728 
15.00 	 0.5728 
15.05 	 0.5728 
15.10 	 0.5728 
15.15 	 0.5783 
15.20 	 0.5728 
15.25 	 0.5728 
15.30 	 0.5728 
15.35 	 0.5728 
15.40 	 0.5728 
15.45 	 0.5728 
15.50 	 0.5783 
15.55 	 0.5783 
15.60 	 0.5783 
15.65 	 0.5783 
15.70 	 0.5783 
15.75 	 0.5783 
15.80 	 0.5783 
15.85 	 0.5837 
15.90 	 0.5837 
15.95 	 0.5837 
16.00 	 0.5837 
16.05 	 0.5837 
16.10 	 0.5837 
16.15 	 0.5837 
16.20 	 0.5837 
16.25 	 0.5837 
16.30 	 0.5837 
16.35 	 0.5837 
16.40 	 0.5837 
16.45 	 0.5837 
16.50 	 0.5837 
16.55 	 0.5837 
16.60 	 0.5837 
16.65 	 0.5891 
16.70 	 0.5837 
16.75 	 0.5837 
16.80 	 0.5837 
16.85 	 0.5837 
16.90 	 0.5837 
16.95 	 0.5837 
17.00 	 0.5837 
17.05 	 0.5837 
17.10 	 0.5837 
17.15 	 0.5837 
17.20 	 0.5837 
17.25 	 0.5837 
17.30 	 0.5837 
17.35 	 0.5837 
17.40 	 0.5837 
17.45 	 0.5783 
17.50 	 0.5783 
17.55 	 0.5783 
17.60 	 0.5783 
17.65 	 0.5783 
17.70 	 0.5783 
17.75 	 0.5783 
17.80 	 0.5783 
17.85 	 0.5837 
17.90 	 0.5837 
17.95 	 0.5837 
18.00 	 0.5837 
18.05 	 0.5837 
18.10 	 0.5837 
18.15 	 0.5837 
18.20 	 0.5783 
18.25 	 0.5783 
18.30 	 0.5783 
18.35 	 0.5783 
18.40 	 0.5783 
18.45 	 0.5783 
18.50 	 0.5783 
18.55 	 0.5783 
18.60 	 0.5837 
18.65 	 0.5837 
18.70 	 0.5837 
18.75 	 0.5837 
18.80 	 0.5837 
18.85 	 0.5837 
18.90 	 0.5783 
18.95 	 0.5783 
19.00 	 0.5783 
19.05 	 0.5783 
19.10 	 0.5783 
19.15 	 0.5783 
19.20 	 0.5783 
19.25 	 0.5783 
19.30 	 0.5783 
19.35 	 0.5783 
19.40 	 0.5783 
19.45 	 0.5783 
19.50 	 0.5837 
19.55 	 0.5837 
19.60 	 0.5837 
19.65 	 0.5837 
19.70 	 0.5837 
19.75 	 0.5837 
19.80 	 0.5837 
19.85 	 0.5837 
19.90 	 0.5837 
19.95 	 0.5837 
20.00 	 0.5837 
20.05 	 0.5837 
20.10 	 0.5837 
20.15 	 0.5837 
20.20 	 0.5891 
20.25 	 0.5891 
20.30 	 0.5891 
20.35 	 0.5891 
20.40 	 0.5891 
20.45 	 0.5891 
20.50 	 0.5891 
20.55 	 0.5891 
20.60 	 0.5891 
20.65 	 0.5891 
20.70 	 0.5891 
20.75 	 0.5891 
20.80 	 0.5891 
20.85 	 0.5891 
20.90 	 0.5837 
20.95 	 0.5837 
21.00 	 0.5837 
21.05 	 0.5837 
21.10 	 0.5837 
21.15 	 0.5837 
21.20 	 0.5837 
21.25 	 0.5837 
21.30 	 0.5837 
21.35 	 0.5837 
21.40 	 0.5837 
21.45 	 0.5891 
21.50 	 0.5891 
21.55 	 0.5891 
21.60 	 0.5891 
21.65 	 0.5837 
21.70 	 0.5837 
21.75 	 0.5837 
21.80 	 0.5837 
21.85 	 0.5837 
21.90 	 0.5837 
21.95 	 0.5837 
22.00 	 0.5837 
22.05 	 0.5837 
22.10 	 0.5837 
22.15 	 0.5837 
22.20 	 0.5891 
22.25 	 0.5891 
22.30 	 0.5891 
22.35 	 0.5891 
22.40 	 0.5837 
22.45 	 0.5837 
22.50 	 0.5837 
22.55 	 0.5837 
22.60 	 0.5837 
22.65 	 0.5837 
22.70 	 0.5837 
22.75 	 0.5837 
22.80 	 0.5837 
22.85 	 0.5837 
22.90 	 0.5837 
22.95 	 0.5891 
23.00 	 0.5891 
23.05 	 0.5891 
23.10 	 0.5891 
23.15 	 0.5837 
23.20 	 0.5837 
23.25 	 0.5837 
23.30 	 0.5837 
23.35 	 0.5837 
23.40 	 0.5837 
23.45 	 0.5837 
23.50 	 0.5837 
23.55 	 0.5837 
23.60 	 0.5837 
23.65 	 0.5837 
23.70 	 0.5837 
23.75 	 0.5891 
23.80 	 0.5891 
23.85 	 0.5891 
23.90 	 0.5837 
23.95 	 0.5783 
24.00 	 0.5783 
24.05 	 0.5783 
24.10 	 0.5783 
24.15 	 0.5783 
24.20 	 0.5783 
24.25 	 0.5783 
24.30 	 0.5783 
24.35 	 0.5783 
24.40 	 0.5837 
24.45 	 0.5837 
24.50 	 0.5837 
24.55 	 0.5837 
24.60 	 0.5783 
24.65 	 0.5783 
24.70 	 0.5783 
24.75 	 0.5783 
24.80 	 0.5783 
24.85 	 0.5783 
24.90 	 0.5783 
24.95 	 0.5783 
25.00 	 0.5783 
25.05 	 0.5783 
25.10 	 0.5783 
25.15 	 0.5837 
25.20 	 0.5837 
25.25 	 0.5837 
25.30 	 0.5783 
25.35 	 0.5783 
25.40 	 0.5783 
25.45 	 0.5783 
25.50 	 0.5783 
25.55 	 0.5783 
25.60 	 0.5783 
25.65 	 0.5783 
25.70 	 0.5783 
25.75 	 0.5783 
25.80 	 0.5783 
25.85 	 0.5783 
25.90 	 0.5783 
25.95 	 0.5783 
26.00 	 0.5783 
26.05 	 0.5728 
26.10 	 0.5728 
26.15 	 0.5674 
26.20 	 0.5674 
26.25 	 0.5674 
26.30 	 0.5674 
26.35 	 0.5674 
26.40 	 0.5674 
26.45 	 0.5674 
26.50 	 0.5674 
26.55 	 0.5674 
26.60 	 0.5674 
26.65 	 0.5674 
26.70 	 0.5674 
26.75 	 0.5674 
26.80 	 0.5674 
26.85 	 0.5674 
26.90 	 0.5674 
26.95 	 0.5674 
27.00 	 0.5674 
27.05 	 0.5674 
27.10 	 0.5674 
27.15 	 0.5674 
27.20 	 0.5674 
27.25 	 0.5620 
27.30 	 0.5620 
27.35 	 0.5620 
27.40 	 0.5620 
27.45 	 0.5620 
27.50 	 0.5620 
27.55 	 0.5620 
27.60 	 0.5620 
27.65 	 0.5620 
27.70 	 0.5620 
27.75 	 0.5620 
27.80 	 0.5620 
27.85 	 0.5620 
27.90 	 0.5620 
27.95 	 0.5620 
28.00 	 0.5620 
28.05 	 0.5620 
28.10 	 0.5620 
28.15 	 0.5620 
28.20 	 0.5620 
28.25 	 0.5620 
28.30 	 0.5566 
28.35 	 0.5566 
28.40 	 0.5566 
28.45 	 0.5566 
28.50 	 0.5566 
28.55 	 0.5566 
28.60 	 0.5566 
28.65 	 0.5566 
28.70 	 0.5566 
28.75 	 0.5566 
28.80 	 0.5566 
28.85 	 0.5566 
28.90 	 0.5566 
28.95 	 0.5566 
29.00 	 0.5566 
29.05 	 0.5566 
29.10 	 0.5512 
29.15 	 0.5512 
29.20 	 0.5512 
29.25 	 0.5512 
29.30 	 0.5512 
29.35 	 0.5512 
29.40 	 0.5512 
29.45 	 0.5512 
29.50 	 0.5512 
29.55 	 0.5512 
29.60 	 0.5512 
29.65 	 0.5512 
29.70 	 0.5512 
29.75 	 0.5512 
29.80 	 0.5512 
29.85 	 0.5512 
29.90 	 0.5512 
29.95 	 0.5512 
30.00 	 0.5512 
30.05 	 0.5512 
30.10 	 0.5512 
30.15 	 0.5512 
30.20 	 0.5512 
30.25 	 0.5512 
30.30 	 0.5512 
30.35 	 0.5458 
30.40 	 0.5458 
30.45 	 0.5458 
30.50 	 0.5458 
30.55 	 0.5458 
30.60 	 0.5458 
30.65 	 0.5458 
30.70 	 0.5458 
30.75 	 0.5458 
30.80 	 0.5458 
30.85 	 0.5458 
30.90 	 0.5458 
30.95 	 0.5458 
31.00 	 0.5458 
31.05 	 0.5458 
31.10 	 0.5404 
31.15 	 0.5404 
31.20 	 0.5404 
31.25 	 0.5404 
31.30 	 0.5404 
31.35 	 0.5404 
31.40 	 0.5404 
31.45 	 0.5404 
31.50 	 0.5404 
31.55 	 0.5404 
31.60 	 0.5404 
31.65 	 0.5404 
31.70 	 0.5404 
31.75 	 0.5404 
31.80 	 0.5350 
31.85 	 0.5350 
31.90 	 0.5350 
31.95 	 0.5350 
32.00 	 0.5350 
32.05 	 0.5350 
32.10 	 0.5350 
32.15 	 0.5350 
32.20 	 0.5350 
32.25 	 0.5350 
32.30 	 0.5350 
32.35 	 0.5350 
32.40 	 0.5350 
32.45 	 0.5350 
32.50 	 0.5296 
32.55 	 0.5296 
32.60 	 0.5296 
32.65 	 0.5296 
32.70 	 0.5296 
32.75 	 0.5296 
32.80 	 0.5296 
32.85 	 0.5296 
32.90 	 0.5296 
32.95 	 0.5296 
33.00 	 0.5296 
33.05 	 0.5296 
33.10 	 0.5296 
33.15 	 0.5296 
33.20 	 0.5296 
33.25 	 0.5296 
33.30 	 0.5296 
33.35 	 0.5296 
33.40 	 0.5296 
33.45 	 0.5296 
33.50 	 0.5242 
33.55 	 0.5242 
33.60 	 0.5242 
33.65 	 0.5242 
33.70 	 0.5242 
33.75 	 0.5242 
33.80 	 0.5242 
33.85 	 0.5242 
33.90 	 0.5242 
33.95 	 0.5242 
34.00 	 0.5242 
34.05 	 0.5242 
34.10 	 0.5188 
34.15 	 0.5188 
34.20 	 0.5188 
34.25 	 0.5188 
34.30 	 0.5188 
34.35 	 0.5188 
34.40 	 0.5188 
34.45 	 0.5188 
34.50 	 0.5188 
34.55 	 0.5188 
34.60 	 0.5188 
34.65 	 0.5188 
34.70 	 0.5188 
34.75 	 0.5134 
34.80 	 0.5134 
34.85 	 0.5134 
34.90 	 0.5134 
34.95 	 0.5134 
35.00 	 0.5134 
35.05 	 0.5134 
35.10 	 0.5134 
35.15 	 0.5134 
35.20 	 0.5134 
35.25 	 0.5134 
35.30 	 0.5134 
35.35 	 0.5134 
35.40 	 0.5134 
35.45 	 0.5080 
35.50 	 0.5080 
35.55 	 0.5080 
35.60 	 0.5080 
35.65 	 0.5080 
35.70 	 0.5080 
35.75 	 0.5080 
35.80 	 0.5080 
35.85 	 0.5026 
35.90 	 0.5026 
35.95 	 0.5026 
36.00 	 0.5026 
36.05 	 0.5026 
36.10 	 0.5026 
36.15 	 0.5026 
36.20 	 0.5026 
36.25 	 0.5026 
36.30 	 0.5026 
36.35 	 0.5026 
36.40 	 0.5026 
36.45 	 0.5026 
36.50 	 0.5026 
36.55 	 0.4972 
36.60 	 0.4972 
36.65 	 0.4972 
36.70 	 0.4972 
36.75 	 0.4918 
36.80 	 0.4918 
36.85 	 0.4918 
36.90 	 0.4918 
36.95 	 0.4918 
37.00 	 0.4918 
37.05 	 0.4918 
37.10 	 0.4918 
37.15 	 0.4918 
37.20 	 0.4918 
37.25 	 0.4918 
37.30 	 0.4918 
37.35 	 0.4918 
37.40 	 0.4918 
37.45 	 0.4918 
37.50 	 0.4864 
37.55 	 0.4864 
37.60 	 0.4810 
37.65 	 0.4810 
37.70 	 0.4810 
37.75 	 0.4810 
37.80 	 0.4810 
37.85 	 0.4810 
37.90 	 0.4810 
37.95 	 0.4864 
38.00 	 0.4864 
38.05 	 0.4810 
38.10 	 0.4810 
38.15 	 0.4810 
38.20 	 0.4810 
38.25 	 0.4810 
38.30 	 0.4810 
38.35 	 0.4810 
38.40 	 0.4810 
38.45 	 0.4810 
38.50 	 0.4810 
38.55 	 0.4810 
38.60 	 0.4810 
38.65 	 0.4702 
38.70 	 0.4702 
38.75 	 0.4702 
38.80 	 0.4702 
38.85 	 0.4702 
38.90 	 0.4702 
38.95 	 0.4702 
39.00 	 0.4702 
39.05 	 0.4756 
39.10 	 0.4756 
39.15 	 0.4756 
39.20 	 0.4756 
39.25 	 0.4756 
39.30 	 0.4702 
39.35 	 0.4702 
39.40 	 0.4648 
39.45 	 0.4648 
39.50 	 0.4648 
39.55 	 0.4648 
39.60 	 0.4648 
39.65 	 0.4648 
39.70 	 0.4648 
39.75 	 0.4648 
39.80 	 0.4648 
39.85 	 0.4648 
39.90 	 0.4648 
39.95 	 0.4648 
40.00 	 0.4648 
40.05 	 0.4648 
40.10 	 0.4648 
40.15 	 0.4648 
40.20 	 0.4648 
40.25 	 0.4648 
40.30 	 0.4648 
40.35 	 0.4648 
40.40 	 0.4648 
40.45 	 0.4594 
40.50 	 0.4594 
40.55 	 0.4594 
40.60 	 0.4594 
40.65 	 0.4540 
40.70 	 0.4540 
40.75 	 0.4594 
40.80 	 0.4594 
40.85 	 0.4594 
40.90 	 0.4594 
40.95 	 0.4594 
41.00 	 0.4594 
41.05 	 0.4594 
41.10 	 0.4594 
41.15 	 0.4540 
41.20 	 0.4540 
41.25 	 0.4540 
41.30 	 0.4540 
41.35 	 0.4540 
41.40 	 0.4486 
41.45 	 0.4486 
41.50 	 0.4486 
41.55 	 0.4540 
41.60 	 0.4540 
41.65 	 0.4540 
41.70 	 0.4540 
41.75 	 0.4540 
41.80 	 0.4540 
41.85 	 0.4486 
41.90 	 0.4486 
41.95 	 0.4486 
42.00 	 0.4486 
42.05 	 0.4486 
42.10 	 0.4486 
42.15 	 0.4431 
42.20 	 0.4431 
42.25 	 0.4431 
42.30 	 0.4486 
42.35 	 0.4486 
42.40 	 0.4486 
42.45 	 0.4486 
42.50 	 0.4486 
42.55 	 0.4431 
42.60 	 0.4431 
42.65 	 0.4431 
42.70 	 0.4431 
42.75 	 0.4431 
42.80 	 0.4431 
42.85 	 0.4431 
42.90 	 0.4377 
42.95 	 0.4377 
43.00 	 0.4377 
43.05 	 0.4431 
43.10 	 0.4431 
43.15 	 0.4431 
43.20 	 0.4431 
43.25 	 0.4377 
43.30 	 0.4377 
43.35 	 0.4377 
43.40 	 0.4377 
43.45 	 0.4377 
43.50 	 0.4377 
43.55 	 0.4323 
43.60 	 0.4323 
43.65 	 0.4323 
43.70 	 0.4323 
43.75 	 0.4323 
43.80 	 0.4377 
43.85 	 0.4377 
43.90 	 0.4377 
43.95 	 0.4377 
44.00 	 0.4377 
44.05 	 0.4377 
44.10 	 0.4377 
44.15 	 0.4377 
44.20 	 0.4377 
44.25 	 0.4323 
44.30 	 0.4323 
44.35 	 0.4323 
44.40 	 0.4269 
44.45 	 0.4269 
44.50 	 0.4269 
44.55 	 0.4269 
44.60 	 0.4323 
44.65 	 0.4323 
44.70 	 0.4323 
44.75 	 0.4323 
44.80 	 0.4323 
44.85 	 0.4323 
44.90 	 0.4323 
44.95 	 0.4323 
45.00 	 0.4323 
45.05 	 0.4269 
45.10 	 0.4215 
45.15 	 0.4215 
45.20 	 0.4215 
45.25 	 0.4215 
45.30 	 0.4215 
45.35 	 0.4269 
45.40 	 0.4269 
45.45 	 0.4269 
45.50 	 0.4269 
45.55 	 0.4269 
45.60 	 0.4269 
45.65 	 0.4269 
45.70 	 0.4269 
45.75 	 0.4269 
45.80 	 0.4161 
45.85 	 0.4161 
45.90 	 0.4161 
45.95 	 0.4161 
46.00 	 0.4161 
46.05 	 0.4161 
46.10 	 0.4215 
46.15 	 0.4215 
46.20 	 0.4215 
46.25 	 0.4215 
46.30 	 0.4215 
46.35 	 0.4215 
46.40 	 0.4215 
46.45 	 0.4215 
46.50 	 0.4107 
46.55 	 0.4107 
46.60 	 0.4107 
46.65 	 0.4107 
46.70 	 0.4107 
46.75 	 0.4107 
46.80 	 0.4107 
46.85 	 0.4161 
46.90 	 0.4161 
46.95 	 0.4161 
47.00 	 0.4161 
47.05 	 0.4161 
47.10 	 0.4161 
47.15 	 0.4107 
47.20 	 0.4107 
47.25 	 0.4053 
47.30 	 0.4053 
47.35 	 0.4053 
47.40 	 0.4053 
47.45 	 0.4053 
47.50 	 0.4053 
47.55 	 0.4053 
47.60 	 0.4053 
47.65 	 0.4161 
47.70 	 0.4161 
47.75 	 0.4161 
47.80 	 0.4161 
47.85 	 0.4107 
47.90 	 0.4107 
47.95 	 0.4053 
48.00 	 0.4053 
48.05 	 0.4053 
48.10 	 0.4053 
48.15 	 0.4053 
48.20 	 0.4053 
48.25 	 0.4053 
48.30 	 0.4053 
48.35 	 0.4053 
48.40 	 0.4107 
48.45 	 0.4107 
48.50 	 0.4107 
48.55 	 0.4053 
48.60 	 0.4053 
48.65 	 0.4053 
48.70 	 0.4053 
48.75 	 0.3999 
48.80 	 0.3999 
48.85 	 0.3999 
48.90 	 0.3999 
48.95 	 0.3999 
49.00 	 0.3999 
49.05 	 0.3999 
49.10 	 0.3999 
49.15 	 0.4053 
49.20 	 0.4053 
49.25 	 0.3999 
49.30 	 0.4053 
49.35 	 0.4053 
49.40 	 0.4053 
49.45 	 0.4053 
49.50 	 0.3999 
49.55 	 0.3999 
49.60 	 0.3999 
49.65 	 0.3999 
49.70 	 0.3999 
49.75 	 0.3999 
49.80 	 0.3999 
49.85 	 0.3999 
49.90 	 0.4053 
49.95 	 0.3999 
50.00 	 0.3999 
50.05 	 0.3999 
50.10 	 0.3999 
50.15 	 0.3999 
50.20 	 0.3999 
50.25 	 0.3999 
50.30 	 0.3945 
50.35 	 0.3945 
50.40 	 0.3945 
50.45 	 0.3945 
50.50 	 0.3999 
50.55 	 0.3999 
50.60 	 0.3945 
50.65 	 0.3999 
50.70 	 0.3999 
50.75 	 0.3999 
50.80 	 0.3999 
50.85 	 0.3999 
50.90 	 0.3999 
50.95 	 0.3999 
51.00 	 0.3945 
51.05 	 0.3945 
51.10 	 0.3945 
51.15 	 0.3945 
51.20 	 0.3945 
51.25 	 0.3945 
51.30 	 0.3891 
51.35 	 0.3891 
51.40 	 0.3945 
51.45 	 0.3945 
51.50 	 0.3945 
51.55 	 0.3999 
51.60 	 0.3999 
51.65 	 0.3999 
51.70 	 0.3999 
51.75 	 0.3945 
51.80 	 0.3945 
51.85 	 0.3945 
51.90 	 0.3945 
51.95 	 0.3945 
52.00 	 0.3945 
52.05 	 0.3891 
52.10 	 0.3945 
52.15 	 0.3945 
52.20 	 0.3945 
52.25 	 0.3945 
52.30 	 0.3999 
52.35 	 0.3999 
52.40 	 0.3999 
52.45 	 0.3999 
52.50 	 0.3999 
52.55 	 0.3945 
52.60 	 0.3945 
52.65 	 0.3945 
52.70 	 0.3945 
52.75 	 0.3945 
52.80 	 0.3945 
52.85 	 0.3945 
52.90 	 0.3945 
52.95 	 0.3945 
53.00 	 0.3945 
53.05 	 0.3999 
53.10 	 0.3999 
53.15 	 0.3999 
53.20 	 0.3999 
53.25 	 0.3999 
53.30 	 0.3945 
53.35 	 0.3945 
53.40 	 0.3945 
53.45 	 0.3945 
53.50 	 0.3945 
53.55 	 0.3945 
53.60 	 0.3945 
53.65 	 0.3945 
53.70 	 0.3945 
53.75 	 0.3945 
53.80 	 0.3945 
53.85 	 0.3945 
53.90 	 0.3945 
53.95 	 0.3945 
54.00 	 0.3891 
54.05 	 0.3945 
54.10 	 0.3999 
54.15 	 0.3999 
54.20 	 0.3999 
54.25 	 0.3999 
54.30 	 0.3999 
54.35 	 0.3999 
54.40 	 0.3999 
54.45 	 0.3999 
54.50 	 0.3999 
54.55 	 0.3999 
54.60 	 0.3999 
54.65 	 0.3945 
54.70 	 0.3999 
54.75 	 0.3999 
54.80 	 0.3945 
54.85 	 0.3945 
54.90 	 0.3945 
54.95 	 0.3999 
55.00 	 0.3999 
55.05 	 0.3999 
55.10 	 0.3999 
55.15 	 0.3999 
55.20 	 0.3999 
55.25 	 0.3999 
55.30 	 0.3999 
55.35 	 0.3945 
55.40 	 0.3945 
55.45 	 0.3945 
55.50 	 0.3999 
55.55 	 0.3999 
55.60 	 0.3945 
55.65 	 0.3945 
55.70 	 0.3945 
55.75 	 0.3945 
55.80 	 0.3945 
55.85 	 0.3945 
55.90 	 0.3945 
55.95 	 0.3945 
56.00 	 0.3945 
56.05 	 0.3945 
56.10 	 0.3945 
56.15 	 0.3945 
56.20 	 0.3945 
56.25 	 0.3945 
56.30 	 0.3945 
56.35 	 0.3945 
56.40 	 0.3891 
56.45 	 0.3891 
56.50 	 0.3891 
56.55 	 0.3891 
56.60 	 0.3945 
56.65 	 0.3945 
56.70 	 0.3945 
56.75 	 0.3945 
56.80 	 0.3945 
56.85 	 0.3945 
56.90 	 0.3945 
56.95 	 0.3945 
57.00 	 0.3945 
57.05 	 0.3945 
57.10 	 0.3945 
57.15 	 0.3945 
57.20 	 0.3891 
57.25 	 0.3891 
57.30 	 0.3891 
57.35 	 0.3891 
57.40 	 0.3891 
57.45 	 0.3891 
57.50 	 0.3891 
57.55 	 0.3891 
57.60 	 0.3891 
57.65 	 0.3891 
57.70 	 0.3891 
57.75 	 0.3891 
57.80 	 0.3891 
57.85 	 0.3837 
57.90 	 0.3837 
57.95 	 0.3837 
58.00 	 0.3837 
58.05 	 0.3837 
58.10 	 0.3837 
58.15 	 0.3837 
58.20 	 0.3891 
58.25 	 0.3891 
58.30 	 0.3891 
58.35 	 0.3891 
58.40 	 0.3891 
58.45 	 0.3891 
58.50 	 0.3891 
58.55 	 0.3891 
58.60 	 0.3891 
58.65 	 0.3891 
58.70 	 0.3891 
58.75 	 0.3891 
58.80 	 0.3891 
58.85 	 0.3891 
58.90 	 0.3891 
58.95 	 0.3891 
59.00 	 0.3891 
59.05 	 0.3891 
59.10 	 0.3891 
59.15 	 0.3891 
59.20 	 0.3891 
59.25 	 0.3891 
59.30 	 0.3891 
59.35 	 0.3891 
59.40 	 0.3891 
59.45 	 0.3891 
59.50 	 0.3891 
59.55 	 0.3891 
59.60 	 0.3891 
59.65 	 0.3891 
59.70 	 0.3891 
59.75 	 0.3891 
59.80 	 0.3891 
59.85 	 0.3891 
59.90 	 0.3891 
59.95 	 0.3891 
60.00 	 0.3945 
60.05 	 0.3945 
60.10 	 0.3945 
60.15 	 0.3945 
60.20 	 0.3945 
60.25 	 0.3945 
60.30 	 0.3945 
60.35 	 0.3945 
60.40 	 0.3945 
60.45 	 0.3945 
60.50 	 0.3945 
60.55 	 0.3945 
60.60 	 0.3945 
60.65 	 0.3945 
60.70 	 0.3999 
60.75 	 0.3999 
60.80 	 0.3999 
60.85 	 0.3999 
60.90 	 0.3999 
60.95 	 0.3999 
61.00 	 0.3999 
61.05 	 0.3999 
61.10 	 0.3999 
61.15 	 0.3999 
61.20 	 0.3999 
61.25 	 0.3999 
61.30 	 0.3999 
61.35 	 0.3999 
61.40 	 0.4053 
61.45 	 0.4053 
61.50 	 0.4053 
61.55 	 0.4053 
61.60 	 0.4053 
61.65 	 0.4053 
61.70 	 0.4053 
61.75 	 0.4053 
61.80 	 0.4053 
61.85 	 0.4053 
61.90 	 0.4053 
61.95 	 0.4053 
62.00 	 0.4053 
62.05 	 0.4107 
62.10 	 0.4107 
62.15 	 0.4107 
62.20 	 0.4107 
62.25 	 0.4107 
62.30 	 0.4107 
62.35 	 0.4107 
62.40 	 0.4053 
62.45 	 0.4053 
62.50 	 0.4053 
62.55 	 0.4053 
62.60 	 0.4053 
62.65 	 0.4053 
62.70 	 0.4053 
62.75 	 0.4107 
62.80 	 0.4107 
62.85 	 0.4107 
62.90 	 0.4107 
62.95 	 0.4107 
63.00 	 0.4107 
63.05 	 0.4107 
63.10 	 0.4107 
63.15 	 0.4053 
63.20 	 0.4053 
63.25 	 0.4053 
63.30 	 0.4053 
63.35 	 0.4053 
63.40 	 0.4107 
63.45 	 0.4107 
63.50 	 0.4107 
63.55 	 0.4107 
63.60 	 0.4107 
63.65 	 0.4107 
63.70 	 0.4107 
63.75 	 0.4107 
63.80 	 0.4107 
63.85 	 0.4107 
63.90 	 0.4107 
63.95 	 0.4053 
64.00 	 0.4053 
64.05 	 0.4053 
64.10 	 0.4053 
64.15 	 0.4053 
64.20 	 0.4107 
64.25 	 0.4107 
64.30 	 0.4107 
64.35 	 0.4107 
64.40 	 0.4107 
64.45 	 0.4107 
64.50 	 0.4107 
64.55 	 0.4107 
64.60 	 0.4107 
64.65 	 0.4107 
64.70 	 0.4053 
64.75 	 0.4053 
64.80 	 0.4053 
64.85 	 0.4053 
64.90 	 0.4053 
64.95 	 0.4107 
65.00 	 0.4107 
65.05 	 0.4107 
65.10 	 0.4107 
65.15 	 0.4107 
65.20 	 0.4107 
65.25 	 0.4107 
65.30 	 0.4107 
65.35 	 0.4107 
65.40 	 0.4107 
65.45 	 0.4053 
65.50 	 0.4053 
65.55 	 0.4053 
65.60 	 0.4053 
65.65 	 0.4053 
65.70 	 0.4053 
65.75 	 0.4053 
65.80 	 0.4053 
65.85 	 0.4053 
65.90 	 0.4053 
65.95 	 0.4053 
66.00 	 0.4053 
66.05 	 0.4053 
66.10 	 0.4053 
66.15 	 0.4053 
66.20 	 0.3999 
66.25 	 0.3999 
66.30 	 0.3999 
66.35 	 0.3999 
66.40 	 0.3999 
66.45 	 0.3999 
66.50 	 0.3999 
66.55 	 0.3999 
66.60 	 0.3999 
66.65 	 0.3999 
66.70 	 0.3999 
66.75 	 0.3999 
66.80 	 0.3999 
66.85 	 0.3999 
66.90 	 0.3945 
66.95 	 0.3945 
67.00 	 0.3945 
67.05 	 0.3945 
67.10 	 0.3945 
67.15 	 0.3999 
67.20 	 0.3999 
67.25 	 0.3999 
67.30 	 0.3999 
67.35 	 0.3999 
67.40 	 0.3999 
67.45 	 0.3999 
67.50 	 0.3999 
67.55 	 0.3999 
67.60 	 0.3945 
67.65 	 0.3945 
67.70 	 0.3945 
67.75 	 0.3945 
67.80 	 0.3945 
67.85 	 0.3945 
67.90 	 0.3945 
67.95 	 0.3999 
68.00 	 0.3999 
68.05 	 0.3999 
68.10 	 0.3999 
68.15 	 0.3999 
68.20 	 0.3999 
68.25 	 0.3945 
68.30 	 0.3945 
68.35 	 0.3945 
68.40 	 0.3945 
68.45 	 0.3945 
68.50 	 0.3945 
68.55 	 0.3945 
68.60 	 0.3999 
68.65 	 0.3999 
68.70 	 0.3999 
68.75 	 0.3999 
68.80 	 0.3999 
68.85 	 0.3999 
68.90 	 0.3999 
68.95 	 0.3999 
69.00 	 0.3999 
69.05 	 0.3945 
69.10 	 0.3945 
69.15 	 0.3945 
69.20 	 0.3945 
69.25 	 0.3891 
69.30 	 0.3945 
69.35 	 0.3945 
69.40 	 0.3945 
69.45 	 0.3945 
69.50 	 0.3945 
69.55 	 0.3945 
69.60 	 0.3945 
69.65 	 0.3945 
69.70 	 0.3945 
69.75 	 0.3945 
69.80 	 0.3945 
69.85 	 0.3945 
69.90 	 0.3891 
69.95 	 0.3891 
70.00 	 0.3891 
70.05 	 0.3891 
70.10 	 0.3891 
70.15 	 0.3891 
70.20 	 0.3891 
70.25 	 0.3891 
70.30 	 0.3891 
70.35 	 0.3891 
70.40 	 0.3891 
70.45 	 0.3891 
70.50 	 0.3891 
70.55 	 0.3891 
70.60 	 0.3891 
70.65 	 0.3891 
70.70 	 0.3837 
70.75 	 0.3891 
70.80 	 0.3891 
70.85 	 0.3891 
70.90 	 0.3837 
70.95 	 0.3837 
71.00 	 0.3837 
71.05 	 0.3837 
71.10 	 0.3837 
71.15 	 0.3837 
71.20 	 0.3837 
71.25 	 0.3837 
71.30 	 0.3837 
71.35 	 0.3837 
71.40 	 0.3837 
71.45 	 0.3783 
71.50 	 0.3837 
71.55 	 0.3837 
71.60 	 0.3837 
71.65 	 0.3783 
71.70 	 0.3783 
71.75 	 0.3837 
71.80 	 0.3837 
71.85 	 0.3837 
71.90 	 0.3837 
71.95 	 0.3837 
72.00 	 0.3837 
72.05 	 0.3837 
72.10 	 0.3837 
72.15 	 0.3837 
72.20 	 0.3837 
72.25 	 0.3837 
72.30 	 0.3837 
72.35 	 0.3837 
72.40 	 0.3837 
72.45 	 0.3783 
72.50 	 0.3783 
72.55 	 0.3783 
72.60 	 0.3783 
72.65 	 0.3783 
72.70 	 0.3837 
72.75 	 0.3837 
72.80 	 0.3837 
72.85 	 0.3837 
72.90 	 0.3837 
72.95 	 0.3837 
73.00 	 0.3837 
73.05 	 0.3837 
73.10 	 0.3837 
73.15 	 0.3837 
73.20 	 0.3783 
73.25 	 0.3783 
73.30 	 0.3783 
73.35 	 0.3783 
73.40 	 0.3783 
73.45 	 0.3837 
73.50 	 0.3837 
73.55 	 0.3837 
73.60 	 0.3837 
73.65 	 0.3783 
73.70 	 0.3837 
73.75 	 0.3837 
73.80 	 0.3837 
73.85 	 0.3837 
73.90 	 0.3837 
73.95 	 0.3783 
74.00 	 0.3783 
74.05 	 0.3783 
74.10 	 0.3783 
74.15 	 0.3783 
74.20 	 0.3837 
74.25 	 0.3837 
74.30 	 0.3837 
74.35 	 0.3837 
74.40 	 0.3837 
74.45 	 0.3837 
74.50 	 0.3837 
74.55 	 0.3837 
74.60 	 0.3837 
74.65 	 0.3837 
74.70 	 0.3783 
74.75 	 0.3783 
74.80 	 0.3783 
74.85 	 0.3783 
74.90 	 0.3783 
74.95 	 0.3837 
75.00 	 0.3837 
75.05 	 0.3837 
75.10 	 0.3837 
75.15 	 0.3783 
75.20 	 0.3837 
75.25 	 0.3837 
75.30 	 0.3837 
75.35 	 0.3837 
75.40 	 0.3837 
75.45 	 0.3837 
75.50 	 0.3783 
75.55 	 0.3783 
75.60 	 0.3783 
75.65 	 0.3783 
75.70 	 0.3783 
75.75 	 0.3837 
75.80 	 0.3837 
75.85 	 0.3783 
75.90 	 0.3783 
75.95 	 0.3783 
76.00 	 0.3837 
76.05 	 0.3837 
76.10 	 0.3837 
76.15 	 0.3837 
76.20 	 0.3837 
76.25 	 0.3837 
76.30 	 0.3837 
76.35 	 0.3837 
76.40 	 0.3837 
76.45 	 0.3837 
76.50 	 0.3837 
76.55 	 0.3837 
76.60 	 0.3837 
76.65 	 0.3783 
76.70 	 0.3783 
76.75 	 0.3783 
76.80 	 0.3783 
76.85 	 0.3783 
76.90 	 0.3837 
76.95 	 0.3837 
77.00 	 0.3837 
77.05 	 0.3837 
77.10 	 0.3837 
77.15 	 0.3837 
77.20 	 0.3837 
77.25 	 0.3837 
77.30 	 0.3837 
77.35 	 0.3837 
77.40 	 0.3837 
77.45 	 0.3837 
77.50 	 0.3837 
77.55 	 0.3837 
77.60 	 0.3837 
77.65 	 0.3891 
77.70 	 0.3891 
77.75 	 0.3891 
77.80 	 0.3891 
77.85 	 0.3837 
77.90 	 0.3837 
77.95 	 0.3837 
78.00 	 0.3837 
78.05 	 0.3837 
78.10 	 0.3837 
78.15 	 0.3891 
78.20 	 0.3891 
78.25 	 0.3891 
78.30 	 0.3891 
78.35 	 0.3891 
78.40 	 0.3945 
78.45 	 0.3945 
78.50 	 0.3945 
78.55 	 0.3945 
78.60 	 0.3891 
78.65 	 0.3891 
78.70 	 0.3891 
78.75 	 0.3891 
78.80 	 0.3891 
78.85 	 0.3891 
78.90 	 0.3945 
78.95 	 0.3945 
79.00 	 0.3945 
79.05 	 0.3945 
79.10 	 0.3945 
79.15 	 0.3945 
79.20 	 0.3999 
79.25 	 0.3999 
79.30 	 0.3999 
79.35 	 0.3999 
79.40 	 0.3999 
79.45 	 0.3999 
79.50 	 0.3945 
79.55 	 0.3945 
79.60 	 0.3945 
79.65 	 0.3945 
79.70 	 0.3945 
79.75 	 0.3945 
79.80 	 0.3999 
79.85 	 0.3999 
79.90 	 0.3999 
79.95 	 0.4053 
80.00 	 0.4053 
80.05 	 0.4053 
80.10 	 0.4053 
80.15 	 0.4053 
80.20 	 0.3999 
80.25 	 0.3999 
80.30 	 0.3999 
80.35 	 0.3999 
80.40 	 0.3999 
80.45 	 0.3999 
80.50 	 0.3999 
80.55 	 0.3999 
80.60 	 0.3999 
80.65 	 0.3999 
80.70 	 0.4053 
80.75 	 0.4107 
80.80 	 0.4107 
80.85 	 0.4107 
80.90 	 0.4107 
80.95 	 0.4107 
81.00 	 0.4107 
81.05 	 0.4107 
81.10 	 0.4107 
81.15 	 0.4107 
81.20 	 0.4107 
81.25 	 0.4107 
81.30 	 0.4107 
81.35 	 0.4107 
81.40 	 0.4107 
81.45 	 0.4107 
81.50 	 0.4161 
81.55 	 0.4161 
81.60 	 0.4161 
81.65 	 0.4161 
81.70 	 0.4161 
81.75 	 0.4161 
81.80 	 0.4161 
81.85 	 0.4161 
81.90 	 0.4161 
81.95 	 0.4161 
82.00 	 0.4161 
82.05 	 0.4161 
82.10 	 0.4161 
82.15 	 0.4215 
82.20 	 0.4161 
82.25 	 0.4161 
82.30 	 0.4215 
82.35 	 0.4215 
82.40 	 0.4215 
82.45 	 0.4215 
82.50 	 0.4215 
82.55 	 0.4215 
82.60 	 0.4215 
82.65 	 0.4215 
82.70 	 0.4215 
82.75 	 0.4215 
82.80 	 0.4215 
82.85 	 0.4269 
82.90 	 0.4269 
82.95 	 0.4215 
83.00 	 0.4215 
83.05 	 0.4269 
83.10 	 0.4269 
83.15 	 0.4269 
83.20 	 0.4269 
83.25 	 0.4269 
83.30 	 0.4269 
83.35 	 0.4269 
83.40 	 0.4269 
83.45 	 0.4269 
83.50 	 0.4323 
83.55 	 0.4323 
83.60 	 0.4323 
83.65 	 0.4323 
83.70 	 0.4377 
83.75 	 0.4323 
83.80 	 0.4323 
83.85 	 0.4323 
83.90 	 0.4323 
83.95 	 0.4323 
84.00 	 0.4323 
84.05 	 0.4323 
84.10 	 0.4323 
84.15 	 0.4377 
84.20 	 0.4377 
84.25 	 0.4377 
84.30 	 0.4377 
84.35 	 0.4377 
84.40 	 0.4323 
84.45 	 0.4323 
84.50 	 0.4377 
84.55 	 0.4377 
84.60 	 0.4377 
84.65 	 0.4377 
84.70 	 0.4377 
84.75 	 0.4377 
84.80 	 0.4431 
84.85 	 0.4431 
84.90 	 0.4431 
84.95 	 0.4431 
85.00 	 0.4431 
85.05 	 0.4431 
85.10 	 0.4431 
85.15 	 0.4377 
85.20 	 0.4377 
85.25 	 0.4431 
85.30 	 0.4431 
85.35 	 0.4431 
85.40 	 0.4431 
85.45 	 0.4431 
85.50 	 0.4486 
85.55 	 0.4486 
85.60 	 0.4486 
85.65 	 0.4486 
85.70 	 0.4486 
85.75 	 0.4486 
85.80 	 0.4486 
85.85 	 0.4486 
85.90 	 0.4540 
85.95 	 0.4540 
86.00 	 0.4540 
86.05 	 0.4540 
86.10 	 0.4540 
86.15 	 0.4540 
86.20 	 0.4540 
86.25 	 0.4540 
86.30 	 0.4540 
86.35 	 0.4540 
86.40 	 0.4540 
86.45 	 0.4540 
86.50 	 0.4540 
86.55 	 0.4540 
86.60 	 0.4540 
86.65 	 0.4540 
86.70 	 0.4540 
86.75 	 0.4540 
86.80 	 0.4594 
86.85 	 0.4594 
86.90 	 0.4594 
86.95 	 0.4594 
87.00 	 0.4594 
87.05 	 0.4594 
87.10 	 0.4594 
87.15 	 0.4594 
87.20 	 0.4594 
87.25 	 0.4594 
87.30 	 0.4594 
87.35 	 0.4594 
87.40 	 0.4594 
87.45 	 0.4594 
87.50 	 0.4594 
87.55 	 0.4594 
87.60 	 0.4594 
87.65 	 0.4648 
87.70 	 0.4648 
87.75 	 0.4648 
87.80 	 0.4648 
87.85 	 0.4648 
87.90 	 0.4648 
87.95 	 0.4648 
88.00 	 0.4648 
88.05 	 0.4648 
88.10 	 0.4648 
88.15 	 0.4648 
88.20 	 0.4648 
88.25 	 0.4648 
88.30 	 0.4648 
88.35 	 0.4648 
88.40 	 0.4648 
88.45 	 0.4648 
88.50 	 0.4648 
88.55 	 0.4702 
88.60 	 0.4702 
88.65 	 0.4702 
88.70 	 0.4702 
88.75 	 0.4702 
88.80 	 0.4702 
88.85 	 0.4702 
88.90 	 0.4702 
88.95 	 0.4702 
89.00 	 0.4702 
89.05 	 0.4702 
89.10 	 0.4702 
89.15 	 0.4702 
89.20 	 0.4702 
89.25 	 0.4702 
89.30 	 0.4702 
89.35 	 0.4702 
89.40 	 0.4702 
89.45 	 0.4702 
89.50 	 0.4702 
89.55 	 0.4702 
89.60 	 0.4702 
89.65 	 0.4702 
89.70 	 0.4702 
89.75 	 0.4702 
89.80 	 0.4702 
89.85 	 0.4702 
89.90 	 0.4702 
89.95 	 0.4702 
90.00 	 0.4702 
90.05 	 0.4702 
90.10 	 0.4702 
90.15 	 0.4702 
90.20 	 0.4702 
90.25 	 0.4702 
90.30 	 0.4702 
90.35 	 0.4702 
90.40 	 0.4702 
90.45 	 0.4702 
90.50 	 0.4702 
90.55 	 0.4702 
90.60 	 0.4702 
90.65 	 0.4702 
90.70 	 0.4702 
90.75 	 0.4702 
90.80 	 0.4702 
90.85 	 0.4702 
90.90 	 0.4702 
90.95 	 0.4702 
91.00 	 0.4702 
91.05 	 0.4702 
91.10 	 0.4702 
91.15 	 0.4702 
91.20 	 0.4702 
91.25 	 0.4702 
91.30 	 0.4702 
91.35 	 0.4702 
91.40 	 0.4702 
91.45 	 0.4702 
91.50 	 0.4702 
91.55 	 0.4702 
91.60 	 0.4702 
91.65 	 0.4702 
91.70 	 0.4702 
91.75 	 0.4702 
91.80 	 0.4702 
91.85 	 0.4702 
91.90 	 0.4702 
91.95 	 0.4702 
92.00 	 0.4702 
92.05 	 0.4702 
92.10 	 0.4702 
92.15 	 0.4702 
92.20 	 0.4702 
92.25 	 0.4702 
92.30 	 0.4702 
92.35 	 0.4702 
92.40 	 0.4702 
92.45 	 0.4702 
92.50 	 0.4702 
92.55 	 0.4702 
92.60 	 0.4702 
92.65 	 0.4702 
92.70 	 0.4702 
92.75 	 0.4702 
92.80 	 0.4702 
92.85 	 0.4702 
92.90 	 0.4702 
92.95 	 0.4702 
93.00 	 0.4702 
93.05 	 0.4702 
93.10 	 0.4702 
93.15 	 0.4702 
93.20 	 0.4756 
93.25 	 0.4756 
93.30 	 0.4756 
93.35 	 0.4756 
93.40 	 0.4756 
93.45 	 0.4756 
93.50 	 0.4756 
93.55 	 0.4756 
93.60 	 0.4756 
93.65 	 0.4756 
93.70 	 0.4756 
93.75 	 0.4756 
93.80 	 0.4756 
93.85 	 0.4756 
93.90 	 0.4810 
93.95 	 0.4810 
94.00 	 0.4810 
94.05 	 0.4810 
94.10 	 0.4810 
94.15 	 0.4810 
94.20 	 0.4810 
94.25 	 0.4810 
94.30 	 0.4810 
94.35 	 0.4810 
94.40 	 0.4810 
94.45 	 0.4810 
94.50 	 0.4810 
94.55 	 0.4864 
94.60 	 0.4864 
94.65 	 0.4864 
94.70 	 0.4864 
94.75 	 0.4864 
94.80 	 0.4864 
94.85 	 0.4864 
94.90 	 0.4864 
94.95 	 0.4864 
95.00 	 0.4864 
95.05 	 0.4864 
95.10 	 0.4864 
95.15 	 0.4864 
95.20 	 0.4864 
95.25 	 0.4864 
95.30 	 0.4864 
95.35 	 0.4864 
95.40 	 0.4864 
95.45 	 0.4864 
95.50 	 0.4918 
95.55 	 0.4918 
95.60 	 0.4918 
95.65 	 0.4918 
95.70 	 0.4918 
95.75 	 0.4918 
95.80 	 0.4918 
95.85 	 0.4918 
95.90 	 0.4918 
95.95 	 0.4918 
96.00 	 0.4918 
96.05 	 0.4918 
96.10 	 0.4918 
96.15 	 0.4918 
96.20 	 0.4918 
96.25 	 0.4918 
96.30 	 0.4918 
96.35 	 0.4918 
96.40 	 0.4918 
96.45 	 0.4918 
96.50 	 0.4918 
96.55 	 0.4918 
96.60 	 0.4918 
96.65 	 0.4918 
96.70 	 0.4918 
96.75 	 0.4918 
96.80 	 0.4918 
96.85 	 0.4918 
96.90 	 0.4918 
96.95 	 0.4918 
97.00 	 0.4918 
97.05 	 0.4918 
97.10 	 0.4918 
97.15 	 0.4918 
97.20 	 0.4918 
97.25 	 0.4918 
97.30 	 0.4918 
97.35 	 0.4918 
97.40 	 0.4918 
97.45 	 0.4918 
97.50 	 0.4918 
97.55 	 0.4918 
97.60 	 0.4918 
97.65 	 0.4918 
97.70 	 0.4918 
97.75 	 0.4918 
97.80 	 0.4918 
97.85 	 0.4918 
97.90 	 0.4918 
97.95 	 0.4864 
98.00 	 0.4864 
98.05 	 0.4864 
98.10 	 0.4864 
98.15 	 0.4864 
98.20 	 0.4864 
98.25 	 0.4864 
98.30 	 0.4864 
98.35 	 0.4864 
98.40 	 0.4864 
98.45 	 0.4864 
98.50 	 0.4864 
98.55 	 0.4864 
98.60 	 0.4864 
98.65 	 0.4864 
98.70 	 0.4864 
98.75 	 0.4864 
98.80 	 0.4864 
98.85 	 0.4864 
98.90 	 0.4864 
98.95 	 0.4864 
99.00 	 0.4864 
99.05 	 0.4810 
99.10 	 0.4810 
99.15 	 0.4810 
99.20 	 0.4810 
99.25 	 0.4810 
99.30 	 0.4810 
99.35 	 0.4810 
99.40 	 0.4810 
99.45 	 0.4810 
99.50 	 0.4810 
99.55 	 0.4810 
99.60 	 0.4810 
99.65 	 0.4810 
99.70 	 0.4810 
99.75 	 0.4810 
99.80 	 0.4810 
99.85 	 0.4810 
99.90 	 0.4810 
99.95 	 0.4810 
100.00 	 0.4756 
100.05 	 0.4756 
100.10 	 0.4756 
100.15 	 0.4756 
100.20 	 0.4756 
100.25 	 0.4756 
100.30 	 0.4756 
100.35 	 0.4756 
100.40 	 0.4756 
100.45 	 0.4810 
100.50 	 0.4810 
100.55 	 0.4810 
100.60 	 0.4810 
100.65 	 0.4810 
100.70 	 0.4810 
100.75 	 0.4756 
100.80 	 0.4756 
100.85 	 0.4756 
100.90 	 0.4756 
100.95 	 0.4756 
101.00 	 0.4756 
101.05 	 0.4756 
101.10 	 0.4756 
101.15 	 0.4756 
101.20 	 0.4756 
101.25 	 0.4756 
101.30 	 0.4756 
101.35 	 0.4756 
101.40 	 0.4756 
101.45 	 0.4756 
101.50 	 0.4756 
101.55 	 0.4756 
101.60 	 0.4756 
101.65 	 0.4756 
101.70 	 0.4756 
101.75 	 0.4756 
101.80 	 0.4756 
101.85 	 0.4756 
101.90 	 0.4756 
101.95 	 0.4756 
102.00 	 0.4756 
102.05 	 0.4756 
102.10 	 0.4756 
102.15 	 0.4756 
102.20 	 0.4756 
102.25 	 0.4756 
102.30 	 0.4702 
102.35 	 0.4702 
102.40 	 0.4702 
102.45 	 0.4702 
102.50 	 0.4756 
102.55 	 0.4756 
102.60 	 0.4756 
102.65 	 0.4756 
102.70 	 0.4756 
102.75 	 0.4756 
102.80 	 0.4756 
102.85 	 0.4756 
102.90 	 0.4756 
102.95 	 0.4756 
103.00 	 0.4756 
103.05 	 0.4702 
103.10 	 0.4702 
103.15 	 0.4702 
103.20 	 0.4702 
103.25 	 0.4756 
103.30 	 0.4756 
103.35 	 0.4756 
103.40 	 0.4756 
103.45 	 0.4756 
103.50 	 0.4756 
103.55 	 0.4756 
103.60 	 0.4756 
103.65 	 0.4756 
103.70 	 0.4756 
103.75 	 0.4756 
103.80 	 0.4702 
103.85 	 0.4702 
103.90 	 0.4702 
103.95 	 0.4702 
104.00 	 0.4702 
104.05 	 0.4756 
104.10 	 0.4756 
104.15 	 0.4756 
104.20 	 0.4756 
104.25 	 0.4756 
104.30 	 0.4756 
104.35 	 0.4756 
104.40 	 0.4756 
104.45 	 0.4756 
104.50 	 0.4756 
104.55 	 0.4756 
104.60 	 0.4702 
104.65 	 0.4702 
104.70 	 0.4702 
104.75 	 0.4702 
104.80 	 0.4756 
104.85 	 0.4756 
104.90 	 0.4756 
104.95 	 0.4756 
105.00 	 0.4756 
105.05 	 0.4756 
105.10 	 0.4756 
105.15 	 0.4756 
105.20 	 0.4756 
105.25 	 0.4756 
105.30 	 0.4756 
105.35 	 0.4702 
105.40 	 0.4702 
105.45 	 0.4702 
105.50 	 0.4702 
105.55 	 0.4756 
105.60 	 0.4756 
105.65 	 0.4756 
105.70 	 0.4756 
105.75 	 0.4756 
105.80 	 0.4756 
105.85 	 0.4756 
105.90 	 0.4756 
105.95 	 0.4756 
106.00 	 0.4756 
106.05 	 0.4756 
106.10 	 0.4702 
106.15 	 0.4702 
106.20 	 0.4702 
106.25 	 0.4702 
106.30 	 0.4756 
106.35 	 0.4756 
106.40 	 0.4756 
106.45 	 0.4756 
106.50 	 0.4756 
106.55 	 0.4756 
106.60 	 0.4756 
106.65 	 0.4756 
106.70 	 0.4756 
106.75 	 0.4756 
106.80 	 0.4756 
106.85 	 0.4702 
106.90 	 0.4702 
106.95 	 0.4702 
107.00 	 0.4702 
107.05 	 0.4702 
107.10 	 0.4756 
107.15 	 0.4756 
107.20 	 0.4756 
107.25 	 0.4756 
107.30 	 0.4756 
107.35 	 0.4756 
107.40 	 0.4756 
107.45 	 0.4756 
107.50 	 0.4756 
107.55 	 0.4756 
107.60 	 0.4756 
107.65 	 0.4648 
107.70 	 0.4648 
107.75 	 0.4648 
107.80 	 0.4648 
107.85 	 0.4702 
107.90 	 0.4702 
107.95 	 0.4702 
108.00 	 0.4702 
108.05 	 0.4702 
108.10 	 0.4702 
108.15 	 0.4702 
108.20 	 0.4702 
108.25 	 0.4702 
108.30 	 0.4702 
108.35 	 0.4702 
108.40 	 0.4648 
108.45 	 0.4648 
108.50 	 0.4648 
108.55 	 0.4648 
108.60 	 0.4702 
108.65 	 0.4702 
108.70 	 0.4702 
108.75 	 0.4702 
108.80 	 0.4702 
108.85 	 0.4702 
108.90 	 0.4702 
108.95 	 0.4702 
109.00 	 0.4702 
109.05 	 0.4702 
109.10 	 0.4702 
109.15 	 0.4648 
109.20 	 0.4648 
109.25 	 0.4648 
109.30 	 0.4594 
109.35 	 0.4648 
109.40 	 0.4648 
109.45 	 0.4648 
109.50 	 0.4648 
109.55 	 0.4648 
109.60 	 0.4648 
109.65 	 0.4648 
109.70 	 0.4648 
109.75 	 0.4648 
109.80 	 0.4648 
109.85 	 0.4648 
109.90 	 0.4594 
109.95 	 0.4594 
110.00 	 0.4594 
110.05 	 0.4594 
110.10 	 0.4594 
110.15 	 0.4648 
110.20 	 0.4648 
110.25 	 0.4648 
110.30 	 0.4648 
110.35 	 0.4648 
110.40 	 0.4648 
110.45 	 0.4648 
110.50 	 0.4594 
110.55 	 0.4594 
110.60 	 0.4594 
110.65 	 0.4540 
110.70 	 0.4540 
110.75 	 0.4540 
110.80 	 0.4540 
110.85 	 0.4540 
110.90 	 0.4594 
110.95 	 0.4594 
111.00 	 0.4594 
111.05 	 0.4594 
111.10 	 0.4594 
111.15 	 0.4594 
111.20 	 0.4594 
111.25 	 0.4594 
111.30 	 0.4594 
111.35 	 0.4594 
111.40 	 0.4540 
111.45 	 0.4540 
111.50 	 0.4540 
111.55 	 0.4486 
111.60 	 0.4486 
111.65 	 0.4540 
111.70 	 0.4540 
111.75 	 0.4540 
111.80 	 0.4540 
111.85 	 0.4540 
111.90 	 0.4540 
111.95 	 0.4540 
112.00 	 0.4540 
112.05 	 0.4540 
112.10 	 0.4486 
112.15 	 0.4486 
112.20 	 0.4486 
112.25 	 0.4486 
112.30 	 0.4431 
112.35 	 0.4431 
112.40 	 0.4486 
112.45 	 0.4486 
112.50 	 0.4486 
112.55 	 0.4486 
112.60 	 0.4486 
112.65 	 0.4486 
112.70 	 0.4486 
112.75 	 0.4486 
112.80 	 0.4431 
112.85 	 0.4431 
112.90 	 0.4431 
112.95 	 0.4431 
113.00 	 0.4431 
113.05 	 0.4377 
113.10 	 0.4431 
113.15 	 0.4431 
113.20 	 0.4431 
113.25 	 0.4431 
113.30 	 0.4431 
113.35 	 0.4431 
113.40 	 0.4431 
113.45 	 0.4431 
113.50 	 0.4431 
113.55 	 0.4431 
113.60 	 0.4431 
113.65 	 0.4431 
113.70 	 0.4431 
113.75 	 0.4431 
113.80 	 0.4431 
113.85 	 0.4431 
113.90 	 0.4431 
113.95 	 0.4431 
114.00 	 0.4486 
114.05 	 0.4431 
114.10 	 0.4377 
114.15 	 0.4377 
114.20 	 0.4377 
114.25 	 0.4377 
114.30 	 0.4377 
114.35 	 0.4377 
114.40 	 0.4377 
114.45 	 0.4377 
114.50 	 0.4377 
114.55 	 0.4377 
114.60 	 0.4377 
114.65 	 0.4377 
114.70 	 0.4323 
114.75 	 0.4377 
114.80 	 0.4377 
114.85 	 0.4377 
114.90 	 0.4377 
114.95 	 0.4323 
115.00 	 0.4323 
115.05 	 0.4323 
115.10 	 0.4323 
115.15 	 0.4323 
115.20 	 0.4323 
115.25 	 0.4323 
115.30 	 0.4323 
115.35 	 0.4323 
115.40 	 0.4323 
115.45 	 0.4323 
115.50 	 0.4323 
115.55 	 0.4323 
115.60 	 0.4323 
115.65 	 0.4323 
115.70 	 0.4323 
115.75 	 0.4323 
115.80 	 0.4323 
115.85 	 0.4323 
115.90 	 0.4323 
115.95 	 0.4323 
116.00 	 0.4323 
116.05 	 0.4323 
116.10 	 0.4323 
116.15 	 0.4323 
116.20 	 0.4377 
116.25 	 0.4377 
116.30 	 0.4377 
116.35 	 0.4377 
116.40 	 0.4377 
116.45 	 0.4377 
116.50 	 0.4377 
116.55 	 0.4377 
116.60 	 0.4323 
116.65 	 0.4323 
116.70 	 0.4323 
116.75 	 0.4323 
116.80 	 0.4323 
116.85 	 0.4323 
116.90 	 0.4323 
116.95 	 0.4377 
117.00 	 0.4323 
117.05 	 0.4323 
117.10 	 0.4323 
117.15 	 0.4323 
117.20 	 0.4323 
117.25 	 0.4323 
117.30 	 0.4323 
117.35 	 0.4323 
117.40 	 0.4323 
117.45 	 0.4323 
117.50 	 0.4323 
117.55 	 0.4323 
117.60 	 0.4323 
117.65 	 0.4377 
117.70 	 0.4377 
117.75 	 0.4377 
117.80 	 0.4377 
117.85 	 0.4377 
117.90 	 0.4377 
117.95 	 0.4377 
118.00 	 0.4377 
118.05 	 0.4377 
118.10 	 0.4377 
118.15 	 0.4377 
118.20 	 0.4323 
118.25 	 0.4323 
118.30 	 0.4323 
118.35 	 0.4377 
118.40 	 0.4377 
118.45 	 0.4377 
118.50 	 0.4377 
118.55 	 0.4377 
118.60 	 0.4377 
118.65 	 0.4377 
118.70 	 0.4377 
118.75 	 0.4377 
118.80 	 0.4377 
118.85 	 0.4377 
118.90 	 0.4377 
118.95 	 0.4377 
119.00 	 0.4377 
119.05 	 0.4377 
119.10 	 0.4431 
119.15 	 0.4431 
119.20 	 0.4431 
119.25 	 0.4431 
119.30 	 0.4431 
119.35 	 0.4431 
119.40 	 0.4431 
119.45 	 0.4431 
119.50 	 0.4431 
119.55 	 0.4431 
119.60 	 0.4431 
119.65 	 0.4431 
119.70 	 0.4431 
119.75 	 0.4431 
119.80 	 0.4431 
119.85 	 0.4431 
119.90 	 0.4431 
119.95 	 0.4431 
120.00 	 0.4377 
120.05 	 0.4377 
120.10 	 0.4377 
120.15 	 0.4377 
120.20 	 0.4377 
120.25 	 0.4377 
120.30 	 0.4377 
120.35 	 0.4377 
120.40 	 0.4377 
120.45 	 0.4377 
120.50 	 0.4377 
120.55 	 0.4377 
120.60 	 0.4377 
120.65 	 0.4377 
120.70 	 0.4323 
120.75 	 0.4323 
120.80 	 0.4323 
120.85 	 0.4323 
120.90 	 0.4323 
120.95 	 0.4323 
121.00 	 0.4323 
121.05 	 0.4323 
121.10 	 0.4323 
121.15 	 0.4323 
121.20 	 0.4323 
121.25 	 0.4323 
121.30 	 0.4323 
121.35 	 0.4323 
121.40 	 0.4269 
121.45 	 0.4269 
121.50 	 0.4269 
121.55 	 0.4269 
121.60 	 0.4269 
121.65 	 0.4269 
121.70 	 0.4269 
121.75 	 0.4269 
121.80 	 0.4269 
121.85 	 0.4269 
121.90 	 0.4269 
121.95 	 0.4269 
122.00 	 0.4269 
122.05 	 0.4215 
122.10 	 0.4215 
122.15 	 0.4215 
122.20 	 0.4215 
122.25 	 0.4215 
122.30 	 0.4215 
122.35 	 0.4215 
122.40 	 0.4215 
122.45 	 0.4215 
122.50 	 0.4215 
122.55 	 0.4215 
122.60 	 0.4215 
122.65 	 0.4215 
122.70 	 0.4215 
122.75 	 0.4161 
122.80 	 0.4161 
122.85 	 0.4161 
122.90 	 0.4161 
122.95 	 0.4161 
123.00 	 0.4161 
123.05 	 0.4161 
123.10 	 0.4161 
123.15 	 0.4161 
123.20 	 0.4161 
123.25 	 0.4161 
123.30 	 0.4161 
123.35 	 0.4161 
123.40 	 0.4107 
123.45 	 0.4107 
123.50 	 0.4107 
123.55 	 0.4107 
123.60 	 0.4107 
123.65 	 0.4107 
123.70 	 0.4107 
123.75 	 0.4107 
123.80 	 0.4107 
123.85 	 0.4107 
123.90 	 0.4107 
123.95 	 0.4107 
124.00 	 0.4107 
124.05 	 0.4107 
124.10 	 0.4107 
124.15 	 0.4107 
124.20 	 0.4053 
124.25 	 0.4053 
124.30 	 0.4053 
124.35 	 0.4053 
124.40 	 0.4053 
124.45 	 0.4053 
124.50 	 0.4053 
124.55 	 0.4053 
124.60 	 0.4053 
124.65 	 0.4053 
124.70 	 0.4053 
124.75 	 0.4053 
124.80 	 0.4053 
124.85 	 0.4053 
124.90 	 0.4053 
124.95 	 0.3999 
125.00 	 0.3999 
125.05 	 0.3999 
125.10 	 0.3999 
125.15 	 0.3999 
125.20 	 0.3999 
125.25 	 0.3999 
125.30 	 0.3999 
125.35 	 0.3999 
125.40 	 0.3999 
125.45 	 0.3999 
125.50 	 0.3999 
125.55 	 0.3999 
125.60 	 0.3999 
125.65 	 0.3999 
125.70 	 0.3999 
125.75 	 0.3999 
125.80 	 0.3999 
125.85 	 0.3999 
125.90 	 0.3999 
125.95 	 0.3999 
126.00 	 0.3999 
126.05 	 0.3999 
126.10 	 0.3999 
126.15 	 0.3999 
126.20 	 0.3999 
126.25 	 0.3999 
126.30 	 0.3999 
126.35 	 0.3999 
126.40 	 0.3999 
126.45 	 0.3999 
126.50 	 0.3999 
126.55 	 0.3999 
126.60 	 0.3999 
126.65 	 0.3999 
126.70 	 0.3999 
126.75 	 0.3999 
126.80 	 0.3999 
126.85 	 0.3999 
126.90 	 0.3999 
126.95 	 0.3999 
127.00 	 0.3999 
127.05 	 0.3999 
127.10 	 0.3999 
127.15 	 0.3945 
127.20 	 0.3945 
127.25 	 0.3945 
127.30 	 0.3945 
127.35 	 0.3945 
127.40 	 0.3945 
127.45 	 0.3945 
127.50 	 0.3945 
127.55 	 0.3945 
127.60 	 0.3945 
127.65 	 0.3945 
127.70 	 0.3945 
127.75 	 0.3945 
127.80 	 0.3945 
127.85 	 0.3945 
127.90 	 0.3945 
127.95 	 0.3891 
128.00 	 0.3891 
128.05 	 0.3891 
128.10 	 0.3891 
128.15 	 0.3891 
128.20 	 0.3891 
128.25 	 0.3891 
128.30 	 0.3891 
128.35 	 0.3891 
128.40 	 0.3891 
128.45 	 0.3891 
128.50 	 0.3891 
128.55 	 0.3891 
128.60 	 0.3837 
128.65 	 0.3837 
128.70 	 0.3837 
128.75 	 0.3837 
128.80 	 0.3837 
128.85 	 0.3837 
128.90 	 0.3837 
128.95 	 0.3837 
129.00 	 0.3837 
129.05 	 0.3837 
129.10 	 0.3837 
129.15 	 0.3837 
129.20 	 0.3837 
129.25 	 0.3837 
129.30 	 0.3783 
129.35 	 0.3783 
129.40 	 0.3783 
129.45 	 0.3783 
129.50 	 0.3783 
129.55 	 0.3783 
129.60 	 0.3783 
129.65 	 0.3783 
129.70 	 0.3783 
129.75 	 0.3783 
129.80 	 0.3783 
129.85 	 0.3783 
129.90 	 0.3783 
129.95 	 0.3783 
130.00 	 0.3783 
130.05 	 0.3783 
130.10 	 0.3783 
130.15 	 0.3783 
130.20 	 0.3783 
130.25 	 0.3783 
130.30 	 0.3783 
130.35 	 0.3783 
130.40 	 0.3783 
130.45 	 0.3783 
130.50 	 0.3783 
130.55 	 0.3783 
130.60 	 0.3783 
130.65 	 0.3783 
130.70 	 0.3783 
130.75 	 0.3729 
130.80 	 0.3729 
130.85 	 0.3729 
130.90 	 0.3729 
130.95 	 0.3729 
131.00 	 0.3729 
131.05 	 0.3729 
131.10 	 0.3729 
131.15 	 0.3729 
131.20 	 0.3729 
131.25 	 0.3729 
131.30 	 0.3729 
131.35 	 0.3729 
131.40 	 0.3729 
131.45 	 0.3729 
131.50 	 0.3675 
131.55 	 0.3675 
131.60 	 0.3675 
131.65 	 0.3675 
131.70 	 0.3675 
131.75 	 0.3621 
131.80 	 0.3675 
131.85 	 0.3675 
131.90 	 0.3675 
131.95 	 0.3675 
132.00 	 0.3675 
132.05 	 0.3675 
132.10 	 0.3675 
132.15 	 0.3675 
132.20 	 0.3621 
132.25 	 0.3621 
132.30 	 0.3621 
132.35 	 0.3621 
132.40 	 0.3621 
132.45 	 0.3621 
132.50 	 0.3621 
132.55 	 0.3621 
132.60 	 0.3621 
132.65 	 0.3621 
132.70 	 0.3567 
132.75 	 0.3567 
132.80 	 0.3567 
132.85 	 0.3567 
132.90 	 0.3567 
132.95 	 0.3513 
133.00 	 0.3513 
133.05 	 0.3513 
133.10 	 0.3513 
133.15 	 0.3513 
133.20 	 0.3513 
133.25 	 0.3513 
133.30 	 0.3567 
133.35 	 0.3567 
133.40 	 0.3567 
133.45 	 0.3513 
133.50 	 0.3513 
133.55 	 0.3513 
133.60 	 0.3513 
133.65 	 0.3513 
133.70 	 0.3459 
133.75 	 0.3459 
133.80 	 0.3459 
133.85 	 0.3459 
133.90 	 0.3459 
133.95 	 0.3459 
134.00 	 0.3459 
134.05 	 0.3459 
134.10 	 0.3459 
134.15 	 0.3459 
134.20 	 0.3405 
134.25 	 0.3459 
134.30 	 0.3459 
134.35 	 0.3459 
134.40 	 0.3459 
134.45 	 0.3405 
134.50 	 0.3459 
134.55 	 0.3459 
134.60 	 0.3459 
134.65 	 0.3459 
134.70 	 0.3459 
134.75 	 0.3459 
134.80 	 0.3459 
134.85 	 0.3459 
134.90 	 0.3459 
134.95 	 0.3405 
135.00 	 0.3405 
135.05 	 0.3405 
135.10 	 0.3405 
135.15 	 0.3405 
135.20 	 0.3405 
135.25 	 0.3405 
135.30 	 0.3405 
135.35 	 0.3405 
135.40 	 0.3459 
135.45 	 0.3459 
135.50 	 0.3459 
135.55 	 0.3459 
135.60 	 0.3459 
135.65 	 0.3459 
135.70 	 0.3459 
135.75 	 0.3405 
135.80 	 0.3405 
135.85 	 0.3405 
135.90 	 0.3405 
135.95 	 0.3459 
136.00 	 0.3405 
136.05 	 0.3405 
136.10 	 0.3405 
136.15 	 0.3405 
136.20 	 0.3405 
136.25 	 0.3459 
136.30 	 0.3459 
136.35 	 0.3459 
136.40 	 0.3459 
136.45 	 0.3459 
136.50 	 0.3459 
136.55 	 0.3459 
136.60 	 0.3459 
136.65 	 0.3459 
136.70 	 0.3513 
136.75 	 0.3513 
136.80 	 0.3513 
136.85 	 0.3513 
136.90 	 0.3459 
136.95 	 0.3459 
137.00 	 0.3459 
137.05 	 0.3459 
137.10 	 0.3459 
137.15 	 0.3459 
137.20 	 0.3459 
137.25 	 0.3459 
137.30 	 0.3513 
137.35 	 0.3513 
137.40 	 0.3513 
137.45 	 0.3567 
137.50 	 0.3567 
137.55 	 0.3567 
137.60 	 0.3567 
137.65 	 0.3513 
137.70 	 0.3513 
137.75 	 0.3513 
137.80 	 0.3513 
137.85 	 0.3513 
137.90 	 0.3513 
137.95 	 0.3513 
138.00 	 0.3567 
138.05 	 0.3621 
138.10 	 0.3621 
138.15 	 0.3567 
138.20 	 0.3567 
138.25 	 0.3567 
138.30 	 0.3567 
138.35 	 0.3567 
138.40 	 0.3513 
138.45 	 0.3513 
138.50 	 0.3513 
138.55 	 0.3513 
138.60 	 0.3513 
138.65 	 0.3513 
138.70 	 0.3513 
138.75 	 0.3567 
138.80 	 0.3567 
138.85 	 0.3567 
138.90 	 0.3513 
138.95 	 0.3513 
139.00 	 0.3513 
139.05 	 0.3567 
139.10 	 0.3567 
139.15 	 0.3567 
139.20 	 0.3513 
139.25 	 0.3513 
139.30 	 0.3513 
139.35 	 0.3513 
139.40 	 0.3513 
139.45 	 0.3513 
139.50 	 0.3513 
139.55 	 0.3513 
139.60 	 0.3513 
139.65 	 0.3513 
139.70 	 0.3567 
139.75 	 0.3567 
139.80 	 0.3513 
139.85 	 0.3513 
139.90 	 0.3513 
139.95 	 0.3459 
140.00 	 0.3459 
140.05 	 0.3459 
140.10 	 0.3459 
140.15 	 0.3459 
140.20 	 0.3459 
140.25 	 0.3459 
140.30 	 0.3459 
140.35 	 0.3459 
140.40 	 0.3459 
140.45 	 0.3459 
140.50 	 0.3459 
140.55 	 0.3459 
140.60 	 0.3567 
140.65 	 0.3567 
140.70 	 0.3513 
140.75 	 0.3459 
140.80 	 0.3459 
140.85 	 0.3459 
140.90 	 0.3459 
140.95 	 0.3459 
141.00 	 0.3459 
141.05 	 0.3459 
141.10 	 0.3459 
141.15 	 0.3459 
141.20 	 0.3459 
141.25 	 0.3459 
141.30 	 0.3459 
141.35 	 0.3513 
141.40 	 0.3513 
141.45 	 0.3513 
141.50 	 0.3459 
141.55 	 0.3459 
141.60 	 0.3459 
141.65 	 0.3459 
141.70 	 0.3459 
141.75 	 0.3459 
141.80 	 0.3459 
141.85 	 0.3459 
141.90 	 0.3459 
141.95 	 0.3459 
142.00 	 0.3459 
142.05 	 0.3459 
142.10 	 0.3459 
142.15 	 0.3405 
142.20 	 0.3405 
142.25 	 0.3405 
142.30 	 0.3459 
142.35 	 0.3459 
142.40 	 0.3459 
142.45 	 0.3459 
142.50 	 0.3459 
142.55 	 0.3459 
142.60 	 0.3459 
142.65 	 0.3459 
142.70 	 0.3459 
142.75 	 0.3459 
142.80 	 0.3459 
142.85 	 0.3405 
142.90 	 0.3405 
142.95 	 0.3405 
143.00 	 0.3405 
143.05 	 0.3351 
143.10 	 0.3351 
143.15 	 0.3351 
143.20 	 0.3405 
143.25 	 0.3459 
143.30 	 0.3459 
143.35 	 0.3459 
143.40 	 0.3459 
143.45 	 0.3459 
143.50 	 0.3405 
143.55 	 0.3405 
143.60 	 0.3405 
143.65 	 0.3405 
143.70 	 0.3405 
143.75 	 0.3405 
143.80 	 0.3405 
143.85 	 0.3405 
143.90 	 0.3405 
143.95 	 0.3405 
144.00 	 0.3405 
144.05 	 0.3405 
144.10 	 0.3405 
144.15 	 0.3351 
144.20 	 0.3351 
144.25 	 0.3405 
144.30 	 0.3459 
144.35 	 0.3459 
144.40 	 0.3459 
144.45 	 0.3459 
144.50 	 0.3405 
144.55 	 0.3405 
144.60 	 0.3405 
144.65 	 0.3405 
144.70 	 0.3405 
144.75 	 0.3405 
144.80 	 0.3351 
144.85 	 0.3351 
144.90 	 0.3351 
144.95 	 0.3405 
145.00 	 0.3405 
145.05 	 0.3459 
145.10 	 0.3459 
145.15 	 0.3459 
145.20 	 0.3459 
145.25 	 0.3405 
145.30 	 0.3405 
145.35 	 0.3405 
145.40 	 0.3405 
145.45 	 0.3405 
145.50 	 0.3351 
145.55 	 0.3351 
145.60 	 0.3405 
145.65 	 0.3405 
145.70 	 0.3405 
145.75 	 0.3405 
145.80 	 0.3459 
145.85 	 0.3459 
145.90 	 0.3405 
145.95 	 0.3405 
146.00 	 0.3405 
146.05 	 0.3405 
146.10 	 0.3405 
146.15 	 0.3405 
146.20 	 0.3405 
146.25 	 0.3405 
146.30 	 0.3405 
146.35 	 0.3459 
146.40 	 0.3459 
146.45 	 0.3459 
146.50 	 0.3459 
146.55 	 0.3459 
146.60 	 0.3513 
146.65 	 0.3513 
146.70 	 0.3513 
146.75 	 0.3513 
146.80 	 0.3459 
146.85 	 0.3459 
146.90 	 0.3459 
146.95 	 0.3459 
147.00 	 0.3459 
147.05 	 0.3459 
147.10 	 0.3513 
147.15 	 0.3513 
147.20 	 0.3513 
147.25 	 0.3513 
147.30 	 0.3513 
147.35 	 0.3513 
147.40 	 0.3513 
147.45 	 0.3513 
147.50 	 0.3567 
147.55 	 0.3567 
147.60 	 0.3567 
147.65 	 0.3513 
147.70 	 0.3513 
147.75 	 0.3567 
147.80 	 0.3567 
147.85 	 0.3567 
147.90 	 0.3567 
147.95 	 0.3567 
148.00 	 0.3567 
148.05 	 0.3567 
148.10 	 0.3567 
148.15 	 0.3567 
148.20 	 0.3567 
148.25 	 0.3567 
148.30 	 0.3621 
148.35 	 0.3621 
148.40 	 0.3621 
148.45 	 0.3675 
148.50 	 0.3675 
148.55 	 0.3621 
148.60 	 0.3621 
148.65 	 0.3621 
148.70 	 0.3621 
148.75 	 0.3621 
148.80 	 0.3621 
148.85 	 0.3621 
148.90 	 0.3621 
148.95 	 0.3621 
149.00 	 0.3621 
149.05 	 0.3621 
149.10 	 0.3621 
149.15 	 0.3729 
149.20 	 0.3729 
149.25 	 0.3729 
149.30 	 0.3729 
149.35 	 0.3729 
149.40 	 0.3729 
149.45 	 0.3729 
149.50 	 0.3729 
149.55 	 0.3729 
149.60 	 0.3729 
149.65 	 0.3729 
149.70 	 0.3729 
149.75 	 0.3783 
149.80 	 0.3783 
149.85 	 0.3783 
149.90 	 0.3783 
149.95 	 0.3783 
150.00 	 0.3783 
150.05 	 0.3783 
150.10 	 0.3783 
150.15 	 0.3837 
150.20 	 0.3837 
150.25 	 0.3837 
150.30 	 0.3837 
150.35 	 0.3837 
150.40 	 0.3837 
150.45 	 0.3837 
150.50 	 0.3891 
150.55 	 0.3891 
150.60 	 0.3891 
150.65 	 0.3891 
150.70 	 0.3891 
150.75 	 0.3945 
150.80 	 0.3945 
150.85 	 0.3945 
150.90 	 0.3945 
150.95 	 0.3945 
151.00 	 0.3945 
151.05 	 0.3945 
151.10 	 0.3945 
151.15 	 0.3945 
151.20 	 0.3999 
151.25 	 0.3999 
151.30 	 0.3999 
151.35 	 0.3999 
151.40 	 0.3999 
151.45 	 0.3999 
151.50 	 0.3999 
151.55 	 0.3999 
151.60 	 0.3999 
151.65 	 0.4053 
151.70 	 0.4053 
151.75 	 0.4053 
151.80 	 0.4053 
151.85 	 0.4053 
151.90 	 0.4053 
151.95 	 0.4053 
152.00 	 0.4053 
152.05 	 0.4053 
152.10 	 0.4053 
152.15 	 0.4053 
