# Optimal flow dependent on time 
 # Aggressives: 27 
0.05 	 0.9881 
0.10 	 0.9881 
0.15 	 0.9881 
0.20 	 0.9772 
0.25 	 0.9772 
0.30 	 0.9772 
0.35 	 0.9772 
0.40 	 0.9772 
0.45 	 0.9827 
0.50 	 0.9827 
0.55 	 0.9772 
0.60 	 0.9772 
0.65 	 0.9772 
0.70 	 0.9772 
0.75 	 0.9772 
0.80 	 0.9772 
0.85 	 0.9772 
0.90 	 0.9772 
0.95 	 0.9717 
1.00 	 0.9717 
1.05 	 0.9772 
1.10 	 0.9772 
1.15 	 0.9827 
1.20 	 0.9881 
1.25 	 0.9827 
1.30 	 0.9827 
1.35 	 0.9827 
1.40 	 0.9827 
1.45 	 0.9827 
1.50 	 0.9827 
1.55 	 0.9827 
1.60 	 0.9827 
1.65 	 0.9827 
1.70 	 0.9827 
1.75 	 0.9827 
1.80 	 0.9772 
1.85 	 0.9772 
1.90 	 0.9827 
1.95 	 0.9881 
2.00 	 0.9881 
2.05 	 0.9881 
2.10 	 0.9881 
2.15 	 0.9827 
2.20 	 0.9827 
2.25 	 0.9827 
2.30 	 0.9827 
2.35 	 0.9827 
2.40 	 0.9827 
2.45 	 0.9772 
2.50 	 0.9772 
2.55 	 0.9717 
2.60 	 0.9717 
2.65 	 0.9717 
2.70 	 0.9717 
2.75 	 0.9717 
2.80 	 0.9772 
2.85 	 0.9827 
2.90 	 0.9827 
2.95 	 0.9827 
3.00 	 0.9827 
3.05 	 0.9772 
3.10 	 0.9772 
3.15 	 0.9772 
3.20 	 0.9717 
3.25 	 0.9717 
3.30 	 0.9662 
3.35 	 0.9662 
3.40 	 0.9662 
3.45 	 0.9717 
3.50 	 0.9717 
3.55 	 0.9717 
3.60 	 0.9717 
3.65 	 0.9772 
3.70 	 0.9772 
3.75 	 0.9717 
3.80 	 0.9717 
3.85 	 0.9717 
3.90 	 0.9717 
3.95 	 0.9717 
4.00 	 0.9717 
4.05 	 0.9662 
4.10 	 0.9717 
4.15 	 0.9717 
4.20 	 0.9717 
4.25 	 0.9717 
4.30 	 0.9717 
4.35 	 0.9717 
4.40 	 0.9717 
4.45 	 0.9717 
4.50 	 0.9717 
4.55 	 0.9717 
4.60 	 0.9717 
4.65 	 0.9717 
4.70 	 0.9717 
4.75 	 0.9717 
4.80 	 0.9772 
4.85 	 0.9772 
4.90 	 0.9772 
4.95 	 0.9772 
5.00 	 0.9827 
5.05 	 0.9827 
5.10 	 0.9827 
5.15 	 0.9827 
5.20 	 0.9827 
5.25 	 0.9827 
5.30 	 0.9827 
5.35 	 0.9827 
5.40 	 0.9827 
5.45 	 0.9827 
5.50 	 0.9827 
5.55 	 0.9881 
5.60 	 0.9881 
5.65 	 0.9881 
5.70 	 0.9881 
5.75 	 0.9936 
5.80 	 0.9936 
5.85 	 0.9936 
5.90 	 0.9936 
5.95 	 0.9936 
6.00 	 0.9936 
6.05 	 0.9991 
6.10 	 0.9991 
6.15 	 0.9936 
6.20 	 0.9881 
6.25 	 0.9881 
6.30 	 0.9827 
6.35 	 0.9827 
6.40 	 0.9827 
6.45 	 0.9881 
6.50 	 0.9881 
6.55 	 0.9881 
6.60 	 0.9881 
6.65 	 0.9881 
6.70 	 0.9881 
6.75 	 0.9827 
6.80 	 0.9827 
6.85 	 0.9827 
6.90 	 0.9772 
6.95 	 0.9772 
7.00 	 0.9772 
7.05 	 0.9827 
7.10 	 0.9772 
7.15 	 0.9772 
7.20 	 0.9827 
7.25 	 0.9881 
7.30 	 0.9881 
7.35 	 0.9881 
7.40 	 0.9881 
7.45 	 0.9881 
7.50 	 0.9827 
7.55 	 0.9827 
7.60 	 0.9827 
7.65 	 0.9827 
7.70 	 0.9827 
7.75 	 0.9772 
7.80 	 0.9772 
7.85 	 0.9772 
7.90 	 0.9772 
7.95 	 0.9827 
8.00 	 0.9827 
8.05 	 0.9827 
8.10 	 0.9827 
8.15 	 0.9827 
8.20 	 0.9881 
8.25 	 0.9827 
8.30 	 0.9772 
8.35 	 0.9772 
8.40 	 0.9772 
8.45 	 0.9772 
8.50 	 0.9717 
8.55 	 0.9772 
8.60 	 0.9772 
8.65 	 0.9772 
8.70 	 0.9827 
8.75 	 0.9827 
8.80 	 0.9827 
8.85 	 0.9827 
8.90 	 0.9827 
8.95 	 0.9881 
9.00 	 0.9881 
9.05 	 0.9772 
9.10 	 0.9772 
9.15 	 0.9772 
9.20 	 0.9772 
9.25 	 0.9772 
9.30 	 0.9827 
9.35 	 0.9827 
9.40 	 0.9827 
9.45 	 0.9827 
9.50 	 0.9827 
9.55 	 0.9881 
9.60 	 0.9881 
9.65 	 0.9881 
9.70 	 0.9827 
9.75 	 0.9827 
9.80 	 0.9827 
9.85 	 0.9827 
9.90 	 0.9827 
9.95 	 0.9827 
10.00 	 0.9827 
10.05 	 0.9827 
10.10 	 0.9827 
10.15 	 0.9881 
10.20 	 0.9881 
10.25 	 0.9881 
10.30 	 0.9881 
10.35 	 0.9881 
10.40 	 0.9936 
10.45 	 0.9881 
10.50 	 0.9881 
10.55 	 0.9881 
10.60 	 0.9881 
10.65 	 0.9936 
10.70 	 0.9936 
10.75 	 0.9936 
10.80 	 0.9936 
10.85 	 0.9936 
10.90 	 0.9991 
10.95 	 0.9991 
11.00 	 0.9991 
11.05 	 0.9936 
11.10 	 0.9936 
11.15 	 0.9881 
11.20 	 0.9827 
11.25 	 0.9936 
11.30 	 0.9936 
11.35 	 0.9936 
11.40 	 0.9936 
11.45 	 0.9936 
11.50 	 0.9936 
11.55 	 0.9936 
11.60 	 0.9936 
11.65 	 0.9991 
11.70 	 0.9991 
11.75 	 0.9991 
11.80 	 0.9991 
11.85 	 0.9991 
11.90 	 0.9936 
11.95 	 0.9881 
12.00 	 0.9936 
12.05 	 0.9936 
12.10 	 0.9936 
12.15 	 0.9936 
12.20 	 0.9936 
12.25 	 0.9936 
12.30 	 0.9936 
12.35 	 0.9936 
12.40 	 1.0046 
12.45 	 1.0046 
12.50 	 1.0046 
12.55 	 1.0046 
12.60 	 1.0046 
12.65 	 1.0046 
12.70 	 1.0046 
12.75 	 1.0046 
12.80 	 0.9991 
12.85 	 0.9936 
12.90 	 0.9936 
12.95 	 0.9936 
13.00 	 0.9936 
13.05 	 0.9936 
13.10 	 0.9936 
13.15 	 0.9991 
13.20 	 0.9991 
13.25 	 0.9991 
13.30 	 0.9991 
13.35 	 0.9991 
13.40 	 0.9991 
13.45 	 0.9936 
13.50 	 0.9936 
13.55 	 0.9991 
13.60 	 0.9991 
13.65 	 0.9936 
13.70 	 0.9991 
13.75 	 1.0046 
13.80 	 1.0046 
13.85 	 1.0046 
13.90 	 1.0046 
13.95 	 1.0046 
14.00 	 1.0046 
14.05 	 1.0046 
14.10 	 0.9991 
14.15 	 0.9991 
14.20 	 0.9991 
14.25 	 0.9991 
14.30 	 0.9991 
14.35 	 0.9991 
14.40 	 0.9991 
14.45 	 0.9991 
14.50 	 1.0046 
14.55 	 1.0046 
14.60 	 1.0046 
14.65 	 1.0046 
14.70 	 1.0046 
14.75 	 1.0046 
14.80 	 0.9991 
14.85 	 0.9991 
14.90 	 1.0046 
14.95 	 1.0046 
15.00 	 0.9991 
15.05 	 0.9991 
15.10 	 0.9991 
15.15 	 0.9991 
15.20 	 0.9991 
15.25 	 0.9991 
15.30 	 0.9991 
15.35 	 0.9991 
15.40 	 1.0046 
15.45 	 1.0046 
15.50 	 1.0046 
15.55 	 0.9991 
15.60 	 0.9991 
15.65 	 0.9991 
15.70 	 0.9991 
15.75 	 0.9936 
15.80 	 0.9936 
15.85 	 0.9936 
15.90 	 0.9936 
15.95 	 0.9936 
16.00 	 0.9991 
16.05 	 0.9936 
16.10 	 0.9936 
16.15 	 0.9936 
16.20 	 0.9936 
16.25 	 0.9936 
16.30 	 0.9936 
16.35 	 0.9936 
16.40 	 0.9936 
16.45 	 0.9881 
16.50 	 0.9881 
16.55 	 0.9881 
16.60 	 0.9881 
16.65 	 0.9881 
16.70 	 0.9881 
16.75 	 0.9881 
16.80 	 0.9881 
16.85 	 0.9881 
16.90 	 0.9881 
16.95 	 0.9936 
17.00 	 0.9991 
17.05 	 0.9936 
17.10 	 0.9936 
17.15 	 0.9936 
17.20 	 0.9881 
17.25 	 0.9827 
17.30 	 0.9827 
17.35 	 0.9827 
17.40 	 0.9827 
17.45 	 0.9827 
17.50 	 0.9827 
17.55 	 0.9827 
17.60 	 0.9881 
17.65 	 0.9881 
17.70 	 0.9881 
17.75 	 0.9881 
17.80 	 0.9881 
17.85 	 0.9936 
17.90 	 0.9936 
17.95 	 0.9881 
18.00 	 0.9881 
18.05 	 0.9881 
18.10 	 0.9881 
18.15 	 0.9881 
18.20 	 0.9881 
18.25 	 0.9881 
18.30 	 0.9881 
18.35 	 0.9881 
18.40 	 0.9881 
18.45 	 0.9881 
18.50 	 0.9991 
18.55 	 0.9936 
18.60 	 0.9936 
18.65 	 0.9936 
18.70 	 0.9881 
18.75 	 0.9881 
18.80 	 0.9881 
18.85 	 0.9881 
18.90 	 0.9881 
18.95 	 0.9881 
19.00 	 0.9881 
19.05 	 0.9827 
19.10 	 0.9827 
19.15 	 0.9827 
19.20 	 0.9827 
19.25 	 0.9827 
19.30 	 0.9772 
19.35 	 0.9772 
19.40 	 0.9772 
19.45 	 0.9772 
19.50 	 0.9772 
19.55 	 0.9717 
19.60 	 0.9717 
19.65 	 0.9772 
19.70 	 0.9772 
19.75 	 0.9772 
19.80 	 0.9772 
19.85 	 0.9772 
19.90 	 0.9717 
19.95 	 0.9717 
20.00 	 0.9717 
20.05 	 0.9717 
20.10 	 0.9772 
20.15 	 0.9717 
20.20 	 0.9717 
20.25 	 0.9717 
20.30 	 0.9717 
20.35 	 0.9717 
20.40 	 0.9662 
20.45 	 0.9662 
20.50 	 0.9662 
20.55 	 0.9662 
20.60 	 0.9662 
20.65 	 0.9607 
20.70 	 0.9607 
20.75 	 0.9717 
20.80 	 0.9717 
20.85 	 0.9772 
20.90 	 0.9717 
20.95 	 0.9717 
21.00 	 0.9717 
21.05 	 0.9717 
21.10 	 0.9717 
21.15 	 0.9717 
21.20 	 0.9717 
21.25 	 0.9607 
21.30 	 0.9607 
21.35 	 0.9607 
21.40 	 0.9607 
21.45 	 0.9662 
21.50 	 0.9662 
21.55 	 0.9662 
21.60 	 0.9662 
21.65 	 0.9662 
21.70 	 0.9662 
21.75 	 0.9717 
21.80 	 0.9717 
21.85 	 0.9717 
21.90 	 0.9717 
21.95 	 0.9717 
22.00 	 0.9662 
22.05 	 0.9662 
22.10 	 0.9717 
22.15 	 0.9717 
22.20 	 0.9717 
22.25 	 0.9717 
22.30 	 0.9717 
22.35 	 0.9772 
22.40 	 0.9662 
22.45 	 0.9662 
22.50 	 0.9662 
22.55 	 0.9662 
22.60 	 0.9662 
22.65 	 0.9717 
22.70 	 0.9717 
22.75 	 0.9717 
22.80 	 0.9717 
22.85 	 0.9717 
22.90 	 0.9717 
22.95 	 0.9717 
23.00 	 0.9772 
23.05 	 0.9772 
23.10 	 0.9772 
23.15 	 0.9717 
23.20 	 0.9717 
23.25 	 0.9717 
23.30 	 0.9717 
23.35 	 0.9717 
23.40 	 0.9772 
23.45 	 0.9772 
23.50 	 0.9772 
23.55 	 0.9717 
23.60 	 0.9717 
23.65 	 0.9717 
23.70 	 0.9662 
23.75 	 0.9607 
23.80 	 0.9607 
23.85 	 0.9607 
23.90 	 0.9607 
23.95 	 0.9607 
24.00 	 0.9607 
24.05 	 0.9607 
24.10 	 0.9662 
24.15 	 0.9717 
24.20 	 0.9717 
24.25 	 0.9717 
24.30 	 0.9717 
24.35 	 0.9717 
24.40 	 0.9717 
24.45 	 0.9717 
24.50 	 0.9662 
24.55 	 0.9662 
24.60 	 0.9662 
24.65 	 0.9662 
24.70 	 0.9717 
24.75 	 0.9717 
24.80 	 0.9772 
24.85 	 0.9772 
24.90 	 0.9772 
24.95 	 0.9772 
25.00 	 0.9772 
25.05 	 0.9772 
25.10 	 0.9772 
25.15 	 0.9772 
25.20 	 0.9772 
25.25 	 0.9772 
25.30 	 0.9772 
25.35 	 0.9717 
25.40 	 0.9772 
25.45 	 0.9772 
25.50 	 0.9772 
25.55 	 0.9772 
25.60 	 0.9772 
25.65 	 0.9827 
25.70 	 0.9881 
25.75 	 0.9881 
25.80 	 0.9881 
25.85 	 0.9881 
25.90 	 0.9881 
25.95 	 0.9881 
26.00 	 0.9827 
26.05 	 0.9881 
26.10 	 0.9881 
26.15 	 0.9881 
26.20 	 0.9881 
26.25 	 0.9881 
26.30 	 0.9881 
26.35 	 0.9881 
26.40 	 0.9936 
26.45 	 0.9991 
26.50 	 0.9991 
26.55 	 0.9991 
26.60 	 0.9991 
26.65 	 0.9991 
26.70 	 0.9991 
26.75 	 1.0046 
26.80 	 1.0046 
26.85 	 1.0046 
26.90 	 1.0046 
26.95 	 0.9991 
27.00 	 0.9991 
27.05 	 1.0046 
27.10 	 1.0046 
27.15 	 1.0046 
27.20 	 1.0046 
27.25 	 1.0046 
27.30 	 1.0046 
27.35 	 1.0046 
27.40 	 1.0101 
27.45 	 1.0101 
27.50 	 1.0101 
27.55 	 1.0101 
27.60 	 1.0046 
27.65 	 1.0046 
27.70 	 0.9991 
27.75 	 1.0046 
27.80 	 1.0101 
27.85 	 1.0046 
27.90 	 1.0046 
27.95 	 1.0046 
28.00 	 1.0046 
28.05 	 1.0046 
28.10 	 1.0101 
28.15 	 1.0101 
28.20 	 1.0101 
28.25 	 1.0101 
28.30 	 1.0046 
28.35 	 1.0046 
28.40 	 1.0101 
28.45 	 1.0101 
28.50 	 1.0046 
28.55 	 1.0046 
28.60 	 1.0046 
28.65 	 1.0046 
28.70 	 1.0046 
28.75 	 1.0046 
28.80 	 1.0046 
28.85 	 1.0101 
28.90 	 1.0101 
28.95 	 1.0101 
29.00 	 1.0101 
29.05 	 1.0101 
29.10 	 1.0156 
29.15 	 1.0156 
29.20 	 1.0156 
29.25 	 1.0211 
29.30 	 1.0211 
29.35 	 1.0211 
29.40 	 1.0211 
29.45 	 1.0211 
29.50 	 1.0211 
29.55 	 1.0211 
29.60 	 1.0266 
29.65 	 1.0211 
29.70 	 1.0211 
29.75 	 1.0266 
29.80 	 1.0266 
29.85 	 1.0266 
29.90 	 1.0266 
29.95 	 1.0266 
30.00 	 1.0266 
30.05 	 1.0321 
30.10 	 1.0266 
30.15 	 1.0266 
30.20 	 1.0266 
30.25 	 1.0266 
30.30 	 1.0266 
30.35 	 1.0321 
30.40 	 1.0321 
30.45 	 1.0375 
30.50 	 1.0375 
30.55 	 1.0375 
30.60 	 1.0375 
30.65 	 1.0375 
30.70 	 1.0375 
30.75 	 1.0266 
30.80 	 1.0321 
30.85 	 1.0266 
30.90 	 1.0266 
30.95 	 1.0266 
31.00 	 1.0266 
31.05 	 1.0266 
31.10 	 1.0375 
31.15 	 1.0375 
31.20 	 1.0375 
31.25 	 1.0375 
31.30 	 1.0375 
31.35 	 1.0375 
31.40 	 1.0375 
31.45 	 1.0321 
31.50 	 1.0321 
31.55 	 1.0321 
31.60 	 1.0321 
31.65 	 1.0266 
31.70 	 1.0266 
31.75 	 1.0211 
31.80 	 1.0266 
31.85 	 1.0321 
31.90 	 1.0321 
31.95 	 1.0375 
32.00 	 1.0375 
32.05 	 1.0375 
32.10 	 1.0321 
32.15 	 1.0321 
32.20 	 1.0321 
32.25 	 1.0321 
32.30 	 1.0321 
32.35 	 1.0266 
32.40 	 1.0266 
32.45 	 1.0266 
32.50 	 1.0321 
32.55 	 1.0321 
32.60 	 1.0321 
32.65 	 1.0266 
32.70 	 1.0321 
32.75 	 1.0321 
32.80 	 1.0321 
32.85 	 1.0321 
32.90 	 1.0321 
32.95 	 1.0321 
33.00 	 1.0266 
33.05 	 1.0266 
33.10 	 1.0266 
33.15 	 1.0266 
33.20 	 1.0266 
33.25 	 1.0266 
33.30 	 1.0266 
33.35 	 1.0266 
33.40 	 1.0211 
33.45 	 1.0211 
33.50 	 1.0211 
33.55 	 1.0211 
33.60 	 1.0211 
33.65 	 1.0211 
33.70 	 1.0211 
33.75 	 1.0211 
33.80 	 1.0211 
33.85 	 1.0211 
33.90 	 1.0211 
33.95 	 1.0211 
34.00 	 1.0211 
34.05 	 1.0211 
34.10 	 1.0156 
34.15 	 1.0101 
34.20 	 1.0101 
34.25 	 1.0101 
34.30 	 1.0101 
34.35 	 1.0101 
34.40 	 1.0101 
34.45 	 1.0101 
34.50 	 1.0101 
34.55 	 1.0101 
34.60 	 1.0101 
34.65 	 1.0156 
34.70 	 1.0101 
34.75 	 1.0101 
34.80 	 1.0046 
34.85 	 1.0046 
34.90 	 1.0046 
34.95 	 1.0046 
35.00 	 1.0046 
35.05 	 1.0046 
35.10 	 1.0046 
35.15 	 1.0046 
35.20 	 1.0046 
35.25 	 1.0046 
35.30 	 1.0046 
35.35 	 1.0046 
35.40 	 1.0101 
35.45 	 1.0046 
35.50 	 1.0046 
35.55 	 1.0046 
35.60 	 1.0046 
35.65 	 0.9991 
35.70 	 0.9936 
35.75 	 0.9991 
35.80 	 0.9991 
35.85 	 0.9991 
35.90 	 0.9991 
35.95 	 0.9991 
36.00 	 0.9991 
36.05 	 0.9936 
36.10 	 0.9936 
36.15 	 0.9936 
36.20 	 0.9936 
36.25 	 0.9936 
36.30 	 0.9936 
36.35 	 0.9936 
36.40 	 0.9881 
36.45 	 0.9881 
36.50 	 0.9881 
36.55 	 0.9881 
36.60 	 0.9881 
36.65 	 0.9881 
36.70 	 0.9881 
36.75 	 0.9827 
36.80 	 0.9881 
36.85 	 0.9881 
36.90 	 0.9881 
36.95 	 0.9881 
37.00 	 0.9827 
37.05 	 0.9827 
37.10 	 0.9827 
37.15 	 0.9827 
37.20 	 0.9827 
37.25 	 0.9827 
37.30 	 0.9827 
37.35 	 0.9881 
37.40 	 0.9827 
37.45 	 0.9827 
37.50 	 0.9827 
37.55 	 0.9881 
37.60 	 0.9881 
37.65 	 0.9881 
37.70 	 0.9827 
37.75 	 0.9772 
37.80 	 0.9827 
37.85 	 0.9827 
37.90 	 0.9827 
37.95 	 0.9827 
38.00 	 0.9827 
38.05 	 0.9881 
38.10 	 0.9827 
38.15 	 0.9827 
38.20 	 0.9827 
38.25 	 0.9827 
38.30 	 0.9881 
38.35 	 0.9881 
38.40 	 0.9827 
38.45 	 0.9772 
38.50 	 0.9772 
38.55 	 0.9772 
38.60 	 0.9772 
38.65 	 0.9772 
38.70 	 0.9772 
38.75 	 0.9772 
38.80 	 0.9772 
38.85 	 0.9717 
38.90 	 0.9717 
38.95 	 0.9717 
39.00 	 0.9717 
39.05 	 0.9717 
39.10 	 0.9662 
39.15 	 0.9607 
39.20 	 0.9662 
39.25 	 0.9662 
39.30 	 0.9662 
39.35 	 0.9662 
39.40 	 0.9662 
39.45 	 0.9662 
39.50 	 0.9662 
39.55 	 0.9717 
39.60 	 0.9717 
39.65 	 0.9717 
39.70 	 0.9717 
39.75 	 0.9662 
39.80 	 0.9717 
39.85 	 0.9717 
39.90 	 0.9717 
39.95 	 0.9717 
40.00 	 0.9717 
40.05 	 0.9662 
40.10 	 0.9662 
40.15 	 0.9662 
40.20 	 0.9772 
40.25 	 0.9772 
40.30 	 0.9772 
40.35 	 0.9717 
40.40 	 0.9717 
40.45 	 0.9662 
40.50 	 0.9662 
40.55 	 0.9717 
40.60 	 0.9717 
40.65 	 0.9717 
40.70 	 0.9717 
40.75 	 0.9717 
40.80 	 0.9662 
40.85 	 0.9662 
40.90 	 0.9662 
40.95 	 0.9717 
41.00 	 0.9717 
41.05 	 0.9662 
41.10 	 0.9607 
41.15 	 0.9607 
41.20 	 0.9607 
41.25 	 0.9607 
41.30 	 0.9662 
41.35 	 0.9662 
41.40 	 0.9662 
41.45 	 0.9662 
41.50 	 0.9662 
41.55 	 0.9662 
41.60 	 0.9662 
41.65 	 0.9662 
41.70 	 0.9662 
41.75 	 0.9662 
41.80 	 0.9607 
41.85 	 0.9662 
41.90 	 0.9607 
41.95 	 0.9607 
42.00 	 0.9607 
42.05 	 0.9607 
42.10 	 0.9552 
42.15 	 0.9607 
42.20 	 0.9607 
42.25 	 0.9607 
42.30 	 0.9607 
42.35 	 0.9607 
42.40 	 0.9607 
42.45 	 0.9662 
42.50 	 0.9662 
42.55 	 0.9607 
42.60 	 0.9662 
42.65 	 0.9662 
42.70 	 0.9607 
42.75 	 0.9607 
42.80 	 0.9607 
42.85 	 0.9607 
42.90 	 0.9607 
42.95 	 0.9607 
43.00 	 0.9607 
43.05 	 0.9607 
43.10 	 0.9607 
43.15 	 0.9607 
43.20 	 0.9662 
43.25 	 0.9662 
43.30 	 0.9717 
43.35 	 0.9772 
43.40 	 0.9772 
43.45 	 0.9772 
43.50 	 0.9772 
43.55 	 0.9772 
43.60 	 0.9772 
43.65 	 0.9772 
43.70 	 0.9772 
43.75 	 0.9772 
43.80 	 0.9772 
43.85 	 0.9772 
43.90 	 0.9772 
43.95 	 0.9772 
44.00 	 0.9772 
44.05 	 0.9881 
44.10 	 0.9881 
44.15 	 0.9881 
44.20 	 0.9881 
44.25 	 0.9881 
44.30 	 0.9881 
44.35 	 0.9881 
44.40 	 0.9881 
44.45 	 0.9881 
44.50 	 0.9881 
44.55 	 0.9881 
44.60 	 0.9881 
44.65 	 0.9827 
44.70 	 0.9827 
44.75 	 0.9827 
44.80 	 0.9827 
44.85 	 0.9827 
44.90 	 0.9827 
44.95 	 0.9772 
45.00 	 0.9772 
45.05 	 0.9772 
45.10 	 0.9772 
45.15 	 0.9772 
45.20 	 0.9772 
45.25 	 0.9772 
45.30 	 0.9772 
45.35 	 0.9772 
45.40 	 0.9717 
45.45 	 0.9717 
45.50 	 0.9717 
45.55 	 0.9717 
45.60 	 0.9717 
45.65 	 0.9717 
45.70 	 0.9717 
45.75 	 0.9662 
45.80 	 0.9662 
45.85 	 0.9662 
45.90 	 0.9662 
45.95 	 0.9662 
46.00 	 0.9662 
46.05 	 0.9662 
46.10 	 0.9662 
46.15 	 0.9717 
46.20 	 0.9772 
46.25 	 0.9772 
46.30 	 0.9827 
46.35 	 0.9827 
46.40 	 0.9827 
46.45 	 0.9772 
46.50 	 0.9772 
46.55 	 0.9772 
46.60 	 0.9772 
46.65 	 0.9772 
46.70 	 0.9772 
46.75 	 0.9827 
46.80 	 0.9772 
46.85 	 0.9772 
46.90 	 0.9827 
46.95 	 0.9827 
47.00 	 0.9827 
47.05 	 0.9772 
47.10 	 0.9772 
47.15 	 0.9772 
47.20 	 0.9772 
47.25 	 0.9772 
47.30 	 0.9772 
47.35 	 0.9772 
47.40 	 0.9772 
47.45 	 0.9772 
47.50 	 0.9827 
47.55 	 0.9772 
47.60 	 0.9772 
47.65 	 0.9772 
47.70 	 0.9827 
47.75 	 0.9881 
47.80 	 0.9772 
47.85 	 0.9772 
47.90 	 0.9772 
47.95 	 0.9772 
48.00 	 0.9772 
48.05 	 0.9772 
48.10 	 0.9772 
48.15 	 0.9772 
48.20 	 0.9772 
48.25 	 0.9827 
48.30 	 0.9772 
48.35 	 0.9827 
48.40 	 0.9827 
48.45 	 0.9827 
48.50 	 0.9881 
48.55 	 0.9881 
48.60 	 0.9881 
48.65 	 0.9881 
48.70 	 0.9881 
48.75 	 0.9881 
48.80 	 0.9881 
48.85 	 0.9881 
48.90 	 0.9881 
48.95 	 0.9881 
49.00 	 0.9881 
49.05 	 0.9991 
49.10 	 0.9991 
49.15 	 0.9991 
49.20 	 0.9936 
49.25 	 0.9936 
49.30 	 0.9936 
49.35 	 0.9936 
49.40 	 0.9936 
49.45 	 0.9936 
49.50 	 0.9936 
49.55 	 0.9881 
49.60 	 0.9827 
49.65 	 0.9827 
49.70 	 0.9881 
49.75 	 0.9881 
49.80 	 0.9827 
49.85 	 0.9827 
49.90 	 0.9881 
49.95 	 0.9881 
50.00 	 0.9881 
50.05 	 0.9881 
50.10 	 0.9881 
50.15 	 0.9881 
50.20 	 0.9772 
50.25 	 0.9772 
50.30 	 0.9772 
50.35 	 0.9772 
50.40 	 0.9772 
50.45 	 0.9827 
50.50 	 0.9827 
50.55 	 0.9772 
50.60 	 0.9772 
50.65 	 0.9772 
50.70 	 0.9772 
50.75 	 0.9772 
50.80 	 0.9772 
50.85 	 0.9772 
50.90 	 0.9772 
50.95 	 0.9717 
51.00 	 0.9717 
51.05 	 0.9772 
51.10 	 0.9772 
51.15 	 0.9827 
51.20 	 0.9881 
51.25 	 0.9881 
51.30 	 0.9827 
51.35 	 0.9827 
51.40 	 0.9827 
51.45 	 0.9827 
51.50 	 0.9827 
51.55 	 0.9827 
51.60 	 0.9827 
51.65 	 0.9827 
51.70 	 0.9827 
51.75 	 0.9827 
51.80 	 0.9827 
51.85 	 0.9772 
51.90 	 0.9827 
51.95 	 0.9881 
52.00 	 0.9881 
52.05 	 0.9881 
52.10 	 0.9881 
52.15 	 0.9827 
52.20 	 0.9827 
52.25 	 0.9827 
52.30 	 0.9827 
52.35 	 0.9827 
52.40 	 0.9827 
52.45 	 0.9772 
52.50 	 0.9772 
52.55 	 0.9717 
52.60 	 0.9717 
52.65 	 0.9717 
52.70 	 0.9717 
52.75 	 0.9717 
52.80 	 0.9772 
52.85 	 0.9827 
52.90 	 0.9827 
52.95 	 0.9827 
53.00 	 0.9827 
53.05 	 0.9827 
53.10 	 0.9827 
53.15 	 0.9772 
53.20 	 0.9717 
53.25 	 0.9717 
53.30 	 0.9662 
53.35 	 0.9662 
53.40 	 0.9662 
53.45 	 0.9717 
53.50 	 0.9717 
53.55 	 0.9717 
53.60 	 0.9717 
53.65 	 0.9772 
53.70 	 0.9772 
53.75 	 0.9772 
53.80 	 0.9772 
53.85 	 0.9772 
53.90 	 0.9717 
53.95 	 0.9717 
54.00 	 0.9717 
54.05 	 0.9662 
54.10 	 0.9717 
54.15 	 0.9717 
54.20 	 0.9717 
54.25 	 0.9717 
54.30 	 0.9717 
54.35 	 0.9717 
54.40 	 0.9717 
54.45 	 0.9717 
54.50 	 0.9717 
54.55 	 0.9717 
54.60 	 0.9717 
54.65 	 0.9717 
54.70 	 0.9717 
54.75 	 0.9717 
54.80 	 0.9772 
54.85 	 0.9772 
54.90 	 0.9772 
54.95 	 0.9772 
55.00 	 0.9827 
55.05 	 0.9827 
55.10 	 0.9827 
55.15 	 0.9827 
55.20 	 0.9827 
55.25 	 0.9827 
55.30 	 0.9827 
55.35 	 0.9827 
55.40 	 0.9827 
55.45 	 0.9827 
55.50 	 0.9827 
55.55 	 0.9881 
55.60 	 0.9881 
55.65 	 0.9881 
55.70 	 0.9881 
55.75 	 0.9936 
55.80 	 0.9936 
55.85 	 0.9936 
55.90 	 0.9936 
55.95 	 0.9936 
56.00 	 0.9936 
56.05 	 0.9991 
56.10 	 0.9991 
56.15 	 0.9936 
56.20 	 0.9881 
56.25 	 0.9881 
56.30 	 0.9827 
56.35 	 0.9827 
56.40 	 0.9827 
56.45 	 0.9881 
56.50 	 0.9881 
56.55 	 0.9881 
56.60 	 0.9881 
56.65 	 0.9881 
56.70 	 0.9881 
56.75 	 0.9827 
56.80 	 0.9827 
56.85 	 0.9827 
56.90 	 0.9772 
56.95 	 0.9772 
57.00 	 0.9772 
57.05 	 0.9827 
57.10 	 0.9772 
57.15 	 0.9772 
57.20 	 0.9827 
57.25 	 0.9881 
57.30 	 0.9881 
57.35 	 0.9881 
57.40 	 0.9881 
57.45 	 0.9881 
57.50 	 0.9827 
57.55 	 0.9827 
57.60 	 0.9827 
57.65 	 0.9827 
57.70 	 0.9827 
57.75 	 0.9772 
57.80 	 0.9772 
57.85 	 0.9772 
57.90 	 0.9772 
57.95 	 0.9827 
58.00 	 0.9827 
58.05 	 0.9881 
58.10 	 0.9881 
58.15 	 0.9881 
58.20 	 0.9881 
58.25 	 0.9827 
58.30 	 0.9827 
58.35 	 0.9772 
58.40 	 0.9772 
58.45 	 0.9772 
58.50 	 0.9717 
58.55 	 0.9772 
58.60 	 0.9772 
58.65 	 0.9772 
58.70 	 0.9827 
58.75 	 0.9827 
58.80 	 0.9881 
58.85 	 0.9881 
58.90 	 0.9881 
58.95 	 0.9881 
59.00 	 0.9881 
59.05 	 0.9772 
59.10 	 0.9772 
59.15 	 0.9827 
59.20 	 0.9827 
59.25 	 0.9827 
59.30 	 0.9827 
59.35 	 0.9827 
59.40 	 0.9827 
59.45 	 0.9827 
59.50 	 0.9881 
59.55 	 0.9936 
59.60 	 0.9936 
59.65 	 0.9936 
59.70 	 0.9881 
59.75 	 0.9881 
59.80 	 0.9881 
59.85 	 0.9881 
59.90 	 0.9881 
59.95 	 0.9881 
60.00 	 0.9881 
60.05 	 0.9881 
60.10 	 0.9881 
60.15 	 0.9881 
60.20 	 0.9881 
60.25 	 0.9936 
60.30 	 0.9936 
60.35 	 0.9936 
60.40 	 0.9991 
60.45 	 0.9936 
60.50 	 0.9991 
60.55 	 0.9991 
60.60 	 0.9991 
60.65 	 0.9991 
60.70 	 0.9991 
60.75 	 0.9991 
60.80 	 0.9991 
60.85 	 0.9991 
60.90 	 0.9991 
60.95 	 1.0046 
61.00 	 1.0046 
61.05 	 0.9991 
61.10 	 0.9991 
61.15 	 0.9991 
61.20 	 0.9936 
61.25 	 0.9936 
61.30 	 0.9936 
61.35 	 0.9936 
61.40 	 0.9936 
61.45 	 0.9936 
61.50 	 0.9936 
61.55 	 0.9936 
61.60 	 0.9936 
61.65 	 0.9991 
61.70 	 0.9991 
61.75 	 0.9991 
61.80 	 0.9991 
61.85 	 0.9991 
61.90 	 0.9936 
61.95 	 0.9881 
62.00 	 0.9936 
62.05 	 0.9936 
62.10 	 0.9936 
62.15 	 0.9936 
62.20 	 0.9936 
62.25 	 0.9936 
62.30 	 0.9936 
62.35 	 0.9936 
62.40 	 1.0046 
62.45 	 1.0046 
62.50 	 1.0046 
62.55 	 1.0046 
62.60 	 1.0046 
62.65 	 1.0046 
62.70 	 1.0046 
62.75 	 1.0046 
62.80 	 0.9991 
62.85 	 0.9936 
62.90 	 0.9936 
62.95 	 0.9936 
63.00 	 0.9936 
63.05 	 0.9936 
63.10 	 0.9936 
63.15 	 0.9991 
63.20 	 0.9991 
63.25 	 0.9991 
63.30 	 0.9991 
63.35 	 0.9991 
63.40 	 0.9991 
63.45 	 0.9936 
63.50 	 0.9936 
63.55 	 0.9991 
63.60 	 0.9991 
63.65 	 0.9936 
63.70 	 0.9991 
63.75 	 1.0046 
63.80 	 1.0046 
63.85 	 1.0046 
63.90 	 1.0046 
63.95 	 1.0046 
64.00 	 1.0046 
64.05 	 1.0046 
64.10 	 0.9991 
64.15 	 0.9991 
64.20 	 0.9991 
64.25 	 0.9991 
64.30 	 0.9991 
64.35 	 0.9991 
64.40 	 0.9991 
64.45 	 0.9991 
64.50 	 1.0046 
64.55 	 1.0046 
64.60 	 1.0046 
64.65 	 1.0046 
64.70 	 1.0046 
64.75 	 1.0046 
64.80 	 0.9991 
64.85 	 0.9991 
64.90 	 1.0046 
64.95 	 1.0046 
65.00 	 0.9991 
65.05 	 0.9991 
65.10 	 0.9991 
65.15 	 0.9991 
65.20 	 0.9991 
65.25 	 0.9991 
65.30 	 0.9991 
65.35 	 0.9991 
65.40 	 1.0046 
65.45 	 1.0046 
65.50 	 1.0046 
65.55 	 0.9991 
65.60 	 0.9991 
65.65 	 0.9991 
65.70 	 0.9991 
65.75 	 0.9936 
65.80 	 0.9936 
65.85 	 0.9936 
65.90 	 0.9936 
65.95 	 0.9936 
66.00 	 0.9991 
66.05 	 0.9936 
66.10 	 0.9936 
66.15 	 0.9936 
66.20 	 0.9936 
66.25 	 0.9936 
66.30 	 0.9936 
66.35 	 0.9936 
66.40 	 0.9936 
66.45 	 0.9881 
66.50 	 0.9881 
66.55 	 0.9881 
66.60 	 0.9881 
66.65 	 0.9881 
66.70 	 0.9881 
66.75 	 0.9881 
66.80 	 0.9881 
66.85 	 0.9881 
66.90 	 0.9881 
66.95 	 0.9936 
67.00 	 0.9991 
67.05 	 0.9936 
67.10 	 0.9936 
67.15 	 0.9936 
67.20 	 0.9881 
67.25 	 0.9827 
67.30 	 0.9827 
67.35 	 0.9827 
67.40 	 0.9827 
67.45 	 0.9827 
67.50 	 0.9827 
67.55 	 0.9827 
67.60 	 0.9881 
67.65 	 0.9881 
67.70 	 0.9881 
67.75 	 0.9881 
67.80 	 0.9881 
67.85 	 0.9936 
67.90 	 0.9936 
67.95 	 0.9881 
68.00 	 0.9881 
68.05 	 0.9881 
68.10 	 0.9881 
68.15 	 0.9881 
68.20 	 0.9827 
68.25 	 0.9827 
68.30 	 0.9881 
68.35 	 0.9881 
68.40 	 0.9881 
68.45 	 0.9881 
68.50 	 0.9991 
68.55 	 0.9936 
68.60 	 0.9936 
68.65 	 0.9936 
68.70 	 0.9881 
68.75 	 0.9881 
68.80 	 0.9881 
68.85 	 0.9881 
68.90 	 0.9881 
68.95 	 0.9827 
69.00 	 0.9827 
69.05 	 0.9827 
69.10 	 0.9827 
69.15 	 0.9827 
69.20 	 0.9827 
69.25 	 0.9827 
69.30 	 0.9772 
