# Optimal flow dependent on time 
 # Aggressives: 8 
0.05 	 0.7865 
0.10 	 0.7865 
0.15 	 0.7865 
0.20 	 0.7865 
0.25 	 0.7865 
0.30 	 0.7865 
0.35 	 0.7865 
0.40 	 0.7865 
0.45 	 0.7865 
0.50 	 0.7865 
0.55 	 0.7865 
0.60 	 0.7865 
0.65 	 0.7865 
0.70 	 0.7865 
0.75 	 0.7865 
0.80 	 0.7865 
0.85 	 0.7865 
0.90 	 0.7865 
0.95 	 0.7865 
1.00 	 0.7865 
1.05 	 0.7865 
1.10 	 0.7865 
1.15 	 0.7865 
1.20 	 0.8032 
1.25 	 0.8032 
1.30 	 0.8032 
1.35 	 0.8032 
1.40 	 0.8032 
1.45 	 0.8032 
1.50 	 0.8032 
1.55 	 0.7865 
1.60 	 0.7865 
1.65 	 0.7865 
1.70 	 0.7865 
1.75 	 0.7865 
1.80 	 0.8032 
1.85 	 0.8032 
1.90 	 0.8032 
1.95 	 0.8032 
2.00 	 0.8032 
2.05 	 0.8032 
2.10 	 0.8032 
2.15 	 0.8032 
2.20 	 0.7865 
2.25 	 0.7865 
2.30 	 0.7865 
2.35 	 0.8032 
2.40 	 0.8032 
2.45 	 0.8032 
2.50 	 0.8032 
2.55 	 0.8032 
2.60 	 0.8032 
2.65 	 0.8032 
2.70 	 0.8032 
2.75 	 0.7865 
2.80 	 0.7865 
2.85 	 0.7865 
2.90 	 0.7865 
2.95 	 0.7865 
3.00 	 0.7865 
3.05 	 0.7865 
3.10 	 0.7865 
3.15 	 0.7865 
3.20 	 0.7865 
3.25 	 0.7865 
3.30 	 0.7865 
3.35 	 0.7697 
3.40 	 0.7697 
3.45 	 0.7697 
3.50 	 0.7697 
3.55 	 0.7697 
3.60 	 0.7697 
3.65 	 0.7697 
3.70 	 0.7697 
3.75 	 0.7697 
3.80 	 0.7697 
3.85 	 0.7697 
3.90 	 0.7697 
3.95 	 0.7697 
4.00 	 0.7697 
4.05 	 0.7865 
4.10 	 0.7865 
4.15 	 0.7865 
4.20 	 0.7865 
4.25 	 0.7865 
4.30 	 0.7865 
4.35 	 0.7865 
4.40 	 0.7865 
4.45 	 0.7865 
4.50 	 0.7865 
4.55 	 0.7865 
4.60 	 0.7865 
4.65 	 0.7865 
4.70 	 0.8032 
4.75 	 0.8032 
4.80 	 0.8032 
4.85 	 0.8032 
4.90 	 0.8032 
4.95 	 0.8032 
5.00 	 0.8032 
5.05 	 0.8032 
5.10 	 0.8032 
5.15 	 0.8032 
5.20 	 0.8032 
5.25 	 0.8199 
5.30 	 0.8199 
5.35 	 0.8199 
5.40 	 0.8199 
5.45 	 0.8199 
5.50 	 0.8199 
5.55 	 0.8199 
5.60 	 0.8199 
5.65 	 0.8199 
5.70 	 0.8199 
5.75 	 0.8199 
5.80 	 0.8199 
5.85 	 0.8367 
5.90 	 0.8367 
5.95 	 0.8367 
6.00 	 0.8367 
6.05 	 0.8367 
6.10 	 0.8367 
6.15 	 0.8367 
6.20 	 0.8367 
6.25 	 0.8367 
6.30 	 0.8367 
6.35 	 0.8367 
6.40 	 0.8367 
6.45 	 0.8367 
6.50 	 0.8367 
6.55 	 0.8367 
6.60 	 0.8367 
6.65 	 0.8367 
6.70 	 0.8367 
6.75 	 0.8367 
6.80 	 0.8367 
6.85 	 0.8367 
6.90 	 0.8367 
6.95 	 0.8367 
7.00 	 0.8367 
7.05 	 0.8367 
7.10 	 0.8367 
7.15 	 0.8367 
7.20 	 0.8367 
7.25 	 0.8367 
7.30 	 0.8367 
7.35 	 0.8367 
7.40 	 0.8367 
7.45 	 0.8367 
7.50 	 0.8367 
7.55 	 0.8367 
7.60 	 0.8367 
7.65 	 0.8367 
7.70 	 0.8367 
7.75 	 0.8367 
7.80 	 0.8367 
7.85 	 0.8367 
7.90 	 0.8367 
7.95 	 0.8367 
8.00 	 0.8367 
8.05 	 0.8367 
8.10 	 0.8367 
8.15 	 0.8367 
8.20 	 0.8367 
8.25 	 0.8367 
8.30 	 0.8367 
8.35 	 0.8199 
8.40 	 0.8199 
8.45 	 0.8199 
8.50 	 0.8199 
8.55 	 0.8199 
8.60 	 0.8199 
8.65 	 0.8199 
8.70 	 0.8199 
8.75 	 0.8199 
8.80 	 0.8199 
8.85 	 0.8199 
8.90 	 0.8032 
8.95 	 0.8032 
9.00 	 0.8032 
9.05 	 0.8032 
9.10 	 0.8032 
9.15 	 0.8032 
9.20 	 0.8032 
9.25 	 0.8032 
9.30 	 0.8032 
9.35 	 0.8032 
9.40 	 0.8032 
9.45 	 0.8032 
9.50 	 0.7865 
9.55 	 0.7865 
9.60 	 0.7865 
9.65 	 0.7865 
9.70 	 0.7865 
9.75 	 0.7865 
9.80 	 0.7865 
9.85 	 0.7865 
9.90 	 0.7865 
9.95 	 0.7865 
10.00 	 0.7865 
10.05 	 0.7697 
10.10 	 0.7697 
10.15 	 0.7697 
10.20 	 0.7697 
10.25 	 0.7697 
10.30 	 0.7697 
10.35 	 0.7697 
10.40 	 0.7697 
10.45 	 0.7697 
10.50 	 0.7697 
10.55 	 0.7697 
10.60 	 0.7697 
10.65 	 0.7697 
10.70 	 0.7697 
10.75 	 0.7697 
10.80 	 0.7697 
10.85 	 0.7865 
10.90 	 0.7865 
10.95 	 0.7865 
11.00 	 0.7697 
11.05 	 0.7697 
11.10 	 0.7697 
11.15 	 0.7697 
11.20 	 0.7697 
11.25 	 0.7697 
11.30 	 0.7697 
11.35 	 0.7697 
11.40 	 0.7865 
11.45 	 0.7865 
11.50 	 0.7865 
11.55 	 0.7865 
11.60 	 0.7865 
11.65 	 0.7865 
11.70 	 0.7697 
11.75 	 0.7697 
11.80 	 0.7697 
11.85 	 0.7697 
11.90 	 0.7697 
11.95 	 0.7697 
12.00 	 0.7865 
12.05 	 0.7865 
12.10 	 0.7865 
12.15 	 0.7865 
12.20 	 0.7865 
12.25 	 0.7865 
12.30 	 0.7865 
12.35 	 0.7865 
12.40 	 0.7697 
12.45 	 0.7697 
12.50 	 0.7697 
12.55 	 0.7697 
12.60 	 0.7697 
12.65 	 0.7697 
12.70 	 0.7697 
12.75 	 0.7697 
12.80 	 0.7697 
12.85 	 0.7697 
12.90 	 0.7697 
12.95 	 0.7697 
13.00 	 0.7697 
13.05 	 0.7697 
13.10 	 0.7697 
13.15 	 0.7697 
13.20 	 0.7697 
13.25 	 0.7697 
13.30 	 0.7697 
13.35 	 0.7697 
13.40 	 0.7697 
13.45 	 0.7697 
13.50 	 0.7865 
13.55 	 0.7865 
13.60 	 0.7865 
13.65 	 0.7865 
13.70 	 0.7865 
13.75 	 0.7865 
13.80 	 0.7865 
13.85 	 0.7865 
13.90 	 0.7865 
13.95 	 0.7865 
14.00 	 0.7865 
14.05 	 0.7865 
14.10 	 0.7865 
14.15 	 0.7865 
14.20 	 0.7865 
14.25 	 0.7865 
14.30 	 0.7865 
14.35 	 0.7865 
14.40 	 0.7865 
14.45 	 0.7865 
14.50 	 0.7865 
14.55 	 0.7865 
14.60 	 0.7865 
14.65 	 0.7865 
14.70 	 0.8032 
14.75 	 0.8032 
14.80 	 0.8032 
14.85 	 0.8032 
14.90 	 0.8032 
14.95 	 0.8032 
15.00 	 0.8032 
15.05 	 0.8032 
15.10 	 0.8032 
15.15 	 0.8032 
15.20 	 0.8032 
15.25 	 0.8032 
15.30 	 0.8032 
15.35 	 0.8032 
15.40 	 0.8032 
15.45 	 0.8032 
15.50 	 0.8199 
15.55 	 0.8199 
15.60 	 0.8199 
15.65 	 0.8199 
15.70 	 0.8199 
15.75 	 0.8199 
15.80 	 0.8199 
15.85 	 0.8199 
15.90 	 0.8199 
15.95 	 0.8199 
16.00 	 0.8199 
16.05 	 0.8199 
16.10 	 0.8199 
16.15 	 0.8199 
16.20 	 0.8199 
16.25 	 0.8199 
16.30 	 0.8367 
16.35 	 0.8367 
16.40 	 0.8367 
16.45 	 0.8367 
16.50 	 0.8367 
16.55 	 0.8367 
16.60 	 0.8367 
16.65 	 0.8367 
16.70 	 0.8367 
16.75 	 0.8367 
16.80 	 0.8367 
16.85 	 0.8367 
16.90 	 0.8367 
16.95 	 0.8367 
17.00 	 0.8367 
17.05 	 0.8367 
17.10 	 0.8367 
17.15 	 0.8367 
17.20 	 0.8367 
17.25 	 0.8367 
17.30 	 0.8367 
17.35 	 0.8367 
17.40 	 0.8367 
17.45 	 0.8367 
17.50 	 0.8367 
17.55 	 0.8367 
17.60 	 0.8367 
17.65 	 0.8367 
17.70 	 0.8367 
17.75 	 0.8367 
17.80 	 0.8367 
17.85 	 0.8367 
17.90 	 0.8367 
17.95 	 0.8367 
18.00 	 0.8367 
18.05 	 0.8367 
18.10 	 0.8367 
18.15 	 0.8367 
18.20 	 0.8367 
18.25 	 0.8367 
18.30 	 0.8367 
18.35 	 0.8367 
18.40 	 0.8367 
18.45 	 0.8367 
18.50 	 0.8367 
18.55 	 0.8367 
18.60 	 0.8367 
18.65 	 0.8367 
18.70 	 0.8367 
18.75 	 0.8367 
18.80 	 0.8367 
18.85 	 0.8367 
18.90 	 0.8367 
18.95 	 0.8367 
19.00 	 0.8367 
19.05 	 0.8367 
19.10 	 0.8367 
19.15 	 0.8367 
19.20 	 0.8367 
19.25 	 0.8367 
19.30 	 0.8367 
19.35 	 0.8367 
19.40 	 0.8367 
19.45 	 0.8367 
19.50 	 0.8367 
19.55 	 0.8367 
19.60 	 0.8367 
19.65 	 0.8367 
19.70 	 0.8367 
19.75 	 0.8367 
19.80 	 0.8367 
19.85 	 0.8367 
19.90 	 0.8367 
19.95 	 0.8367 
20.00 	 0.8367 
20.05 	 0.8367 
20.10 	 0.8367 
20.15 	 0.8367 
20.20 	 0.8367 
20.25 	 0.8367 
20.30 	 0.8367 
20.35 	 0.8367 
20.40 	 0.8367 
20.45 	 0.8367 
20.50 	 0.8367 
20.55 	 0.8367 
20.60 	 0.8367 
20.65 	 0.8367 
20.70 	 0.8367 
20.75 	 0.8367 
20.80 	 0.8367 
20.85 	 0.8367 
20.90 	 0.8367 
20.95 	 0.8367 
21.00 	 0.8367 
21.05 	 0.8367 
21.10 	 0.8367 
21.15 	 0.8367 
21.20 	 0.8367 
21.25 	 0.8367 
21.30 	 0.8367 
21.35 	 0.8367 
21.40 	 0.8367 
21.45 	 0.8367 
21.50 	 0.8367 
21.55 	 0.8367 
21.60 	 0.8367 
21.65 	 0.8367 
21.70 	 0.8367 
21.75 	 0.8367 
21.80 	 0.8367 
21.85 	 0.8367 
21.90 	 0.8367 
21.95 	 0.8367 
22.00 	 0.8367 
22.05 	 0.8367 
22.10 	 0.8199 
22.15 	 0.8199 
22.20 	 0.8199 
22.25 	 0.8199 
22.30 	 0.8199 
22.35 	 0.8199 
22.40 	 0.8199 
22.45 	 0.8199 
22.50 	 0.8199 
22.55 	 0.8199 
22.60 	 0.8199 
22.65 	 0.8199 
22.70 	 0.8199 
22.75 	 0.8199 
22.80 	 0.8199 
22.85 	 0.8032 
22.90 	 0.8032 
22.95 	 0.8032 
23.00 	 0.8032 
23.05 	 0.8032 
23.10 	 0.8032 
23.15 	 0.8032 
23.20 	 0.8032 
23.25 	 0.8032 
23.30 	 0.8032 
23.35 	 0.8032 
23.40 	 0.8032 
23.45 	 0.8032 
23.50 	 0.8032 
23.55 	 0.7865 
23.60 	 0.7865 
23.65 	 0.7865 
23.70 	 0.7865 
23.75 	 0.7865 
23.80 	 0.7865 
23.85 	 0.7865 
23.90 	 0.7865 
23.95 	 0.7865 
24.00 	 0.7865 
24.05 	 0.7865 
24.10 	 0.7865 
24.15 	 0.7865 
24.20 	 0.7865 
24.25 	 0.7697 
24.30 	 0.7697 
24.35 	 0.7697 
24.40 	 0.7697 
24.45 	 0.7697 
24.50 	 0.7697 
24.55 	 0.7697 
24.60 	 0.7865 
24.65 	 0.7865 
24.70 	 0.7865 
24.75 	 0.7865 
24.80 	 0.7865 
24.85 	 0.7865 
24.90 	 0.7865 
24.95 	 0.7697 
25.00 	 0.7697 
25.05 	 0.7697 
25.10 	 0.7697 
25.15 	 0.7697 
25.20 	 0.7697 
25.25 	 0.7697 
25.30 	 0.7697 
25.35 	 0.7865 
25.40 	 0.7865 
25.45 	 0.7865 
25.50 	 0.7697 
25.55 	 0.7697 
25.60 	 0.7697 
25.65 	 0.7697 
25.70 	 0.7697 
25.75 	 0.7697 
25.80 	 0.7697 
25.85 	 0.7697 
25.90 	 0.7697 
25.95 	 0.7697 
26.00 	 0.7697 
26.05 	 0.7865 
26.10 	 0.7865 
26.15 	 0.7865 
26.20 	 0.7865 
26.25 	 0.7865 
26.30 	 0.7865 
26.35 	 0.7865 
26.40 	 0.7865 
26.45 	 0.7865 
26.50 	 0.7865 
26.55 	 0.7865 
26.60 	 0.7865 
26.65 	 0.7865 
26.70 	 0.7865 
26.75 	 0.8032 
26.80 	 0.8032 
26.85 	 0.8032 
26.90 	 0.8032 
26.95 	 0.8032 
27.00 	 0.8032 
27.05 	 0.8032 
27.10 	 0.8032 
27.15 	 0.8032 
27.20 	 0.8032 
27.25 	 0.8032 
27.30 	 0.8032 
27.35 	 0.8032 
27.40 	 0.8032 
27.45 	 0.8199 
27.50 	 0.8199 
27.55 	 0.8199 
27.60 	 0.8199 
27.65 	 0.8032 
27.70 	 0.8032 
27.75 	 0.8032 
27.80 	 0.8032 
27.85 	 0.8032 
27.90 	 0.8032 
27.95 	 0.8032 
28.00 	 0.8199 
28.05 	 0.8199 
28.10 	 0.8199 
28.15 	 0.8199 
28.20 	 0.8199 
28.25 	 0.8199 
28.30 	 0.8199 
28.35 	 0.8199 
28.40 	 0.8199 
28.45 	 0.8199 
28.50 	 0.8199 
28.55 	 0.8199 
28.60 	 0.8199 
28.65 	 0.8199 
28.70 	 0.8199 
28.75 	 0.8199 
28.80 	 0.8199 
28.85 	 0.8199 
28.90 	 0.8199 
28.95 	 0.8199 
29.00 	 0.8199 
29.05 	 0.8199 
29.10 	 0.8199 
29.15 	 0.8199 
29.20 	 0.8032 
29.25 	 0.8032 
29.30 	 0.8032 
29.35 	 0.8032 
29.40 	 0.8032 
29.45 	 0.8032 
29.50 	 0.8032 
29.55 	 0.8032 
29.60 	 0.8032 
29.65 	 0.8032 
29.70 	 0.8032 
29.75 	 0.8032 
29.80 	 0.7865 
29.85 	 0.7865 
29.90 	 0.7865 
29.95 	 0.7865 
30.00 	 0.7865 
30.05 	 0.7865 
30.10 	 0.7865 
30.15 	 0.8032 
30.20 	 0.7865 
30.25 	 0.7865 
30.30 	 0.7865 
30.35 	 0.7865 
30.40 	 0.7865 
30.45 	 0.7865 
30.50 	 0.7865 
30.55 	 0.7865 
30.60 	 0.7865 
30.65 	 0.7865 
30.70 	 0.7865 
30.75 	 0.7865 
30.80 	 0.7697 
30.85 	 0.7697 
30.90 	 0.7697 
30.95 	 0.7697 
31.00 	 0.7697 
31.05 	 0.7697 
31.10 	 0.7697 
31.15 	 0.7697 
31.20 	 0.7697 
31.25 	 0.7697 
31.30 	 0.7697 
31.35 	 0.7530 
31.40 	 0.7530 
31.45 	 0.7530 
31.50 	 0.7530 
31.55 	 0.7530 
31.60 	 0.7530 
31.65 	 0.7530 
31.70 	 0.7697 
31.75 	 0.7697 
31.80 	 0.7697 
31.85 	 0.7697 
31.90 	 0.7530 
31.95 	 0.7530 
32.00 	 0.7530 
32.05 	 0.7530 
32.10 	 0.7530 
32.15 	 0.7530 
32.20 	 0.7530 
32.25 	 0.7530 
32.30 	 0.7697 
32.35 	 0.7697 
32.40 	 0.7697 
32.45 	 0.7530 
32.50 	 0.7530 
32.55 	 0.7530 
32.60 	 0.7530 
32.65 	 0.7530 
32.70 	 0.7697 
32.75 	 0.7697 
32.80 	 0.7697 
32.85 	 0.7697 
32.90 	 0.7697 
32.95 	 0.7697 
33.00 	 0.7697 
33.05 	 0.7697 
33.10 	 0.7697 
33.15 	 0.7697 
33.20 	 0.7697 
33.25 	 0.7697 
33.30 	 0.7865 
33.35 	 0.7865 
33.40 	 0.7865 
33.45 	 0.7865 
33.50 	 0.7865 
33.55 	 0.7865 
33.60 	 0.7865 
33.65 	 0.7865 
33.70 	 0.7865 
33.75 	 0.7865 
33.80 	 0.7865 
33.85 	 0.8032 
33.90 	 0.8032 
33.95 	 0.8032 
34.00 	 0.8032 
34.05 	 0.8032 
34.10 	 0.8032 
34.15 	 0.8032 
34.20 	 0.8032 
34.25 	 0.8032 
34.30 	 0.8032 
34.35 	 0.8032 
34.40 	 0.8199 
34.45 	 0.8199 
34.50 	 0.8199 
34.55 	 0.8199 
34.60 	 0.8199 
34.65 	 0.8199 
34.70 	 0.8199 
34.75 	 0.8199 
34.80 	 0.8199 
34.85 	 0.8199 
34.90 	 0.8199 
34.95 	 0.8367 
35.00 	 0.8367 
35.05 	 0.8367 
35.10 	 0.8367 
35.15 	 0.8367 
35.20 	 0.8367 
35.25 	 0.8367 
35.30 	 0.8367 
35.35 	 0.8367 
35.40 	 0.8367 
35.45 	 0.8367 
35.50 	 0.8367 
35.55 	 0.8367 
35.60 	 0.8367 
35.65 	 0.8367 
35.70 	 0.8367 
35.75 	 0.8367 
35.80 	 0.8367 
35.85 	 0.8367 
35.90 	 0.8367 
35.95 	 0.8367 
36.00 	 0.8367 
36.05 	 0.8367 
36.10 	 0.8367 
36.15 	 0.8367 
36.20 	 0.8367 
36.25 	 0.8367 
36.30 	 0.8367 
36.35 	 0.8367 
36.40 	 0.8367 
36.45 	 0.8367 
36.50 	 0.8367 
36.55 	 0.8367 
36.60 	 0.8367 
36.65 	 0.8367 
36.70 	 0.8367 
36.75 	 0.8367 
36.80 	 0.8367 
36.85 	 0.8367 
36.90 	 0.8367 
36.95 	 0.8367 
37.00 	 0.8367 
37.05 	 0.8367 
37.10 	 0.8367 
37.15 	 0.8367 
37.20 	 0.8367 
37.25 	 0.8367 
37.30 	 0.8367 
37.35 	 0.8367 
37.40 	 0.8367 
37.45 	 0.8367 
37.50 	 0.8367 
37.55 	 0.8367 
37.60 	 0.8367 
37.65 	 0.8199 
37.70 	 0.8199 
37.75 	 0.8199 
37.80 	 0.8199 
37.85 	 0.8199 
37.90 	 0.8199 
37.95 	 0.8199 
38.00 	 0.8199 
38.05 	 0.8199 
38.10 	 0.8199 
38.15 	 0.8199 
38.20 	 0.8199 
38.25 	 0.8199 
38.30 	 0.8199 
38.35 	 0.8199 
38.40 	 0.8199 
38.45 	 0.8199 
38.50 	 0.8199 
38.55 	 0.8199 
38.60 	 0.8199 
38.65 	 0.8032 
38.70 	 0.8032 
38.75 	 0.8032 
38.80 	 0.8032 
38.85 	 0.8032 
38.90 	 0.8032 
38.95 	 0.8032 
39.00 	 0.8032 
39.05 	 0.8032 
39.10 	 0.8032 
39.15 	 0.8032 
39.20 	 0.8032 
39.25 	 0.8032 
39.30 	 0.7865 
39.35 	 0.7865 
39.40 	 0.7865 
39.45 	 0.7865 
39.50 	 0.7865 
39.55 	 0.7865 
39.60 	 0.7865 
39.65 	 0.7865 
39.70 	 0.7865 
39.75 	 0.7865 
39.80 	 0.7865 
39.85 	 0.7865 
39.90 	 0.7697 
39.95 	 0.7697 
40.00 	 0.7697 
40.05 	 0.7697 
40.10 	 0.7697 
40.15 	 0.7865 
40.20 	 0.7865 
40.25 	 0.7865 
40.30 	 0.7865 
40.35 	 0.7865 
40.40 	 0.7865 
40.45 	 0.7865 
40.50 	 0.7697 
40.55 	 0.7697 
40.60 	 0.7697 
40.65 	 0.7697 
40.70 	 0.7697 
40.75 	 0.7697 
40.80 	 0.7697 
40.85 	 0.7697 
40.90 	 0.7697 
40.95 	 0.7697 
41.00 	 0.7697 
41.05 	 0.7697 
41.10 	 0.7530 
41.15 	 0.7697 
41.20 	 0.7697 
41.25 	 0.7697 
41.30 	 0.7697 
41.35 	 0.7697 
41.40 	 0.7697 
41.45 	 0.7697 
41.50 	 0.7697 
41.55 	 0.7530 
41.60 	 0.7530 
41.65 	 0.7530 
41.70 	 0.7530 
41.75 	 0.7530 
41.80 	 0.7697 
41.85 	 0.7697 
41.90 	 0.7697 
41.95 	 0.7530 
42.00 	 0.7530 
42.05 	 0.7530 
42.10 	 0.7530 
42.15 	 0.7530 
42.20 	 0.7530 
42.25 	 0.7530 
42.30 	 0.7530 
42.35 	 0.7530 
42.40 	 0.7697 
42.45 	 0.7697 
42.50 	 0.7697 
42.55 	 0.7697 
42.60 	 0.7697 
42.65 	 0.7697 
42.70 	 0.7697 
42.75 	 0.7697 
42.80 	 0.7697 
42.85 	 0.7697 
42.90 	 0.7697 
42.95 	 0.7697 
43.00 	 0.7865 
43.05 	 0.7865 
43.10 	 0.7865 
43.15 	 0.7865 
43.20 	 0.7865 
43.25 	 0.7865 
43.30 	 0.7697 
43.35 	 0.7697 
43.40 	 0.7697 
43.45 	 0.7697 
43.50 	 0.7697 
43.55 	 0.7697 
43.60 	 0.7865 
43.65 	 0.7865 
43.70 	 0.7865 
43.75 	 0.7865 
43.80 	 0.7865 
43.85 	 0.7865 
43.90 	 0.7865 
43.95 	 0.7865 
44.00 	 0.7865 
44.05 	 0.8032 
44.10 	 0.8032 
44.15 	 0.8032 
44.20 	 0.8032 
44.25 	 0.8032 
44.30 	 0.8032 
44.35 	 0.8032 
44.40 	 0.8032 
44.45 	 0.8199 
44.50 	 0.8199 
44.55 	 0.8199 
44.60 	 0.8199 
44.65 	 0.8199 
44.70 	 0.8199 
44.75 	 0.8199 
44.80 	 0.8199 
44.85 	 0.8199 
44.90 	 0.8199 
44.95 	 0.8199 
45.00 	 0.8367 
45.05 	 0.8367 
45.10 	 0.8367 
45.15 	 0.8367 
45.20 	 0.8367 
45.25 	 0.8367 
45.30 	 0.8367 
45.35 	 0.8367 
45.40 	 0.8367 
45.45 	 0.8367 
45.50 	 0.8367 
45.55 	 0.8367 
45.60 	 0.8367 
45.65 	 0.8367 
45.70 	 0.8367 
45.75 	 0.8367 
45.80 	 0.8367 
45.85 	 0.8367 
45.90 	 0.8367 
45.95 	 0.8367 
46.00 	 0.8367 
46.05 	 0.8367 
46.10 	 0.8367 
46.15 	 0.8367 
46.20 	 0.8367 
46.25 	 0.8367 
46.30 	 0.8367 
46.35 	 0.8367 
46.40 	 0.8367 
46.45 	 0.8367 
46.50 	 0.8367 
46.55 	 0.8367 
46.60 	 0.8367 
46.65 	 0.8199 
46.70 	 0.8199 
46.75 	 0.8199 
46.80 	 0.8199 
46.85 	 0.8199 
46.90 	 0.8199 
46.95 	 0.8199 
47.00 	 0.8199 
47.05 	 0.8199 
47.10 	 0.8199 
47.15 	 0.8199 
47.20 	 0.8199 
47.25 	 0.8199 
47.30 	 0.8199 
47.35 	 0.8199 
47.40 	 0.8032 
47.45 	 0.8032 
47.50 	 0.8032 
47.55 	 0.8032 
47.60 	 0.8032 
47.65 	 0.8032 
47.70 	 0.8032 
47.75 	 0.8032 
47.80 	 0.8032 
47.85 	 0.8032 
47.90 	 0.8032 
47.95 	 0.8032 
48.00 	 0.8032 
48.05 	 0.8032 
48.10 	 0.7865 
48.15 	 0.7865 
48.20 	 0.7865 
48.25 	 0.7865 
48.30 	 0.7865 
48.35 	 0.7865 
48.40 	 0.7865 
48.45 	 0.7865 
48.50 	 0.7865 
48.55 	 0.7865 
48.60 	 0.7865 
48.65 	 0.7865 
48.70 	 0.7865 
48.75 	 0.7697 
48.80 	 0.7697 
48.85 	 0.7697 
48.90 	 0.7697 
48.95 	 0.7697 
49.00 	 0.7697 
49.05 	 0.7697 
49.10 	 0.7697 
49.15 	 0.7865 
49.20 	 0.7865 
49.25 	 0.7865 
49.30 	 0.7865 
49.35 	 0.7697 
49.40 	 0.7697 
49.45 	 0.7697 
49.50 	 0.7697 
49.55 	 0.7697 
49.60 	 0.7697 
49.65 	 0.7697 
49.70 	 0.7697 
49.75 	 0.7697 
49.80 	 0.7697 
49.85 	 0.7697 
49.90 	 0.7865 
49.95 	 0.7697 
50.00 	 0.7697 
50.05 	 0.7697 
50.10 	 0.7697 
50.15 	 0.7697 
50.20 	 0.7697 
50.25 	 0.7697 
50.30 	 0.7697 
50.35 	 0.7697 
50.40 	 0.7697 
50.45 	 0.7697 
50.50 	 0.7697 
50.55 	 0.7530 
50.60 	 0.7697 
50.65 	 0.7697 
50.70 	 0.7697 
50.75 	 0.7697 
50.80 	 0.7697 
50.85 	 0.7697 
50.90 	 0.7697 
50.95 	 0.7697 
51.00 	 0.7697 
51.05 	 0.7697 
51.10 	 0.7697 
51.15 	 0.7530 
51.20 	 0.7530 
51.25 	 0.7697 
51.30 	 0.7697 
51.35 	 0.7697 
51.40 	 0.7697 
51.45 	 0.7697 
51.50 	 0.7697 
51.55 	 0.7697 
51.60 	 0.7697 
51.65 	 0.7697 
51.70 	 0.7697 
51.75 	 0.7530 
51.80 	 0.7530 
51.85 	 0.7697 
51.90 	 0.7697 
51.95 	 0.7697 
52.00 	 0.7697 
52.05 	 0.7697 
52.10 	 0.7697 
52.15 	 0.7697 
52.20 	 0.7697 
52.25 	 0.7697 
52.30 	 0.7530 
52.35 	 0.7530 
52.40 	 0.7530 
52.45 	 0.7697 
52.50 	 0.7697 
52.55 	 0.7697 
52.60 	 0.7697 
52.65 	 0.7697 
52.70 	 0.7697 
52.75 	 0.7697 
52.80 	 0.7697 
52.85 	 0.7530 
52.90 	 0.7530 
52.95 	 0.7530 
53.00 	 0.7530 
53.05 	 0.7697 
53.10 	 0.7697 
53.15 	 0.7697 
53.20 	 0.7697 
53.25 	 0.7697 
53.30 	 0.7697 
53.35 	 0.7697 
53.40 	 0.7530 
53.45 	 0.7530 
53.50 	 0.7530 
53.55 	 0.7530 
53.60 	 0.7530 
53.65 	 0.7697 
53.70 	 0.7697 
53.75 	 0.7530 
53.80 	 0.7530 
53.85 	 0.7530 
53.90 	 0.7530 
53.95 	 0.7530 
54.00 	 0.7530 
54.05 	 0.7530 
54.10 	 0.7530 
54.15 	 0.7530 
54.20 	 0.7530 
54.25 	 0.7697 
54.30 	 0.7697 
54.35 	 0.7697 
54.40 	 0.7697 
54.45 	 0.7697 
54.50 	 0.7697 
54.55 	 0.7697 
54.60 	 0.7697 
54.65 	 0.7697 
54.70 	 0.7697 
54.75 	 0.7697 
54.80 	 0.7865 
54.85 	 0.7865 
54.90 	 0.7865 
54.95 	 0.7865 
55.00 	 0.7865 
55.05 	 0.7865 
55.10 	 0.7865 
55.15 	 0.7865 
55.20 	 0.7865 
55.25 	 0.7865 
55.30 	 0.7865 
55.35 	 0.8032 
55.40 	 0.8032 
55.45 	 0.8032 
55.50 	 0.8032 
55.55 	 0.8032 
55.60 	 0.8032 
55.65 	 0.8032 
55.70 	 0.8032 
55.75 	 0.8032 
55.80 	 0.8032 
55.85 	 0.8032 
55.90 	 0.8199 
55.95 	 0.8199 
56.00 	 0.8199 
56.05 	 0.8199 
56.10 	 0.8199 
56.15 	 0.8199 
56.20 	 0.8199 
56.25 	 0.8367 
56.30 	 0.8367 
56.35 	 0.8367 
56.40 	 0.8367 
56.45 	 0.8367 
56.50 	 0.8367 
56.55 	 0.8367 
56.60 	 0.8367 
56.65 	 0.8367 
56.70 	 0.8367 
56.75 	 0.8367 
56.80 	 0.8367 
56.85 	 0.8367 
56.90 	 0.8367 
56.95 	 0.8367 
57.00 	 0.8367 
57.05 	 0.8367 
57.10 	 0.8367 
57.15 	 0.8367 
57.20 	 0.8367 
57.25 	 0.8367 
57.30 	 0.8367 
57.35 	 0.8367 
57.40 	 0.8367 
57.45 	 0.8367 
57.50 	 0.8367 
57.55 	 0.8367 
57.60 	 0.8367 
57.65 	 0.8367 
57.70 	 0.8367 
57.75 	 0.8367 
57.80 	 0.8367 
57.85 	 0.8367 
57.90 	 0.8367 
57.95 	 0.8367 
58.00 	 0.8367 
58.05 	 0.8367 
58.10 	 0.8367 
58.15 	 0.8367 
58.20 	 0.8367 
58.25 	 0.8367 
58.30 	 0.8367 
58.35 	 0.8367 
58.40 	 0.8367 
58.45 	 0.8367 
58.50 	 0.8367 
58.55 	 0.8367 
58.60 	 0.8367 
58.65 	 0.8367 
58.70 	 0.8367 
58.75 	 0.8367 
58.80 	 0.8367 
58.85 	 0.8367 
58.90 	 0.8367 
58.95 	 0.8367 
59.00 	 0.8367 
59.05 	 0.8367 
59.10 	 0.8367 
59.15 	 0.8367 
59.20 	 0.8367 
59.25 	 0.8367 
59.30 	 0.8367 
59.35 	 0.8367 
59.40 	 0.8367 
59.45 	 0.8367 
59.50 	 0.8367 
59.55 	 0.8367 
59.60 	 0.8367 
59.65 	 0.8367 
59.70 	 0.8367 
59.75 	 0.8367 
59.80 	 0.8367 
59.85 	 0.8367 
59.90 	 0.8367 
59.95 	 0.8367 
60.00 	 0.8367 
60.05 	 0.8367 
60.10 	 0.8367 
60.15 	 0.8367 
60.20 	 0.8367 
60.25 	 0.8367 
60.30 	 0.8367 
60.35 	 0.8367 
60.40 	 0.8367 
60.45 	 0.8367 
60.50 	 0.8367 
60.55 	 0.8367 
60.60 	 0.8367 
60.65 	 0.8367 
60.70 	 0.8367 
60.75 	 0.8367 
60.80 	 0.8367 
60.85 	 0.8367 
60.90 	 0.8367 
60.95 	 0.8367 
61.00 	 0.8367 
61.05 	 0.8367 
61.10 	 0.8367 
61.15 	 0.8367 
61.20 	 0.8199 
61.25 	 0.8199 
61.30 	 0.8199 
61.35 	 0.8199 
61.40 	 0.8199 
61.45 	 0.8199 
61.50 	 0.8199 
61.55 	 0.8199 
61.60 	 0.8199 
61.65 	 0.8199 
61.70 	 0.8199 
61.75 	 0.8199 
61.80 	 0.8032 
61.85 	 0.8032 
61.90 	 0.8032 
61.95 	 0.8032 
62.00 	 0.8032 
62.05 	 0.8032 
62.10 	 0.8032 
62.15 	 0.8032 
62.20 	 0.8032 
62.25 	 0.8032 
62.30 	 0.8032 
62.35 	 0.7865 
62.40 	 0.7865 
62.45 	 0.7865 
62.50 	 0.7865 
62.55 	 0.7865 
62.60 	 0.7865 
62.65 	 0.7865 
62.70 	 0.7865 
62.75 	 0.7865 
62.80 	 0.7865 
62.85 	 0.7865 
62.90 	 0.7865 
62.95 	 0.7865 
63.00 	 0.7865 
63.05 	 0.7865 
63.10 	 0.7865 
63.15 	 0.7865 
63.20 	 0.7865 
63.25 	 0.7865 
63.30 	 0.7865 
63.35 	 0.7865 
63.40 	 0.7865 
63.45 	 0.7865 
63.50 	 0.7865 
63.55 	 0.7865 
63.60 	 0.7865 
63.65 	 0.7865 
63.70 	 0.8032 
63.75 	 0.8032 
63.80 	 0.8032 
63.85 	 0.8032 
63.90 	 0.8032 
63.95 	 0.8032 
64.00 	 0.8032 
64.05 	 0.7865 
64.10 	 0.7865 
64.15 	 0.7865 
64.20 	 0.7865 
64.25 	 0.7865 
64.30 	 0.8032 
64.35 	 0.8032 
64.40 	 0.8032 
64.45 	 0.8032 
64.50 	 0.8032 
64.55 	 0.8032 
64.60 	 0.8032 
64.65 	 0.8032 
64.70 	 0.7865 
64.75 	 0.7865 
64.80 	 0.7865 
64.85 	 0.8032 
64.90 	 0.8032 
64.95 	 0.8032 
65.00 	 0.8032 
65.05 	 0.8032 
65.10 	 0.8032 
65.15 	 0.8032 
65.20 	 0.8032 
65.25 	 0.7865 
65.30 	 0.7865 
65.35 	 0.7865 
65.40 	 0.7865 
65.45 	 0.7865 
65.50 	 0.7865 
65.55 	 0.7865 
65.60 	 0.7865 
65.65 	 0.7865 
65.70 	 0.7865 
65.75 	 0.7865 
65.80 	 0.7865 
65.85 	 0.7697 
65.90 	 0.7697 
65.95 	 0.7697 
66.00 	 0.7697 
66.05 	 0.7697 
66.10 	 0.7697 
66.15 	 0.7697 
66.20 	 0.7697 
66.25 	 0.7697 
66.30 	 0.7697 
66.35 	 0.7697 
66.40 	 0.7697 
66.45 	 0.7697 
66.50 	 0.7697 
66.55 	 0.7865 
66.60 	 0.7865 
66.65 	 0.7865 
66.70 	 0.7865 
66.75 	 0.7865 
66.80 	 0.7865 
66.85 	 0.7865 
66.90 	 0.7865 
66.95 	 0.7865 
67.00 	 0.7865 
67.05 	 0.7865 
67.10 	 0.7865 
67.15 	 0.7865 
67.20 	 0.8032 
67.25 	 0.8032 
67.30 	 0.8032 
67.35 	 0.8032 
67.40 	 0.8032 
67.45 	 0.8032 
67.50 	 0.8032 
67.55 	 0.8032 
67.60 	 0.8032 
67.65 	 0.8032 
67.70 	 0.8032 
67.75 	 0.8199 
67.80 	 0.8199 
67.85 	 0.8199 
67.90 	 0.8199 
67.95 	 0.8199 
68.00 	 0.8199 
68.05 	 0.8199 
68.10 	 0.8199 
68.15 	 0.8199 
68.20 	 0.8199 
68.25 	 0.8199 
68.30 	 0.8199 
68.35 	 0.8367 
68.40 	 0.8367 
68.45 	 0.8367 
68.50 	 0.8367 
68.55 	 0.8367 
68.60 	 0.8367 
68.65 	 0.8367 
68.70 	 0.8367 
68.75 	 0.8367 
68.80 	 0.8367 
68.85 	 0.8367 
68.90 	 0.8367 
68.95 	 0.8367 
69.00 	 0.8367 
69.05 	 0.8367 
69.10 	 0.8367 
69.15 	 0.8367 
69.20 	 0.8367 
69.25 	 0.8367 
69.30 	 0.8367 
69.35 	 0.8367 
69.40 	 0.8367 
69.45 	 0.8367 
69.50 	 0.8367 
69.55 	 0.8367 
69.60 	 0.8367 
69.65 	 0.8367 
69.70 	 0.8367 
69.75 	 0.8367 
69.80 	 0.8367 
69.85 	 0.8367 
69.90 	 0.8367 
69.95 	 0.8367 
70.00 	 0.8367 
70.05 	 0.8367 
70.10 	 0.8367 
70.15 	 0.8367 
70.20 	 0.8367 
70.25 	 0.8367 
70.30 	 0.8367 
70.35 	 0.8367 
70.40 	 0.8367 
70.45 	 0.8367 
70.50 	 0.8367 
70.55 	 0.8367 
70.60 	 0.8367 
70.65 	 0.8367 
70.70 	 0.8367 
70.75 	 0.8367 
70.80 	 0.8367 
70.85 	 0.8199 
70.90 	 0.8199 
70.95 	 0.8199 
71.00 	 0.8199 
71.05 	 0.8199 
71.10 	 0.8199 
71.15 	 0.8199 
71.20 	 0.8199 
71.25 	 0.8199 
71.30 	 0.8199 
71.35 	 0.8199 
71.40 	 0.8032 
71.45 	 0.8032 
71.50 	 0.8032 
71.55 	 0.8032 
71.60 	 0.8032 
71.65 	 0.8032 
71.70 	 0.8032 
71.75 	 0.8032 
71.80 	 0.8032 
71.85 	 0.8032 
71.90 	 0.8032 
71.95 	 0.8032 
72.00 	 0.7865 
72.05 	 0.7865 
72.10 	 0.7865 
72.15 	 0.7865 
72.20 	 0.7865 
72.25 	 0.7865 
72.30 	 0.7865 
72.35 	 0.7865 
72.40 	 0.7865 
72.45 	 0.7865 
72.50 	 0.7865 
72.55 	 0.7865 
72.60 	 0.7865 
72.65 	 0.7865 
72.70 	 0.7865 
72.75 	 0.7865 
72.80 	 0.7865 
72.85 	 0.7865 
72.90 	 0.7865 
72.95 	 0.7865 
73.00 	 0.7865 
73.05 	 0.7865 
73.10 	 0.7865 
73.15 	 0.7865 
73.20 	 0.7865 
73.25 	 0.7865 
73.30 	 0.7865 
73.35 	 0.8032 
73.40 	 0.8032 
73.45 	 0.8032 
73.50 	 0.7865 
73.55 	 0.7865 
73.60 	 0.7865 
73.65 	 0.7865 
73.70 	 0.7865 
73.75 	 0.7865 
73.80 	 0.7865 
73.85 	 0.7865 
73.90 	 0.8032 
73.95 	 0.8032 
74.00 	 0.8032 
74.05 	 0.8032 
74.10 	 0.8032 
74.15 	 0.8032 
74.20 	 0.8032 
74.25 	 0.8032 
74.30 	 0.8032 
74.35 	 0.8032 
74.40 	 0.8032 
74.45 	 0.8032 
74.50 	 0.8199 
74.55 	 0.8199 
74.60 	 0.8199 
74.65 	 0.8199 
74.70 	 0.8032 
74.75 	 0.8032 
74.80 	 0.8032 
74.85 	 0.8032 
74.90 	 0.8032 
74.95 	 0.8032 
75.00 	 0.8032 
75.05 	 0.8032 
75.10 	 0.8032 
75.15 	 0.8032 
75.20 	 0.8032 
75.25 	 0.8032 
75.30 	 0.8032 
75.35 	 0.8032 
75.40 	 0.8032 
75.45 	 0.8032 
75.50 	 0.7865 
75.55 	 0.7865 
75.60 	 0.7865 
75.65 	 0.7865 
75.70 	 0.7865 
75.75 	 0.7865 
75.80 	 0.7865 
75.85 	 0.8032 
75.90 	 0.8032 
75.95 	 0.8032 
76.00 	 0.8032 
76.05 	 0.8032 
76.10 	 0.8032 
76.15 	 0.8032 
76.20 	 0.8032 
76.25 	 0.8032 
76.30 	 0.7865 
76.35 	 0.7865 
76.40 	 0.7865 
76.45 	 0.7865 
76.50 	 0.7865 
76.55 	 0.7865 
76.60 	 0.7865 
76.65 	 0.7865 
76.70 	 0.7865 
76.75 	 0.7865 
76.80 	 0.7865 
76.85 	 0.7865 
76.90 	 0.7865 
76.95 	 0.7865 
77.00 	 0.7865 
77.05 	 0.7865 
77.10 	 0.7865 
77.15 	 0.7865 
77.20 	 0.7865 
77.25 	 0.7865 
77.30 	 0.7865 
77.35 	 0.7865 
77.40 	 0.8032 
77.45 	 0.8032 
77.50 	 0.8032 
77.55 	 0.8032 
77.60 	 0.8032 
77.65 	 0.8032 
77.70 	 0.8032 
77.75 	 0.8032 
77.80 	 0.8032 
77.85 	 0.8032 
77.90 	 0.8032 
77.95 	 0.8032 
78.00 	 0.8032 
78.05 	 0.8032 
78.10 	 0.8032 
78.15 	 0.8032 
78.20 	 0.8032 
78.25 	 0.8032 
78.30 	 0.8032 
78.35 	 0.8032 
78.40 	 0.8032 
78.45 	 0.8199 
78.50 	 0.8199 
78.55 	 0.8199 
78.60 	 0.8199 
78.65 	 0.8199 
78.70 	 0.8199 
78.75 	 0.8199 
78.80 	 0.8199 
78.85 	 0.8199 
78.90 	 0.8199 
78.95 	 0.8199 
79.00 	 0.8199 
79.05 	 0.8199 
79.10 	 0.8199 
79.15 	 0.8199 
79.20 	 0.8199 
79.25 	 0.8199 
79.30 	 0.8199 
79.35 	 0.8199 
79.40 	 0.8199 
79.45 	 0.8367 
79.50 	 0.8367 
79.55 	 0.8367 
79.60 	 0.8367 
79.65 	 0.8367 
79.70 	 0.8367 
79.75 	 0.8367 
79.80 	 0.8367 
79.85 	 0.8367 
79.90 	 0.8367 
79.95 	 0.8367 
80.00 	 0.8367 
80.05 	 0.8367 
80.10 	 0.8367 
80.15 	 0.8367 
80.20 	 0.8367 
80.25 	 0.8367 
80.30 	 0.8367 
80.35 	 0.8367 
80.40 	 0.8367 
80.45 	 0.8367 
80.50 	 0.8367 
80.55 	 0.8367 
80.60 	 0.8367 
80.65 	 0.8367 
80.70 	 0.8367 
80.75 	 0.8367 
80.80 	 0.8367 
80.85 	 0.8367 
80.90 	 0.8367 
80.95 	 0.8367 
81.00 	 0.8367 
81.05 	 0.8367 
81.10 	 0.8367 
81.15 	 0.8367 
81.20 	 0.8367 
81.25 	 0.8367 
81.30 	 0.8367 
81.35 	 0.8367 
81.40 	 0.8367 
81.45 	 0.8367 
81.50 	 0.8367 
81.55 	 0.8367 
81.60 	 0.8367 
81.65 	 0.8367 
81.70 	 0.8367 
81.75 	 0.8367 
81.80 	 0.8367 
81.85 	 0.8367 
81.90 	 0.8367 
81.95 	 0.8367 
82.00 	 0.8367 
82.05 	 0.8367 
82.10 	 0.8367 
82.15 	 0.8367 
82.20 	 0.8367 
82.25 	 0.8367 
82.30 	 0.8367 
82.35 	 0.8367 
82.40 	 0.8367 
82.45 	 0.8367 
82.50 	 0.8367 
82.55 	 0.8367 
82.60 	 0.8367 
82.65 	 0.8367 
82.70 	 0.8367 
82.75 	 0.8367 
82.80 	 0.8367 
82.85 	 0.8367 
82.90 	 0.8367 
82.95 	 0.8367 
83.00 	 0.8367 
83.05 	 0.8367 
83.10 	 0.8367 
83.15 	 0.8367 
83.20 	 0.8367 
83.25 	 0.8367 
83.30 	 0.8367 
83.35 	 0.8367 
83.40 	 0.8367 
83.45 	 0.8367 
83.50 	 0.8367 
83.55 	 0.8367 
83.60 	 0.8367 
83.65 	 0.8367 
83.70 	 0.8367 
83.75 	 0.8367 
83.80 	 0.8367 
83.85 	 0.8367 
83.90 	 0.8367 
83.95 	 0.8367 
84.00 	 0.8367 
84.05 	 0.8367 
84.10 	 0.8367 
84.15 	 0.8367 
84.20 	 0.8367 
84.25 	 0.8367 
84.30 	 0.8367 
84.35 	 0.8367 
84.40 	 0.8367 
84.45 	 0.8367 
84.50 	 0.8367 
84.55 	 0.8367 
84.60 	 0.8199 
84.65 	 0.8199 
84.70 	 0.8199 
84.75 	 0.8199 
84.80 	 0.8199 
84.85 	 0.8199 
84.90 	 0.8199 
84.95 	 0.8199 
85.00 	 0.8199 
85.05 	 0.8199 
85.10 	 0.8199 
85.15 	 0.8199 
85.20 	 0.8199 
85.25 	 0.8199 
85.30 	 0.8199 
85.35 	 0.8032 
85.40 	 0.8032 
85.45 	 0.8032 
85.50 	 0.8032 
85.55 	 0.8032 
85.60 	 0.8032 
85.65 	 0.8032 
85.70 	 0.8032 
85.75 	 0.8032 
85.80 	 0.8032 
85.85 	 0.8032 
85.90 	 0.8032 
85.95 	 0.8032 
86.00 	 0.8032 
86.05 	 0.7865 
86.10 	 0.7865 
86.15 	 0.7865 
86.20 	 0.7865 
86.25 	 0.7865 
86.30 	 0.7865 
86.35 	 0.7865 
86.40 	 0.7865 
86.45 	 0.7865 
86.50 	 0.7865 
86.55 	 0.7865 
86.60 	 0.7865 
86.65 	 0.7865 
86.70 	 0.7865 
86.75 	 0.7697 
86.80 	 0.7697 
86.85 	 0.7697 
86.90 	 0.7697 
86.95 	 0.7697 
87.00 	 0.7697 
87.05 	 0.7697 
87.10 	 0.7865 
87.15 	 0.7865 
87.20 	 0.7865 
87.25 	 0.7865 
87.30 	 0.7865 
87.35 	 0.7865 
87.40 	 0.7865 
87.45 	 0.7697 
87.50 	 0.7697 
87.55 	 0.7697 
87.60 	 0.7697 
87.65 	 0.7697 
87.70 	 0.7697 
87.75 	 0.7697 
87.80 	 0.7697 
87.85 	 0.7865 
87.90 	 0.7865 
87.95 	 0.7865 
88.00 	 0.7697 
88.05 	 0.7697 
88.10 	 0.7697 
88.15 	 0.7697 
88.20 	 0.7697 
88.25 	 0.7697 
88.30 	 0.7697 
88.35 	 0.7697 
88.40 	 0.7697 
88.45 	 0.7697 
88.50 	 0.7697 
88.55 	 0.7865 
88.60 	 0.7865 
88.65 	 0.7865 
88.70 	 0.7865 
88.75 	 0.7865 
88.80 	 0.7865 
88.85 	 0.7865 
88.90 	 0.7865 
88.95 	 0.7865 
89.00 	 0.7865 
89.05 	 0.7865 
89.10 	 0.7865 
89.15 	 0.7865 
89.20 	 0.7865 
89.25 	 0.8032 
89.30 	 0.8032 
89.35 	 0.8032 
89.40 	 0.8032 
89.45 	 0.8032 
89.50 	 0.8032 
89.55 	 0.8032 
89.60 	 0.8032 
89.65 	 0.8032 
89.70 	 0.8032 
89.75 	 0.8032 
89.80 	 0.8032 
89.85 	 0.8032 
89.90 	 0.8032 
89.95 	 0.8199 
90.00 	 0.8199 
90.05 	 0.8199 
90.10 	 0.8199 
90.15 	 0.8032 
90.20 	 0.8032 
90.25 	 0.8032 
90.30 	 0.8032 
90.35 	 0.8032 
90.40 	 0.8032 
90.45 	 0.8032 
90.50 	 0.8199 
90.55 	 0.8199 
90.60 	 0.8199 
90.65 	 0.8199 
90.70 	 0.8199 
90.75 	 0.8199 
90.80 	 0.8199 
90.85 	 0.8199 
90.90 	 0.8199 
90.95 	 0.8199 
91.00 	 0.8199 
91.05 	 0.8199 
91.10 	 0.8199 
91.15 	 0.8199 
91.20 	 0.8199 
91.25 	 0.8199 
91.30 	 0.8199 
91.35 	 0.8199 
91.40 	 0.8199 
91.45 	 0.8199 
91.50 	 0.8199 
91.55 	 0.8199 
91.60 	 0.8199 
91.65 	 0.8199 
91.70 	 0.8032 
91.75 	 0.8032 
91.80 	 0.8032 
91.85 	 0.8032 
91.90 	 0.8032 
91.95 	 0.8032 
92.00 	 0.8032 
92.05 	 0.8032 
92.10 	 0.8032 
92.15 	 0.8032 
92.20 	 0.8032 
92.25 	 0.8032 
92.30 	 0.7865 
92.35 	 0.7865 
92.40 	 0.7865 
92.45 	 0.7865 
92.50 	 0.7865 
92.55 	 0.7865 
92.60 	 0.7865 
92.65 	 0.8032 
92.70 	 0.7865 
92.75 	 0.7865 
92.80 	 0.7865 
92.85 	 0.7865 
92.90 	 0.7865 
92.95 	 0.7865 
93.00 	 0.7865 
93.05 	 0.7865 
93.10 	 0.7865 
93.15 	 0.7865 
93.20 	 0.7865 
93.25 	 0.7865 
93.30 	 0.7697 
93.35 	 0.7697 
93.40 	 0.7697 
93.45 	 0.7697 
93.50 	 0.7697 
93.55 	 0.7697 
93.60 	 0.7697 
93.65 	 0.7697 
93.70 	 0.7697 
93.75 	 0.7697 
93.80 	 0.7697 
93.85 	 0.7530 
93.90 	 0.7530 
93.95 	 0.7530 
94.00 	 0.7530 
94.05 	 0.7530 
94.10 	 0.7530 
94.15 	 0.7530 
94.20 	 0.7697 
94.25 	 0.7697 
94.30 	 0.7697 
94.35 	 0.7697 
94.40 	 0.7530 
94.45 	 0.7530 
94.50 	 0.7530 
94.55 	 0.7530 
94.60 	 0.7530 
94.65 	 0.7530 
94.70 	 0.7530 
94.75 	 0.7530 
94.80 	 0.7697 
94.85 	 0.7697 
94.90 	 0.7697 
94.95 	 0.7530 
95.00 	 0.7530 
95.05 	 0.7530 
95.10 	 0.7530 
95.15 	 0.7530 
95.20 	 0.7697 
95.25 	 0.7697 
95.30 	 0.7697 
95.35 	 0.7697 
95.40 	 0.7697 
95.45 	 0.7697 
95.50 	 0.7697 
95.55 	 0.7697 
95.60 	 0.7697 
95.65 	 0.7697 
95.70 	 0.7697 
95.75 	 0.7697 
95.80 	 0.7865 
95.85 	 0.7865 
95.90 	 0.7865 
95.95 	 0.7865 
96.00 	 0.7865 
96.05 	 0.7865 
96.10 	 0.7865 
96.15 	 0.7865 
96.20 	 0.7865 
96.25 	 0.7865 
96.30 	 0.7865 
96.35 	 0.8032 
96.40 	 0.8032 
96.45 	 0.8032 
96.50 	 0.8032 
96.55 	 0.8032 
96.60 	 0.8032 
96.65 	 0.8032 
96.70 	 0.8032 
96.75 	 0.8032 
96.80 	 0.8032 
96.85 	 0.8032 
96.90 	 0.8199 
96.95 	 0.8199 
97.00 	 0.8199 
97.05 	 0.8199 
97.10 	 0.8199 
97.15 	 0.8199 
97.20 	 0.8199 
97.25 	 0.8199 
97.30 	 0.8199 
97.35 	 0.8199 
97.40 	 0.8199 
97.45 	 0.8367 
97.50 	 0.8367 
97.55 	 0.8367 
97.60 	 0.8367 
97.65 	 0.8367 
97.70 	 0.8367 
97.75 	 0.8367 
97.80 	 0.8367 
97.85 	 0.8367 
97.90 	 0.8367 
97.95 	 0.8367 
98.00 	 0.8367 
98.05 	 0.8367 
98.10 	 0.8367 
98.15 	 0.8367 
98.20 	 0.8367 
98.25 	 0.8367 
98.30 	 0.8367 
98.35 	 0.8367 
98.40 	 0.8367 
98.45 	 0.8367 
98.50 	 0.8367 
98.55 	 0.8367 
98.60 	 0.8367 
98.65 	 0.8367 
98.70 	 0.8367 
98.75 	 0.8367 
98.80 	 0.8367 
98.85 	 0.8367 
98.90 	 0.8367 
98.95 	 0.8367 
99.00 	 0.8367 
99.05 	 0.8367 
99.10 	 0.8367 
99.15 	 0.8367 
99.20 	 0.8367 
99.25 	 0.8367 
99.30 	 0.8367 
99.35 	 0.8367 
99.40 	 0.8367 
99.45 	 0.8367 
99.50 	 0.8367 
99.55 	 0.8367 
99.60 	 0.8367 
99.65 	 0.8367 
99.70 	 0.8367 
99.75 	 0.8367 
99.80 	 0.8367 
99.85 	 0.8367 
99.90 	 0.8367 
99.95 	 0.8367 
100.00 	 0.8367 
100.05 	 0.8367 
100.10 	 0.8367 
100.15 	 0.8199 
100.20 	 0.8199 
100.25 	 0.8199 
100.30 	 0.8199 
100.35 	 0.8199 
100.40 	 0.8199 
100.45 	 0.8199 
100.50 	 0.8199 
100.55 	 0.8199 
100.60 	 0.8199 
100.65 	 0.8199 
100.70 	 0.8199 
100.75 	 0.8199 
100.80 	 0.8199 
100.85 	 0.8199 
100.90 	 0.8199 
100.95 	 0.8199 
101.00 	 0.8199 
101.05 	 0.8199 
101.10 	 0.8199 
101.15 	 0.8032 
101.20 	 0.8032 
101.25 	 0.8032 
101.30 	 0.8032 
101.35 	 0.8032 
101.40 	 0.8032 
101.45 	 0.8032 
101.50 	 0.8032 
101.55 	 0.8032 
101.60 	 0.8032 
101.65 	 0.8032 
101.70 	 0.8032 
101.75 	 0.8032 
101.80 	 0.7865 
101.85 	 0.7865 
101.90 	 0.7865 
101.95 	 0.7865 
102.00 	 0.7865 
102.05 	 0.7865 
102.10 	 0.7865 
102.15 	 0.7865 
102.20 	 0.7865 
102.25 	 0.7865 
102.30 	 0.7865 
102.35 	 0.7865 
102.40 	 0.7697 
102.45 	 0.7697 
102.50 	 0.7697 
102.55 	 0.7697 
102.60 	 0.7697 
102.65 	 0.7865 
102.70 	 0.7865 
102.75 	 0.7865 
102.80 	 0.7865 
102.85 	 0.7865 
102.90 	 0.7865 
102.95 	 0.7865 
103.00 	 0.7697 
103.05 	 0.7697 
103.10 	 0.7697 
103.15 	 0.7697 
103.20 	 0.7697 
103.25 	 0.7697 
103.30 	 0.7697 
103.35 	 0.7697 
103.40 	 0.7697 
103.45 	 0.7697 
103.50 	 0.7697 
103.55 	 0.7697 
103.60 	 0.7530 
103.65 	 0.7697 
103.70 	 0.7697 
103.75 	 0.7697 
103.80 	 0.7697 
103.85 	 0.7697 
103.90 	 0.7697 
103.95 	 0.7697 
104.00 	 0.7697 
104.05 	 0.7530 
104.10 	 0.7530 
104.15 	 0.7530 
104.20 	 0.7530 
104.25 	 0.7530 
104.30 	 0.7697 
104.35 	 0.7697 
104.40 	 0.7697 
104.45 	 0.7530 
104.50 	 0.7530 
104.55 	 0.7530 
104.60 	 0.7530 
104.65 	 0.7530 
104.70 	 0.7530 
104.75 	 0.7530 
104.80 	 0.7530 
104.85 	 0.7530 
104.90 	 0.7697 
104.95 	 0.7697 
105.00 	 0.7530 
105.05 	 0.7530 
105.10 	 0.7530 
105.15 	 0.7530 
105.20 	 0.7530 
105.25 	 0.7530 
105.30 	 0.7530 
105.35 	 0.7530 
105.40 	 0.7530 
105.45 	 0.7530 
105.50 	 0.7697 
105.55 	 0.7697 
105.60 	 0.7697 
105.65 	 0.7697 
105.70 	 0.7697 
105.75 	 0.7697 
105.80 	 0.7697 
105.85 	 0.7697 
105.90 	 0.7697 
105.95 	 0.7697 
106.00 	 0.7697 
106.05 	 0.7697 
106.10 	 0.7865 
106.15 	 0.7865 
106.20 	 0.7865 
106.25 	 0.7865 
106.30 	 0.7865 
106.35 	 0.7865 
106.40 	 0.7865 
106.45 	 0.7865 
106.50 	 0.7865 
106.55 	 0.8032 
106.60 	 0.8032 
106.65 	 0.8032 
106.70 	 0.8032 
106.75 	 0.8032 
106.80 	 0.8032 
106.85 	 0.8032 
106.90 	 0.8032 
106.95 	 0.8199 
107.00 	 0.8199 
107.05 	 0.8199 
107.10 	 0.8199 
107.15 	 0.8199 
107.20 	 0.8199 
107.25 	 0.8199 
107.30 	 0.8199 
107.35 	 0.8199 
107.40 	 0.8199 
107.45 	 0.8199 
107.50 	 0.8199 
107.55 	 0.8199 
107.60 	 0.8199 
107.65 	 0.8199 
107.70 	 0.8199 
107.75 	 0.8199 
107.80 	 0.8199 
107.85 	 0.8199 
107.90 	 0.8199 
107.95 	 0.8199 
108.00 	 0.8199 
108.05 	 0.8199 
108.10 	 0.8199 
108.15 	 0.8199 
108.20 	 0.8199 
108.25 	 0.8199 
108.30 	 0.8199 
108.35 	 0.8199 
108.40 	 0.8199 
108.45 	 0.8367 
108.50 	 0.8367 
108.55 	 0.8367 
108.60 	 0.8367 
108.65 	 0.8367 
108.70 	 0.8367 
108.75 	 0.8367 
108.80 	 0.8367 
108.85 	 0.8367 
108.90 	 0.8367 
108.95 	 0.8367 
109.00 	 0.8367 
109.05 	 0.8367 
109.10 	 0.8367 
109.15 	 0.8199 
109.20 	 0.8199 
109.25 	 0.8199 
109.30 	 0.8199 
109.35 	 0.8199 
109.40 	 0.8199 
109.45 	 0.8199 
109.50 	 0.8199 
109.55 	 0.8199 
109.60 	 0.8199 
109.65 	 0.8199 
109.70 	 0.8199 
109.75 	 0.8199 
109.80 	 0.8199 
109.85 	 0.8199 
109.90 	 0.8032 
109.95 	 0.8032 
110.00 	 0.8032 
110.05 	 0.8032 
110.10 	 0.8032 
110.15 	 0.8032 
110.20 	 0.8032 
110.25 	 0.8032 
110.30 	 0.8032 
110.35 	 0.8032 
110.40 	 0.8032 
110.45 	 0.8032 
110.50 	 0.8032 
110.55 	 0.8032 
110.60 	 0.7865 
110.65 	 0.7865 
110.70 	 0.7865 
110.75 	 0.7865 
110.80 	 0.7865 
110.85 	 0.7865 
110.90 	 0.7865 
110.95 	 0.7865 
111.00 	 0.7865 
111.05 	 0.7865 
111.10 	 0.7865 
111.15 	 0.7865 
111.20 	 0.7865 
111.25 	 0.7697 
111.30 	 0.7697 
111.35 	 0.7697 
111.40 	 0.7697 
111.45 	 0.7697 
111.50 	 0.7697 
111.55 	 0.7697 
111.60 	 0.7697 
111.65 	 0.7865 
111.70 	 0.7865 
111.75 	 0.7865 
111.80 	 0.7865 
111.85 	 0.7697 
111.90 	 0.7697 
111.95 	 0.7697 
112.00 	 0.7697 
112.05 	 0.7697 
112.10 	 0.7697 
112.15 	 0.7697 
112.20 	 0.7697 
112.25 	 0.7697 
112.30 	 0.7697 
112.35 	 0.7697 
112.40 	 0.7865 
112.45 	 0.7697 
112.50 	 0.7697 
112.55 	 0.7697 
112.60 	 0.7697 
112.65 	 0.7697 
112.70 	 0.7697 
112.75 	 0.7697 
112.80 	 0.7697 
112.85 	 0.7697 
112.90 	 0.7697 
112.95 	 0.7697 
113.00 	 0.7697 
113.05 	 0.7530 
113.10 	 0.7697 
113.15 	 0.7697 
113.20 	 0.7697 
113.25 	 0.7697 
113.30 	 0.7697 
113.35 	 0.7697 
113.40 	 0.7697 
113.45 	 0.7697 
113.50 	 0.7697 
113.55 	 0.7697 
113.60 	 0.7697 
113.65 	 0.7530 
113.70 	 0.7530 
113.75 	 0.7697 
113.80 	 0.7697 
113.85 	 0.7697 
113.90 	 0.7697 
113.95 	 0.7697 
114.00 	 0.7697 
114.05 	 0.7697 
114.10 	 0.7697 
114.15 	 0.7697 
114.20 	 0.7697 
114.25 	 0.7530 
114.30 	 0.7530 
114.35 	 0.7697 
114.40 	 0.7697 
114.45 	 0.7697 
114.50 	 0.7697 
114.55 	 0.7697 
114.60 	 0.7697 
114.65 	 0.7697 
114.70 	 0.7697 
114.75 	 0.7697 
114.80 	 0.7530 
114.85 	 0.7530 
114.90 	 0.7530 
114.95 	 0.7697 
115.00 	 0.7697 
115.05 	 0.7697 
115.10 	 0.7697 
115.15 	 0.7697 
115.20 	 0.7697 
115.25 	 0.7697 
115.30 	 0.7697 
115.35 	 0.7530 
115.40 	 0.7530 
115.45 	 0.7530 
115.50 	 0.7530 
115.55 	 0.7697 
115.60 	 0.7697 
115.65 	 0.7697 
115.70 	 0.7697 
115.75 	 0.7697 
115.80 	 0.7697 
115.85 	 0.7697 
115.90 	 0.7530 
115.95 	 0.7530 
116.00 	 0.7530 
116.05 	 0.7530 
116.10 	 0.7530 
116.15 	 0.7697 
116.20 	 0.7697 
116.25 	 0.7530 
116.30 	 0.7530 
116.35 	 0.7530 
116.40 	 0.7530 
116.45 	 0.7530 
116.50 	 0.7530 
116.55 	 0.7530 
116.60 	 0.7530 
116.65 	 0.7530 
116.70 	 0.7530 
116.75 	 0.7697 
116.80 	 0.7697 
116.85 	 0.7697 
116.90 	 0.7697 
116.95 	 0.7697 
117.00 	 0.7697 
117.05 	 0.7697 
117.10 	 0.7697 
117.15 	 0.7697 
117.20 	 0.7697 
117.25 	 0.7697 
117.30 	 0.7865 
117.35 	 0.7865 
117.40 	 0.7865 
117.45 	 0.7865 
117.50 	 0.7865 
117.55 	 0.7865 
117.60 	 0.7865 
117.65 	 0.7865 
117.70 	 0.7865 
117.75 	 0.7865 
117.80 	 0.7865 
117.85 	 0.8032 
117.90 	 0.8032 
117.95 	 0.8032 
118.00 	 0.8032 
118.05 	 0.8032 
118.10 	 0.8032 
118.15 	 0.8032 
118.20 	 0.8032 
118.25 	 0.8032 
118.30 	 0.8032 
118.35 	 0.8032 
118.40 	 0.8199 
118.45 	 0.8199 
118.50 	 0.8199 
118.55 	 0.8199 
118.60 	 0.8199 
118.65 	 0.8199 
118.70 	 0.8199 
118.75 	 0.8367 
118.80 	 0.8367 
118.85 	 0.8367 
118.90 	 0.8367 
118.95 	 0.8367 
119.00 	 0.8367 
119.05 	 0.8367 
119.10 	 0.8367 
119.15 	 0.8367 
119.20 	 0.8367 
119.25 	 0.8367 
119.30 	 0.8367 
119.35 	 0.8367 
119.40 	 0.8367 
119.45 	 0.8367 
119.50 	 0.8367 
119.55 	 0.8367 
119.60 	 0.8367 
119.65 	 0.8367 
119.70 	 0.8367 
119.75 	 0.8367 
119.80 	 0.8367 
119.85 	 0.8367 
119.90 	 0.8367 
119.95 	 0.8367 
120.00 	 0.8367 
120.05 	 0.8367 
120.10 	 0.8367 
120.15 	 0.8367 
120.20 	 0.8367 
120.25 	 0.8367 
120.30 	 0.8367 
120.35 	 0.8367 
120.40 	 0.8367 
120.45 	 0.8367 
120.50 	 0.8367 
120.55 	 0.8367 
120.60 	 0.8367 
120.65 	 0.8367 
120.70 	 0.8367 
120.75 	 0.8367 
120.80 	 0.8367 
120.85 	 0.8367 
120.90 	 0.8367 
120.95 	 0.8367 
121.00 	 0.8367 
121.05 	 0.8367 
121.10 	 0.8367 
121.15 	 0.8367 
121.20 	 0.8367 
121.25 	 0.8367 
121.30 	 0.8367 
121.35 	 0.8367 
121.40 	 0.8367 
121.45 	 0.8367 
121.50 	 0.8367 
121.55 	 0.8367 
121.60 	 0.8367 
121.65 	 0.8367 
121.70 	 0.8367 
121.75 	 0.8367 
121.80 	 0.8367 
121.85 	 0.8367 
121.90 	 0.8367 
121.95 	 0.8367 
122.00 	 0.8367 
122.05 	 0.8367 
122.10 	 0.8367 
122.15 	 0.8367 
122.20 	 0.8367 
122.25 	 0.8367 
122.30 	 0.8367 
122.35 	 0.8367 
122.40 	 0.8367 
122.45 	 0.8367 
122.50 	 0.8367 
122.55 	 0.8367 
122.60 	 0.8367 
122.65 	 0.8367 
122.70 	 0.8367 
122.75 	 0.8367 
122.80 	 0.8367 
122.85 	 0.8367 
122.90 	 0.8367 
122.95 	 0.8367 
123.00 	 0.8367 
123.05 	 0.8367 
123.10 	 0.8367 
123.15 	 0.8367 
123.20 	 0.8367 
123.25 	 0.8367 
123.30 	 0.8367 
123.35 	 0.8367 
123.40 	 0.8367 
123.45 	 0.8367 
123.50 	 0.8367 
123.55 	 0.8367 
123.60 	 0.8367 
123.65 	 0.8367 
123.70 	 0.8199 
123.75 	 0.8199 
123.80 	 0.8199 
123.85 	 0.8199 
123.90 	 0.8199 
123.95 	 0.8199 
124.00 	 0.8199 
124.05 	 0.8199 
124.10 	 0.8199 
124.15 	 0.8199 
124.20 	 0.8199 
124.25 	 0.8199 
124.30 	 0.8032 
124.35 	 0.8032 
124.40 	 0.8032 
124.45 	 0.8032 
124.50 	 0.8032 
124.55 	 0.8032 
124.60 	 0.8032 
124.65 	 0.8032 
124.70 	 0.8032 
124.75 	 0.8032 
124.80 	 0.8032 
124.85 	 0.7865 
124.90 	 0.7865 
124.95 	 0.7865 
125.00 	 0.7865 
125.05 	 0.7865 
125.10 	 0.7865 
125.15 	 0.7865 
125.20 	 0.7865 
125.25 	 0.7865 
125.30 	 0.7865 
125.35 	 0.7865 
125.40 	 0.7865 
125.45 	 0.7865 
125.50 	 0.7865 
125.55 	 0.7865 
125.60 	 0.7865 
125.65 	 0.7865 
125.70 	 0.7865 
125.75 	 0.7865 
125.80 	 0.7865 
125.85 	 0.7865 
125.90 	 0.7865 
125.95 	 0.7865 
126.00 	 0.7865 
126.05 	 0.7865 
126.10 	 0.7865 
126.15 	 0.7865 
126.20 	 0.8032 
126.25 	 0.8032 
126.30 	 0.8032 
126.35 	 0.8032 
126.40 	 0.8032 
126.45 	 0.8032 
126.50 	 0.8032 
126.55 	 0.7865 
126.60 	 0.7865 
126.65 	 0.7865 
126.70 	 0.7865 
126.75 	 0.7865 
126.80 	 0.8032 
126.85 	 0.8032 
126.90 	 0.8032 
126.95 	 0.8032 
127.00 	 0.8032 
127.05 	 0.8032 
127.10 	 0.8032 
127.15 	 0.8032 
127.20 	 0.7865 
127.25 	 0.7865 
127.30 	 0.7865 
127.35 	 0.8032 
127.40 	 0.8032 
127.45 	 0.8032 
127.50 	 0.8032 
127.55 	 0.8032 
127.60 	 0.8032 
127.65 	 0.8032 
127.70 	 0.8032 
127.75 	 0.7865 
127.80 	 0.7865 
127.85 	 0.7865 
127.90 	 0.7865 
127.95 	 0.7865 
128.00 	 0.7865 
128.05 	 0.7865 
128.10 	 0.7865 
128.15 	 0.7865 
128.20 	 0.7865 
128.25 	 0.7865 
128.30 	 0.7865 
128.35 	 0.7697 
128.40 	 0.7697 
128.45 	 0.7697 
128.50 	 0.7697 
128.55 	 0.7697 
128.60 	 0.7697 
128.65 	 0.7697 
128.70 	 0.7697 
128.75 	 0.7697 
128.80 	 0.7697 
128.85 	 0.7697 
128.90 	 0.7697 
128.95 	 0.7697 
129.00 	 0.7697 
129.05 	 0.7865 
129.10 	 0.7865 
129.15 	 0.7865 
129.20 	 0.7865 
129.25 	 0.7865 
129.30 	 0.7865 
129.35 	 0.7865 
129.40 	 0.7865 
129.45 	 0.7865 
129.50 	 0.7865 
129.55 	 0.7865 
129.60 	 0.7865 
129.65 	 0.7865 
129.70 	 0.8032 
129.75 	 0.8032 
129.80 	 0.8032 
129.85 	 0.8032 
129.90 	 0.8032 
129.95 	 0.8032 
130.00 	 0.8032 
130.05 	 0.8032 
130.10 	 0.8032 
130.15 	 0.8032 
130.20 	 0.8032 
130.25 	 0.8199 
130.30 	 0.8199 
130.35 	 0.8199 
130.40 	 0.8199 
130.45 	 0.8199 
130.50 	 0.8199 
130.55 	 0.8199 
130.60 	 0.8199 
130.65 	 0.8199 
130.70 	 0.8199 
130.75 	 0.8199 
130.80 	 0.8199 
130.85 	 0.8367 
130.90 	 0.8367 
130.95 	 0.8367 
131.00 	 0.8367 
131.05 	 0.8367 
131.10 	 0.8367 
131.15 	 0.8367 
131.20 	 0.8367 
131.25 	 0.8367 
131.30 	 0.8367 
131.35 	 0.8367 
131.40 	 0.8367 
131.45 	 0.8367 
131.50 	 0.8367 
131.55 	 0.8367 
131.60 	 0.8367 
131.65 	 0.8367 
131.70 	 0.8367 
131.75 	 0.8367 
131.80 	 0.8367 
131.85 	 0.8367 
131.90 	 0.8367 
131.95 	 0.8367 
132.00 	 0.8367 
132.05 	 0.8367 
132.10 	 0.8367 
132.15 	 0.8367 
132.20 	 0.8367 
132.25 	 0.8367 
132.30 	 0.8367 
132.35 	 0.8367 
132.40 	 0.8367 
132.45 	 0.8367 
132.50 	 0.8367 
132.55 	 0.8367 
132.60 	 0.8367 
132.65 	 0.8367 
132.70 	 0.8367 
132.75 	 0.8367 
132.80 	 0.8367 
132.85 	 0.8367 
132.90 	 0.8367 
132.95 	 0.8367 
133.00 	 0.8367 
133.05 	 0.8367 
133.10 	 0.8367 
133.15 	 0.8367 
133.20 	 0.8367 
133.25 	 0.8367 
133.30 	 0.8367 
133.35 	 0.8199 
133.40 	 0.8199 
133.45 	 0.8199 
133.50 	 0.8199 
133.55 	 0.8199 
133.60 	 0.8199 
133.65 	 0.8199 
133.70 	 0.8199 
133.75 	 0.8199 
133.80 	 0.8199 
133.85 	 0.8199 
133.90 	 0.8032 
133.95 	 0.8032 
134.00 	 0.8032 
134.05 	 0.8032 
134.10 	 0.8032 
134.15 	 0.8032 
134.20 	 0.8032 
134.25 	 0.8032 
134.30 	 0.8032 
134.35 	 0.8032 
134.40 	 0.8032 
134.45 	 0.8032 
134.50 	 0.7865 
134.55 	 0.7865 
134.60 	 0.7865 
134.65 	 0.7865 
134.70 	 0.7865 
134.75 	 0.7865 
134.80 	 0.7865 
134.85 	 0.7865 
134.90 	 0.7865 
134.95 	 0.7865 
135.00 	 0.7865 
135.05 	 0.7865 
135.10 	 0.7865 
135.15 	 0.7865 
135.20 	 0.7865 
135.25 	 0.7865 
135.30 	 0.7865 
135.35 	 0.7865 
135.40 	 0.7865 
135.45 	 0.7865 
135.50 	 0.7865 
135.55 	 0.7865 
135.60 	 0.7865 
135.65 	 0.7865 
135.70 	 0.7865 
135.75 	 0.7865 
135.80 	 0.7865 
135.85 	 0.7865 
135.90 	 0.7865 
135.95 	 0.7865 
136.00 	 0.7865 
136.05 	 0.7865 
136.10 	 0.7865 
136.15 	 0.7865 
136.20 	 0.7865 
136.25 	 0.7865 
136.30 	 0.7865 
136.35 	 0.7865 
136.40 	 0.8032 
136.45 	 0.8032 
136.50 	 0.8032 
136.55 	 0.8032 
136.60 	 0.8032 
136.65 	 0.8032 
136.70 	 0.8032 
136.75 	 0.8032 
136.80 	 0.8032 
136.85 	 0.8032 
136.90 	 0.8032 
136.95 	 0.8032 
137.00 	 0.8199 
137.05 	 0.8199 
137.10 	 0.8199 
137.15 	 0.8199 
137.20 	 0.8199 
137.25 	 0.8199 
137.30 	 0.8199 
137.35 	 0.8199 
137.40 	 0.8032 
137.45 	 0.8032 
137.50 	 0.8032 
137.55 	 0.8199 
137.60 	 0.8199 
137.65 	 0.8199 
137.70 	 0.8199 
137.75 	 0.8199 
137.80 	 0.8199 
137.85 	 0.8199 
137.90 	 0.8199 
137.95 	 0.8199 
138.00 	 0.8199 
138.05 	 0.8199 
138.10 	 0.8199 
138.15 	 0.8199 
138.20 	 0.8199 
138.25 	 0.8199 
138.30 	 0.8199 
138.35 	 0.8199 
138.40 	 0.8199 
138.45 	 0.8032 
138.50 	 0.8032 
138.55 	 0.8032 
138.60 	 0.8032 
138.65 	 0.8032 
138.70 	 0.8032 
138.75 	 0.8032 
138.80 	 0.8032 
138.85 	 0.8032 
138.90 	 0.8032 
138.95 	 0.8032 
139.00 	 0.8032 
139.05 	 0.8032 
139.10 	 0.8032 
139.15 	 0.8032 
139.20 	 0.8032 
139.25 	 0.8032 
139.30 	 0.8032 
139.35 	 0.8032 
139.40 	 0.8032 
139.45 	 0.7865 
139.50 	 0.7865 
139.55 	 0.7865 
139.60 	 0.7865 
139.65 	 0.7865 
139.70 	 0.8032 
139.75 	 0.8032 
139.80 	 0.8032 
139.85 	 0.8032 
139.90 	 0.8032 
139.95 	 0.8032 
140.00 	 0.8032 
140.05 	 0.8032 
140.10 	 0.8032 
140.15 	 0.8032 
140.20 	 0.8032 
140.25 	 0.8032 
140.30 	 0.8032 
140.35 	 0.8032 
140.40 	 0.8032 
140.45 	 0.8199 
140.50 	 0.8199 
140.55 	 0.8199 
140.60 	 0.8199 
140.65 	 0.8199 
140.70 	 0.8199 
140.75 	 0.8199 
140.80 	 0.8199 
140.85 	 0.8199 
140.90 	 0.8199 
140.95 	 0.8199 
141.00 	 0.8199 
141.05 	 0.8199 
141.10 	 0.8199 
141.15 	 0.8199 
141.20 	 0.8367 
141.25 	 0.8367 
141.30 	 0.8367 
141.35 	 0.8367 
141.40 	 0.8367 
141.45 	 0.8367 
141.50 	 0.8367 
141.55 	 0.8367 
141.60 	 0.8367 
141.65 	 0.8367 
141.70 	 0.8367 
141.75 	 0.8367 
141.80 	 0.8367 
141.85 	 0.8367 
141.90 	 0.8367 
141.95 	 0.8367 
142.00 	 0.8367 
142.05 	 0.8367 
142.10 	 0.8367 
142.15 	 0.8367 
142.20 	 0.8367 
142.25 	 0.8367 
142.30 	 0.8367 
142.35 	 0.8367 
142.40 	 0.8367 
142.45 	 0.8367 
142.50 	 0.8367 
142.55 	 0.8367 
142.60 	 0.8367 
142.65 	 0.8367 
142.70 	 0.8367 
142.75 	 0.8367 
142.80 	 0.8367 
142.85 	 0.8367 
142.90 	 0.8367 
142.95 	 0.8367 
143.00 	 0.8367 
143.05 	 0.8367 
143.10 	 0.8367 
143.15 	 0.8367 
143.20 	 0.8367 
143.25 	 0.8367 
143.30 	 0.8367 
143.35 	 0.8367 
143.40 	 0.8367 
143.45 	 0.8367 
143.50 	 0.8367 
143.55 	 0.8367 
143.60 	 0.8367 
143.65 	 0.8367 
143.70 	 0.8367 
143.75 	 0.8367 
143.80 	 0.8367 
143.85 	 0.8367 
143.90 	 0.8367 
143.95 	 0.8367 
144.00 	 0.8367 
144.05 	 0.8367 
144.10 	 0.8367 
144.15 	 0.8367 
144.20 	 0.8367 
144.25 	 0.8367 
144.30 	 0.8367 
144.35 	 0.8367 
144.40 	 0.8367 
144.45 	 0.8367 
144.50 	 0.8367 
144.55 	 0.8367 
144.60 	 0.8367 
144.65 	 0.8367 
144.70 	 0.8367 
144.75 	 0.8367 
144.80 	 0.8367 
144.85 	 0.8367 
144.90 	 0.8367 
144.95 	 0.8367 
145.00 	 0.8367 
145.05 	 0.8367 
145.10 	 0.8367 
145.15 	 0.8367 
145.20 	 0.8367 
145.25 	 0.8367 
145.30 	 0.8367 
145.35 	 0.8367 
145.40 	 0.8367 
145.45 	 0.8367 
145.50 	 0.8367 
145.55 	 0.8367 
145.60 	 0.8367 
145.65 	 0.8367 
145.70 	 0.8367 
145.75 	 0.8367 
145.80 	 0.8367 
145.85 	 0.8367 
145.90 	 0.8367 
145.95 	 0.8367 
146.00 	 0.8367 
146.05 	 0.8367 
146.10 	 0.8367 
146.15 	 0.8367 
146.20 	 0.8367 
146.25 	 0.8367 
146.30 	 0.8367 
146.35 	 0.8367 
146.40 	 0.8367 
146.45 	 0.8367 
146.50 	 0.8367 
146.55 	 0.8367 
146.60 	 0.8367 
146.65 	 0.8367 
146.70 	 0.8367 
146.75 	 0.8367 
146.80 	 0.8367 
146.85 	 0.8367 
146.90 	 0.8367 
146.95 	 0.8367 
147.00 	 0.8367 
147.05 	 0.8367 
147.10 	 0.8199 
147.15 	 0.8199 
147.20 	 0.8199 
147.25 	 0.8199 
147.30 	 0.8199 
147.35 	 0.8199 
147.40 	 0.8199 
147.45 	 0.8199 
147.50 	 0.8199 
147.55 	 0.8199 
147.60 	 0.8199 
147.65 	 0.8199 
147.70 	 0.8199 
147.75 	 0.8199 
147.80 	 0.8199 
147.85 	 0.8032 
147.90 	 0.8032 
147.95 	 0.8032 
148.00 	 0.8032 
148.05 	 0.8032 
148.10 	 0.8032 
148.15 	 0.8032 
148.20 	 0.8032 
148.25 	 0.8032 
148.30 	 0.8032 
148.35 	 0.8032 
148.40 	 0.8032 
148.45 	 0.8032 
148.50 	 0.8032 
148.55 	 0.7865 
148.60 	 0.7865 
148.65 	 0.7865 
148.70 	 0.7865 
148.75 	 0.7865 
148.80 	 0.7865 
148.85 	 0.7865 
148.90 	 0.7865 
148.95 	 0.7865 
149.00 	 0.7865 
149.05 	 0.7865 
149.10 	 0.7865 
149.15 	 0.7865 
149.20 	 0.7865 
149.25 	 0.7697 
149.30 	 0.7697 
149.35 	 0.7697 
149.40 	 0.7697 
149.45 	 0.7697 
149.50 	 0.7697 
149.55 	 0.7697 
149.60 	 0.7865 
149.65 	 0.7865 
149.70 	 0.7865 
149.75 	 0.7865 
149.80 	 0.7865 
149.85 	 0.7865 
149.90 	 0.7865 
149.95 	 0.7697 
150.00 	 0.7697 
150.05 	 0.7697 
150.10 	 0.7697 
150.15 	 0.7697 
150.20 	 0.7697 
150.25 	 0.7697 
150.30 	 0.7697 
150.35 	 0.7865 
150.40 	 0.7865 
150.45 	 0.7865 
150.50 	 0.7697 
150.55 	 0.7697 
150.60 	 0.7697 
150.65 	 0.7697 
150.70 	 0.7697 
150.75 	 0.7697 
150.80 	 0.7697 
150.85 	 0.7697 
150.90 	 0.7697 
150.95 	 0.7697 
151.00 	 0.7697 
151.05 	 0.7865 
151.10 	 0.7865 
151.15 	 0.7865 
151.20 	 0.7865 
151.25 	 0.7865 
151.30 	 0.7865 
151.35 	 0.7865 
151.40 	 0.7865 
151.45 	 0.7865 
151.50 	 0.7865 
151.55 	 0.7865 
151.60 	 0.7865 
151.65 	 0.7865 
151.70 	 0.7865 
151.75 	 0.8032 
151.80 	 0.8032 
151.85 	 0.8032 
151.90 	 0.8032 
151.95 	 0.8032 
152.00 	 0.8032 
152.05 	 0.8032 
152.10 	 0.8032 
152.15 	 0.8032 
152.20 	 0.8032 
152.25 	 0.8032 
152.30 	 0.8032 
152.35 	 0.8032 
152.40 	 0.8032 
152.45 	 0.8199 
152.50 	 0.8199 
152.55 	 0.8199 
152.60 	 0.8199 
152.65 	 0.8032 
152.70 	 0.8032 
152.75 	 0.8032 
152.80 	 0.8032 
152.85 	 0.8032 
152.90 	 0.8032 
152.95 	 0.8032 
153.00 	 0.8199 
153.05 	 0.8199 
153.10 	 0.8199 
153.15 	 0.8199 
153.20 	 0.8199 
153.25 	 0.8199 
153.30 	 0.8199 
153.35 	 0.8199 
153.40 	 0.8199 
153.45 	 0.8199 
153.50 	 0.8199 
153.55 	 0.8199 
153.60 	 0.8199 
153.65 	 0.8199 
153.70 	 0.8199 
153.75 	 0.8199 
153.80 	 0.8199 
153.85 	 0.8199 
153.90 	 0.8199 
153.95 	 0.8199 
154.00 	 0.8199 
154.05 	 0.8199 
154.10 	 0.8199 
154.15 	 0.8199 
154.20 	 0.8032 
154.25 	 0.8032 
154.30 	 0.8032 
154.35 	 0.8032 
154.40 	 0.8032 
154.45 	 0.8032 
154.50 	 0.8032 
154.55 	 0.8032 
154.60 	 0.8032 
154.65 	 0.8032 
154.70 	 0.8032 
154.75 	 0.8032 
154.80 	 0.7865 
154.85 	 0.7865 
154.90 	 0.7865 
154.95 	 0.7865 
155.00 	 0.7865 
155.05 	 0.7865 
155.10 	 0.7865 
155.15 	 0.8032 
155.20 	 0.7865 
155.25 	 0.7865 
155.30 	 0.7865 
155.35 	 0.7865 
155.40 	 0.7865 
155.45 	 0.7865 
155.50 	 0.7865 
155.55 	 0.7865 
155.60 	 0.7865 
155.65 	 0.7865 
155.70 	 0.7865 
155.75 	 0.7865 
155.80 	 0.7697 
155.85 	 0.7697 
155.90 	 0.7697 
155.95 	 0.7697 
156.00 	 0.7697 
156.05 	 0.7697 
156.10 	 0.7697 
156.15 	 0.7697 
156.20 	 0.7697 
156.25 	 0.7697 
156.30 	 0.7697 
156.35 	 0.7530 
156.40 	 0.7530 
156.45 	 0.7530 
156.50 	 0.7530 
156.55 	 0.7530 
156.60 	 0.7530 
156.65 	 0.7530 
156.70 	 0.7697 
156.75 	 0.7697 
156.80 	 0.7697 
156.85 	 0.7697 
156.90 	 0.7530 
156.95 	 0.7530 
157.00 	 0.7530 
157.05 	 0.7530 
157.10 	 0.7530 
157.15 	 0.7530 
157.20 	 0.7530 
157.25 	 0.7530 
157.30 	 0.7697 
157.35 	 0.7697 
157.40 	 0.7697 
157.45 	 0.7530 
157.50 	 0.7530 
157.55 	 0.7530 
157.60 	 0.7530 
157.65 	 0.7530 
157.70 	 0.7697 
157.75 	 0.7697 
157.80 	 0.7697 
157.85 	 0.7697 
157.90 	 0.7697 
157.95 	 0.7697 
158.00 	 0.7697 
158.05 	 0.7697 
158.10 	 0.7697 
158.15 	 0.7697 
158.20 	 0.7697 
158.25 	 0.7697 
158.30 	 0.7865 
158.35 	 0.7865 
158.40 	 0.7865 
158.45 	 0.7865 
158.50 	 0.7865 
158.55 	 0.7865 
158.60 	 0.7865 
158.65 	 0.7865 
158.70 	 0.7865 
158.75 	 0.7865 
158.80 	 0.7865 
158.85 	 0.8032 
158.90 	 0.8032 
158.95 	 0.8032 
159.00 	 0.8032 
159.05 	 0.8032 
159.10 	 0.8032 
159.15 	 0.8032 
159.20 	 0.8032 
159.25 	 0.8032 
159.30 	 0.8032 
159.35 	 0.8032 
159.40 	 0.8199 
159.45 	 0.8199 
159.50 	 0.8199 
159.55 	 0.8199 
159.60 	 0.8199 
159.65 	 0.8199 
159.70 	 0.8199 
159.75 	 0.8199 
159.80 	 0.8199 
159.85 	 0.8199 
159.90 	 0.8199 
159.95 	 0.8367 
160.00 	 0.8367 
160.05 	 0.8367 
160.10 	 0.8367 
160.15 	 0.8367 
160.20 	 0.8367 
160.25 	 0.8367 
160.30 	 0.8367 
160.35 	 0.8367 
160.40 	 0.8367 
160.45 	 0.8367 
160.50 	 0.8367 
160.55 	 0.8367 
160.60 	 0.8367 
160.65 	 0.8367 
160.70 	 0.8367 
160.75 	 0.8367 
160.80 	 0.8367 
160.85 	 0.8367 
160.90 	 0.8367 
160.95 	 0.8367 
161.00 	 0.8367 
161.05 	 0.8367 
161.10 	 0.8367 
161.15 	 0.8367 
161.20 	 0.8367 
161.25 	 0.8367 
161.30 	 0.8367 
161.35 	 0.8367 
161.40 	 0.8367 
161.45 	 0.8367 
161.50 	 0.8367 
161.55 	 0.8367 
161.60 	 0.8367 
161.65 	 0.8367 
161.70 	 0.8367 
161.75 	 0.8367 
161.80 	 0.8367 
161.85 	 0.8367 
161.90 	 0.8367 
161.95 	 0.8367 
162.00 	 0.8367 
162.05 	 0.8367 
162.10 	 0.8367 
162.15 	 0.8367 
162.20 	 0.8367 
162.25 	 0.8367 
162.30 	 0.8367 
162.35 	 0.8367 
162.40 	 0.8367 
162.45 	 0.8367 
162.50 	 0.8367 
162.55 	 0.8367 
162.60 	 0.8367 
162.65 	 0.8199 
162.70 	 0.8199 
162.75 	 0.8199 
162.80 	 0.8199 
162.85 	 0.8199 
162.90 	 0.8199 
162.95 	 0.8199 
163.00 	 0.8199 
163.05 	 0.8199 
163.10 	 0.8199 
163.15 	 0.8199 
163.20 	 0.8199 
163.25 	 0.8199 
163.30 	 0.8199 
163.35 	 0.8199 
163.40 	 0.8199 
163.45 	 0.8199 
163.50 	 0.8199 
163.55 	 0.8199 
163.60 	 0.8199 
163.65 	 0.8032 
163.70 	 0.8032 
163.75 	 0.8032 
163.80 	 0.8032 
163.85 	 0.8032 
163.90 	 0.8032 
163.95 	 0.8032 
164.00 	 0.8032 
164.05 	 0.8032 
164.10 	 0.8032 
164.15 	 0.8032 
164.20 	 0.8032 
164.25 	 0.8032 
164.30 	 0.7865 
164.35 	 0.7865 
164.40 	 0.7865 
164.45 	 0.7865 
164.50 	 0.7865 
164.55 	 0.7865 
164.60 	 0.7865 
164.65 	 0.7865 
164.70 	 0.7865 
164.75 	 0.7865 
164.80 	 0.7865 
164.85 	 0.7865 
164.90 	 0.7697 
164.95 	 0.7697 
165.00 	 0.7697 
165.05 	 0.7697 
165.10 	 0.7697 
165.15 	 0.7865 
165.20 	 0.7865 
165.25 	 0.7865 
165.30 	 0.7865 
165.35 	 0.7865 
165.40 	 0.7865 
165.45 	 0.7865 
165.50 	 0.7697 
165.55 	 0.7697 
165.60 	 0.7697 
165.65 	 0.7697 
165.70 	 0.7697 
165.75 	 0.7697 
165.80 	 0.7697 
165.85 	 0.7697 
165.90 	 0.7697 
165.95 	 0.7697 
166.00 	 0.7697 
166.05 	 0.7697 
166.10 	 0.7530 
166.15 	 0.7697 
166.20 	 0.7697 
166.25 	 0.7697 
166.30 	 0.7697 
166.35 	 0.7697 
166.40 	 0.7697 
166.45 	 0.7697 
166.50 	 0.7697 
166.55 	 0.7530 
166.60 	 0.7530 
166.65 	 0.7530 
166.70 	 0.7530 
166.75 	 0.7530 
166.80 	 0.7697 
166.85 	 0.7697 
166.90 	 0.7697 
166.95 	 0.7530 
167.00 	 0.7530 
167.05 	 0.7530 
167.10 	 0.7530 
167.15 	 0.7530 
167.20 	 0.7530 
167.25 	 0.7530 
167.30 	 0.7530 
167.35 	 0.7530 
167.40 	 0.7697 
167.45 	 0.7697 
167.50 	 0.7697 
167.55 	 0.7697 
167.60 	 0.7697 
167.65 	 0.7697 
167.70 	 0.7697 
167.75 	 0.7697 
167.80 	 0.7697 
167.85 	 0.7697 
167.90 	 0.7697 
167.95 	 0.7697 
168.00 	 0.7865 
168.05 	 0.7865 
168.10 	 0.7865 
168.15 	 0.7865 
168.20 	 0.7865 
168.25 	 0.7865 
168.30 	 0.7865 
168.35 	 0.7865 
168.40 	 0.7865 
168.45 	 0.7697 
168.50 	 0.7697 
168.55 	 0.7697 
168.60 	 0.7865 
168.65 	 0.7865 
168.70 	 0.7865 
168.75 	 0.7865 
168.80 	 0.7865 
168.85 	 0.7865 
168.90 	 0.7865 
168.95 	 0.7865 
169.00 	 0.7865 
169.05 	 0.8032 
169.10 	 0.8032 
169.15 	 0.8032 
169.20 	 0.8032 
169.25 	 0.8032 
169.30 	 0.8032 
169.35 	 0.8032 
169.40 	 0.8032 
169.45 	 0.8199 
169.50 	 0.8199 
169.55 	 0.8199 
169.60 	 0.8199 
169.65 	 0.8199 
169.70 	 0.8199 
169.75 	 0.8199 
169.80 	 0.8199 
169.85 	 0.8199 
169.90 	 0.8199 
169.95 	 0.8199 
170.00 	 0.8199 
170.05 	 0.8199 
170.10 	 0.8199 
170.15 	 0.8199 
170.20 	 0.8199 
170.25 	 0.8199 
170.30 	 0.8199 
170.35 	 0.8199 
170.40 	 0.8199 
170.45 	 0.8199 
170.50 	 0.8199 
170.55 	 0.8199 
170.60 	 0.8199 
170.65 	 0.8199 
170.70 	 0.8199 
170.75 	 0.8199 
170.80 	 0.8367 
170.85 	 0.8367 
170.90 	 0.8367 
170.95 	 0.8367 
171.00 	 0.8367 
171.05 	 0.8367 
171.10 	 0.8367 
171.15 	 0.8367 
171.20 	 0.8367 
171.25 	 0.8367 
171.30 	 0.8367 
171.35 	 0.8367 
171.40 	 0.8367 
171.45 	 0.8367 
171.50 	 0.8367 
171.55 	 0.8367 
171.60 	 0.8367 
171.65 	 0.8199 
171.70 	 0.8199 
171.75 	 0.8199 
171.80 	 0.8199 
171.85 	 0.8199 
171.90 	 0.8199 
171.95 	 0.8199 
172.00 	 0.8199 
172.05 	 0.8199 
172.10 	 0.8199 
172.15 	 0.8199 
172.20 	 0.8199 
172.25 	 0.8199 
172.30 	 0.8199 
172.35 	 0.8199 
172.40 	 0.8032 
172.45 	 0.8032 
172.50 	 0.8032 
172.55 	 0.8032 
172.60 	 0.8032 
172.65 	 0.8032 
172.70 	 0.8032 
172.75 	 0.8032 
172.80 	 0.8032 
172.85 	 0.8032 
172.90 	 0.8032 
172.95 	 0.8032 
173.00 	 0.8032 
173.05 	 0.8032 
173.10 	 0.7865 
173.15 	 0.7865 
173.20 	 0.7865 
173.25 	 0.7865 
173.30 	 0.7865 
173.35 	 0.7865 
173.40 	 0.7865 
173.45 	 0.7865 
173.50 	 0.7865 
173.55 	 0.7865 
173.60 	 0.7865 
173.65 	 0.7865 
173.70 	 0.7865 
173.75 	 0.7697 
173.80 	 0.7697 
173.85 	 0.7697 
173.90 	 0.7697 
173.95 	 0.7697 
174.00 	 0.7697 
174.05 	 0.7697 
174.10 	 0.7697 
174.15 	 0.7865 
174.20 	 0.7865 
174.25 	 0.7865 
174.30 	 0.7865 
174.35 	 0.7697 
174.40 	 0.7697 
174.45 	 0.7697 
174.50 	 0.7697 
174.55 	 0.7697 
174.60 	 0.7697 
174.65 	 0.7697 
174.70 	 0.7697 
174.75 	 0.7697 
174.80 	 0.7697 
174.85 	 0.7697 
174.90 	 0.7865 
174.95 	 0.7697 
175.00 	 0.7697 
175.05 	 0.7697 
175.10 	 0.7697 
175.15 	 0.7697 
175.20 	 0.7697 
175.25 	 0.7697 
175.30 	 0.7697 
175.35 	 0.7697 
175.40 	 0.7697 
175.45 	 0.7697 
175.50 	 0.7697 
175.55 	 0.7530 
175.60 	 0.7697 
175.65 	 0.7697 
175.70 	 0.7697 
175.75 	 0.7697 
175.80 	 0.7697 
175.85 	 0.7697 
175.90 	 0.7697 
175.95 	 0.7697 
176.00 	 0.7697 
176.05 	 0.7697 
176.10 	 0.7697 
176.15 	 0.7530 
176.20 	 0.7530 
176.25 	 0.7697 
176.30 	 0.7697 
176.35 	 0.7697 
176.40 	 0.7697 
176.45 	 0.7697 
176.50 	 0.7697 
176.55 	 0.7697 
176.60 	 0.7697 
176.65 	 0.7697 
176.70 	 0.7697 
176.75 	 0.7530 
176.80 	 0.7530 
176.85 	 0.7697 
176.90 	 0.7697 
176.95 	 0.7697 
177.00 	 0.7697 
177.05 	 0.7697 
177.10 	 0.7697 
177.15 	 0.7697 
177.20 	 0.7697 
177.25 	 0.7697 
177.30 	 0.7530 
177.35 	 0.7530 
177.40 	 0.7530 
177.45 	 0.7697 
177.50 	 0.7697 
177.55 	 0.7697 
177.60 	 0.7697 
177.65 	 0.7697 
177.70 	 0.7697 
177.75 	 0.7697 
177.80 	 0.7697 
177.85 	 0.7530 
177.90 	 0.7530 
177.95 	 0.7530 
178.00 	 0.7530 
178.05 	 0.7697 
178.10 	 0.7697 
178.15 	 0.7697 
178.20 	 0.7697 
178.25 	 0.7697 
178.30 	 0.7697 
178.35 	 0.7697 
178.40 	 0.7530 
178.45 	 0.7530 
178.50 	 0.7530 
178.55 	 0.7530 
178.60 	 0.7530 
178.65 	 0.7697 
178.70 	 0.7697 
178.75 	 0.7530 
178.80 	 0.7530 
178.85 	 0.7530 
178.90 	 0.7530 
178.95 	 0.7530 
179.00 	 0.7530 
179.05 	 0.7530 
179.10 	 0.7530 
179.15 	 0.7530 
179.20 	 0.7530 
179.25 	 0.7697 
179.30 	 0.7697 
179.35 	 0.7697 
179.40 	 0.7697 
179.45 	 0.7697 
179.50 	 0.7697 
179.55 	 0.7697 
179.60 	 0.7697 
179.65 	 0.7697 
179.70 	 0.7697 
179.75 	 0.7697 
179.80 	 0.7865 
179.85 	 0.7865 
179.90 	 0.7865 
179.95 	 0.7865 
180.00 	 0.7865 
