# Optimal flow dependent on time 
 # Aggressives: 70 
0.05 	 0.3047 
0.10 	 0.3047 
0.15 	 0.3047 
0.20 	 0.3047 
0.25 	 0.3047 
0.30 	 0.3047 
0.35 	 0.3047 
0.40 	 0.3047 
0.45 	 0.3020 
0.50 	 0.3020 
0.55 	 0.3020 
0.60 	 0.3020 
0.65 	 0.3020 
0.70 	 0.2994 
0.75 	 0.3020 
0.80 	 0.3020 
0.85 	 0.3020 
0.90 	 0.3020 
0.95 	 0.3047 
1.00 	 0.3047 
1.05 	 0.3074 
1.10 	 0.3074 
1.15 	 0.3074 
1.20 	 0.3074 
1.25 	 0.3074 
1.30 	 0.3074 
1.35 	 0.3074 
1.40 	 0.3074 
1.45 	 0.3074 
1.50 	 0.3074 
1.55 	 0.3047 
1.60 	 0.3074 
1.65 	 0.3074 
1.70 	 0.3047 
1.75 	 0.3074 
1.80 	 0.3074 
1.85 	 0.3074 
1.90 	 0.3074 
1.95 	 0.3074 
2.00 	 0.3047 
2.05 	 0.3047 
2.10 	 0.3047 
2.15 	 0.3047 
2.20 	 0.3074 
2.25 	 0.3074 
2.30 	 0.3074 
2.35 	 0.3074 
2.40 	 0.3074 
2.45 	 0.3074 
2.50 	 0.3074 
2.55 	 0.3020 
2.60 	 0.3020 
2.65 	 0.3020 
2.70 	 0.3020 
2.75 	 0.3020 
2.80 	 0.3047 
2.85 	 0.3047 
2.90 	 0.3047 
2.95 	 0.3047 
3.00 	 0.3047 
3.05 	 0.3074 
3.10 	 0.3074 
3.15 	 0.3074 
3.20 	 0.3074 
3.25 	 0.3074 
3.30 	 0.3074 
3.35 	 0.3074 
3.40 	 0.3074 
3.45 	 0.3074 
3.50 	 0.3074 
3.55 	 0.3101 
3.60 	 0.3101 
3.65 	 0.3101 
3.70 	 0.3101 
3.75 	 0.3047 
3.80 	 0.3047 
3.85 	 0.3074 
3.90 	 0.3074 
3.95 	 0.3074 
4.00 	 0.3074 
4.05 	 0.3074 
4.10 	 0.3074 
4.15 	 0.3074 
4.20 	 0.3074 
4.25 	 0.3074 
4.30 	 0.3101 
4.35 	 0.3128 
4.40 	 0.3128 
4.45 	 0.3128 
4.50 	 0.3101 
4.55 	 0.3101 
4.60 	 0.3074 
4.65 	 0.3074 
4.70 	 0.3074 
4.75 	 0.3074 
4.80 	 0.3074 
4.85 	 0.3074 
4.90 	 0.3074 
4.95 	 0.3101 
5.00 	 0.3101 
5.05 	 0.3074 
5.10 	 0.3074 
5.15 	 0.3074 
5.20 	 0.3101 
5.25 	 0.3101 
5.30 	 0.3101 
5.35 	 0.3128 
5.40 	 0.3101 
5.45 	 0.3101 
5.50 	 0.3101 
5.55 	 0.3074 
5.60 	 0.3074 
5.65 	 0.3074 
5.70 	 0.3074 
5.75 	 0.3074 
5.80 	 0.3074 
5.85 	 0.3074 
5.90 	 0.3074 
5.95 	 0.3074 
6.00 	 0.3074 
6.05 	 0.3074 
6.10 	 0.3101 
6.15 	 0.3101 
6.20 	 0.3101 
6.25 	 0.3128 
6.30 	 0.3128 
6.35 	 0.3101 
6.40 	 0.3101 
6.45 	 0.3101 
6.50 	 0.3101 
6.55 	 0.3128 
6.60 	 0.3101 
6.65 	 0.3101 
6.70 	 0.3101 
6.75 	 0.3101 
6.80 	 0.3101 
6.85 	 0.3101 
6.90 	 0.3101 
6.95 	 0.3101 
7.00 	 0.3101 
7.05 	 0.3101 
7.10 	 0.3101 
7.15 	 0.3101 
7.20 	 0.3101 
7.25 	 0.3101 
7.30 	 0.3101 
7.35 	 0.3101 
7.40 	 0.3101 
7.45 	 0.3128 
7.50 	 0.3128 
7.55 	 0.3101 
7.60 	 0.3101 
7.65 	 0.3101 
7.70 	 0.3101 
7.75 	 0.3101 
7.80 	 0.3101 
7.85 	 0.3128 
7.90 	 0.3128 
7.95 	 0.3128 
8.00 	 0.3101 
8.05 	 0.3101 
8.10 	 0.3128 
8.15 	 0.3128 
8.20 	 0.3128 
8.25 	 0.3155 
8.30 	 0.3155 
8.35 	 0.3155 
8.40 	 0.3155 
8.45 	 0.3155 
8.50 	 0.3155 
8.55 	 0.3155 
8.60 	 0.3155 
8.65 	 0.3155 
8.70 	 0.3155 
8.75 	 0.3155 
8.80 	 0.3128 
8.85 	 0.3128 
8.90 	 0.3155 
8.95 	 0.3182 
9.00 	 0.3155 
9.05 	 0.3155 
9.10 	 0.3155 
9.15 	 0.3155 
9.20 	 0.3155 
9.25 	 0.3155 
9.30 	 0.3182 
9.35 	 0.3182 
9.40 	 0.3182 
9.45 	 0.3182 
9.50 	 0.3209 
9.55 	 0.3182 
9.60 	 0.3182 
9.65 	 0.3155 
9.70 	 0.3155 
9.75 	 0.3155 
9.80 	 0.3155 
9.85 	 0.3155 
9.90 	 0.3155 
9.95 	 0.3155 
10.00 	 0.3155 
10.05 	 0.3128 
10.10 	 0.3128 
10.15 	 0.3128 
10.20 	 0.3155 
10.25 	 0.3155 
10.30 	 0.3182 
10.35 	 0.3182 
10.40 	 0.3182 
10.45 	 0.3155 
10.50 	 0.3155 
10.55 	 0.3155 
10.60 	 0.3155 
10.65 	 0.3155 
10.70 	 0.3155 
10.75 	 0.3155 
10.80 	 0.3155 
10.85 	 0.3182 
10.90 	 0.3182 
10.95 	 0.3182 
11.00 	 0.3182 
11.05 	 0.3155 
11.10 	 0.3128 
11.15 	 0.3128 
11.20 	 0.3128 
11.25 	 0.3128 
11.30 	 0.3128 
11.35 	 0.3128 
11.40 	 0.3128 
11.45 	 0.3128 
11.50 	 0.3128 
11.55 	 0.3128 
11.60 	 0.3128 
11.65 	 0.3128 
11.70 	 0.3128 
11.75 	 0.3128 
11.80 	 0.3101 
11.85 	 0.3101 
11.90 	 0.3128 
11.95 	 0.3128 
12.00 	 0.3128 
12.05 	 0.3128 
12.10 	 0.3128 
12.15 	 0.3101 
12.20 	 0.3074 
12.25 	 0.3074 
12.30 	 0.3074 
12.35 	 0.3074 
12.40 	 0.3101 
12.45 	 0.3074 
12.50 	 0.3101 
12.55 	 0.3128 
12.60 	 0.3128 
12.65 	 0.3128 
12.70 	 0.3128 
12.75 	 0.3101 
12.80 	 0.3101 
12.85 	 0.3101 
12.90 	 0.3101 
12.95 	 0.3101 
13.00 	 0.3128 
13.05 	 0.3128 
13.10 	 0.3155 
13.15 	 0.3128 
13.20 	 0.3155 
13.25 	 0.3155 
13.30 	 0.3155 
13.35 	 0.3155 
13.40 	 0.3155 
13.45 	 0.3155 
13.50 	 0.3155 
13.55 	 0.3155 
13.60 	 0.3155 
13.65 	 0.3155 
13.70 	 0.3155 
13.75 	 0.3128 
13.80 	 0.3128 
13.85 	 0.3128 
13.90 	 0.3128 
13.95 	 0.3128 
14.00 	 0.3128 
14.05 	 0.3101 
14.10 	 0.3101 
14.15 	 0.3101 
14.20 	 0.3101 
14.25 	 0.3101 
14.30 	 0.3128 
14.35 	 0.3128 
14.40 	 0.3128 
14.45 	 0.3155 
14.50 	 0.3155 
14.55 	 0.3155 
14.60 	 0.3182 
14.65 	 0.3182 
14.70 	 0.3182 
14.75 	 0.3182 
14.80 	 0.3182 
14.85 	 0.3182 
14.90 	 0.3182 
14.95 	 0.3182 
15.00 	 0.3182 
15.05 	 0.3182 
15.10 	 0.3128 
15.15 	 0.3101 
15.20 	 0.3101 
15.25 	 0.3101 
15.30 	 0.3101 
15.35 	 0.3128 
15.40 	 0.3128 
15.45 	 0.3128 
15.50 	 0.3155 
15.55 	 0.3155 
15.60 	 0.3155 
15.65 	 0.3155 
15.70 	 0.3155 
15.75 	 0.3155 
15.80 	 0.3155 
15.85 	 0.3128 
15.90 	 0.3128 
15.95 	 0.3101 
16.00 	 0.3101 
16.05 	 0.3128 
16.10 	 0.3128 
16.15 	 0.3101 
16.20 	 0.3101 
16.25 	 0.3101 
16.30 	 0.3101 
16.35 	 0.3128 
16.40 	 0.3128 
16.45 	 0.3128 
16.50 	 0.3128 
16.55 	 0.3128 
16.60 	 0.3074 
16.65 	 0.3074 
16.70 	 0.3074 
16.75 	 0.3074 
16.80 	 0.3074 
16.85 	 0.3101 
16.90 	 0.3101 
16.95 	 0.3101 
17.00 	 0.3101 
17.05 	 0.3128 
17.10 	 0.3128 
17.15 	 0.3128 
17.20 	 0.3101 
17.25 	 0.3101 
17.30 	 0.3101 
17.35 	 0.3101 
17.40 	 0.3101 
17.45 	 0.3074 
17.50 	 0.3074 
17.55 	 0.3074 
17.60 	 0.3101 
17.65 	 0.3101 
17.70 	 0.3101 
17.75 	 0.3101 
17.80 	 0.3047 
17.85 	 0.3047 
17.90 	 0.3047 
17.95 	 0.3047 
18.00 	 0.3074 
18.05 	 0.3074 
18.10 	 0.3047 
18.15 	 0.3047 
18.20 	 0.3101 
18.25 	 0.3101 
18.30 	 0.3101 
18.35 	 0.3101 
18.40 	 0.3101 
18.45 	 0.3101 
18.50 	 0.3101 
18.55 	 0.3101 
18.60 	 0.3101 
18.65 	 0.3101 
18.70 	 0.3101 
18.75 	 0.3074 
18.80 	 0.3047 
18.85 	 0.3047 
18.90 	 0.3074 
18.95 	 0.3074 
19.00 	 0.3074 
19.05 	 0.3101 
19.10 	 0.3074 
19.15 	 0.3074 
19.20 	 0.3074 
19.25 	 0.3101 
19.30 	 0.3101 
19.35 	 0.3101 
19.40 	 0.3101 
19.45 	 0.3074 
19.50 	 0.3101 
19.55 	 0.3101 
19.60 	 0.3101 
19.65 	 0.3101 
19.70 	 0.3101 
19.75 	 0.3101 
19.80 	 0.3101 
19.85 	 0.3101 
19.90 	 0.3101 
19.95 	 0.3101 
20.00 	 0.3101 
20.05 	 0.3128 
20.10 	 0.3128 
20.15 	 0.3101 
20.20 	 0.3074 
20.25 	 0.3128 
20.30 	 0.3128 
20.35 	 0.3128 
20.40 	 0.3128 
20.45 	 0.3128 
20.50 	 0.3128 
20.55 	 0.3128 
20.60 	 0.3128 
20.65 	 0.3128 
20.70 	 0.3155 
20.75 	 0.3155 
20.80 	 0.3128 
20.85 	 0.3128 
20.90 	 0.3128 
20.95 	 0.3128 
21.00 	 0.3128 
21.05 	 0.3128 
21.10 	 0.3128 
21.15 	 0.3128 
21.20 	 0.3101 
21.25 	 0.3101 
21.30 	 0.3074 
21.35 	 0.3074 
21.40 	 0.3128 
21.45 	 0.3128 
21.50 	 0.3128 
21.55 	 0.3128 
21.60 	 0.3128 
21.65 	 0.3128 
21.70 	 0.3101 
21.75 	 0.3101 
21.80 	 0.3101 
21.85 	 0.3101 
21.90 	 0.3101 
21.95 	 0.3101 
22.00 	 0.3101 
22.05 	 0.3101 
22.10 	 0.3101 
22.15 	 0.3101 
22.20 	 0.3155 
22.25 	 0.3182 
22.30 	 0.3182 
22.35 	 0.3155 
22.40 	 0.3155 
22.45 	 0.3155 
22.50 	 0.3155 
22.55 	 0.3155 
22.60 	 0.3155 
22.65 	 0.3155 
22.70 	 0.3128 
22.75 	 0.3128 
22.80 	 0.3128 
22.85 	 0.3155 
22.90 	 0.3155 
22.95 	 0.3155 
23.00 	 0.3155 
23.05 	 0.3155 
23.10 	 0.3155 
23.15 	 0.3155 
23.20 	 0.3182 
23.25 	 0.3182 
23.30 	 0.3182 
23.35 	 0.3182 
23.40 	 0.3155 
23.45 	 0.3155 
23.50 	 0.3128 
23.55 	 0.3128 
23.60 	 0.3128 
23.65 	 0.3128 
23.70 	 0.3128 
23.75 	 0.3128 
23.80 	 0.3155 
23.85 	 0.3155 
23.90 	 0.3155 
23.95 	 0.3155 
24.00 	 0.3128 
24.05 	 0.3101 
24.10 	 0.3101 
24.15 	 0.3128 
24.20 	 0.3155 
24.25 	 0.3128 
24.30 	 0.3128 
24.35 	 0.3128 
24.40 	 0.3128 
24.45 	 0.3128 
24.50 	 0.3128 
24.55 	 0.3128 
24.60 	 0.3101 
24.65 	 0.3101 
24.70 	 0.3101 
24.75 	 0.3101 
24.80 	 0.3101 
24.85 	 0.3101 
24.90 	 0.3101 
24.95 	 0.3101 
25.00 	 0.3101 
25.05 	 0.3101 
25.10 	 0.3101 
25.15 	 0.3101 
25.20 	 0.3128 
25.25 	 0.3128 
25.30 	 0.3128 
25.35 	 0.3128 
25.40 	 0.3128 
25.45 	 0.3128 
25.50 	 0.3155 
25.55 	 0.3155 
25.60 	 0.3155 
25.65 	 0.3155 
25.70 	 0.3155 
25.75 	 0.3155 
25.80 	 0.3155 
25.85 	 0.3155 
25.90 	 0.3155 
25.95 	 0.3128 
26.00 	 0.3128 
26.05 	 0.3128 
26.10 	 0.3128 
26.15 	 0.3128 
26.20 	 0.3128 
26.25 	 0.3101 
26.30 	 0.3101 
26.35 	 0.3128 
26.40 	 0.3128 
26.45 	 0.3128 
26.50 	 0.3128 
26.55 	 0.3128 
26.60 	 0.3128 
26.65 	 0.3101 
26.70 	 0.3101 
26.75 	 0.3101 
26.80 	 0.3128 
26.85 	 0.3101 
26.90 	 0.3101 
26.95 	 0.3101 
27.00 	 0.3101 
27.05 	 0.3101 
27.10 	 0.3101 
27.15 	 0.3101 
27.20 	 0.3101 
27.25 	 0.3101 
27.30 	 0.3074 
27.35 	 0.3128 
27.40 	 0.3128 
27.45 	 0.3128 
27.50 	 0.3128 
27.55 	 0.3155 
27.60 	 0.3155 
27.65 	 0.3155 
27.70 	 0.3155 
27.75 	 0.3155 
27.80 	 0.3155 
27.85 	 0.3155 
27.90 	 0.3155 
27.95 	 0.3155 
28.00 	 0.3182 
28.05 	 0.3182 
28.10 	 0.3182 
28.15 	 0.3182 
28.20 	 0.3155 
28.25 	 0.3128 
28.30 	 0.3128 
28.35 	 0.3128 
28.40 	 0.3128 
28.45 	 0.3128 
28.50 	 0.3128 
28.55 	 0.3128 
28.60 	 0.3128 
28.65 	 0.3155 
28.70 	 0.3155 
28.75 	 0.3182 
28.80 	 0.3182 
28.85 	 0.3182 
28.90 	 0.3182 
28.95 	 0.3182 
29.00 	 0.3182 
29.05 	 0.3182 
29.10 	 0.3182 
29.15 	 0.3182 
29.20 	 0.3155 
29.25 	 0.3155 
29.30 	 0.3155 
29.35 	 0.3182 
29.40 	 0.3182 
29.45 	 0.3182 
29.50 	 0.3209 
29.55 	 0.3209 
29.60 	 0.3209 
29.65 	 0.3209 
29.70 	 0.3209 
29.75 	 0.3209 
29.80 	 0.3209 
29.85 	 0.3182 
29.90 	 0.3182 
29.95 	 0.3182 
30.00 	 0.3182 
30.05 	 0.3182 
30.10 	 0.3182 
30.15 	 0.3182 
30.20 	 0.3182 
30.25 	 0.3209 
30.30 	 0.3209 
30.35 	 0.3236 
30.40 	 0.3209 
30.45 	 0.3209 
30.50 	 0.3209 
30.55 	 0.3182 
30.60 	 0.3182 
30.65 	 0.3182 
30.70 	 0.3182 
30.75 	 0.3182 
30.80 	 0.3182 
30.85 	 0.3182 
30.90 	 0.3209 
30.95 	 0.3209 
31.00 	 0.3209 
31.05 	 0.3209 
31.10 	 0.3209 
31.15 	 0.3209 
31.20 	 0.3209 
31.25 	 0.3236 
31.30 	 0.3236 
31.35 	 0.3209 
31.40 	 0.3209 
31.45 	 0.3236 
31.50 	 0.3209 
31.55 	 0.3209 
31.60 	 0.3209 
31.65 	 0.3209 
31.70 	 0.3209 
31.75 	 0.3209 
31.80 	 0.3209 
31.85 	 0.3209 
31.90 	 0.3209 
31.95 	 0.3209 
32.00 	 0.3209 
32.05 	 0.3209 
32.10 	 0.3209 
32.15 	 0.3236 
32.20 	 0.3236 
32.25 	 0.3236 
32.30 	 0.3236 
32.35 	 0.3263 
32.40 	 0.3263 
32.45 	 0.3263 
32.50 	 0.3290 
32.55 	 0.3290 
32.60 	 0.3290 
32.65 	 0.3290 
32.70 	 0.3290 
32.75 	 0.3290 
32.80 	 0.3290 
32.85 	 0.3290 
32.90 	 0.3290 
32.95 	 0.3290 
33.00 	 0.3290 
33.05 	 0.3290 
33.10 	 0.3290 
33.15 	 0.3290 
33.20 	 0.3317 
33.25 	 0.3317 
33.30 	 0.3344 
33.35 	 0.3344 
33.40 	 0.3344 
33.45 	 0.3344 
33.50 	 0.3371 
33.55 	 0.3371 
33.60 	 0.3371 
33.65 	 0.3371 
33.70 	 0.3371 
33.75 	 0.3371 
33.80 	 0.3398 
33.85 	 0.3398 
33.90 	 0.3425 
33.95 	 0.3425 
34.00 	 0.3425 
34.05 	 0.3425 
34.10 	 0.3425 
34.15 	 0.3425 
34.20 	 0.3425 
34.25 	 0.3425 
34.30 	 0.3425 
34.35 	 0.3425 
34.40 	 0.3425 
34.45 	 0.3425 
34.50 	 0.3425 
34.55 	 0.3425 
34.60 	 0.3425 
34.65 	 0.3425 
34.70 	 0.3452 
34.75 	 0.3452 
34.80 	 0.3452 
34.85 	 0.3452 
34.90 	 0.3452 
34.95 	 0.3452 
35.00 	 0.3452 
35.05 	 0.3452 
35.10 	 0.3452 
35.15 	 0.3452 
35.20 	 0.3452 
35.25 	 0.3452 
35.30 	 0.3452 
35.35 	 0.3452 
35.40 	 0.3452 
35.45 	 0.3452 
35.50 	 0.3479 
35.55 	 0.3479 
35.60 	 0.3506 
35.65 	 0.3506 
35.70 	 0.3506 
35.75 	 0.3506 
35.80 	 0.3506 
35.85 	 0.3506 
35.90 	 0.3506 
35.95 	 0.3506 
36.00 	 0.3506 
36.05 	 0.3506 
36.10 	 0.3506 
36.15 	 0.3506 
36.20 	 0.3506 
36.25 	 0.3506 
36.30 	 0.3506 
36.35 	 0.3533 
36.40 	 0.3533 
36.45 	 0.3533 
36.50 	 0.3533 
36.55 	 0.3533 
36.60 	 0.3560 
36.65 	 0.3560 
36.70 	 0.3560 
36.75 	 0.3560 
36.80 	 0.3560 
36.85 	 0.3560 
36.90 	 0.3560 
36.95 	 0.3560 
37.00 	 0.3560 
37.05 	 0.3560 
37.10 	 0.3560 
37.15 	 0.3560 
37.20 	 0.3560 
37.25 	 0.3560 
37.30 	 0.3587 
37.35 	 0.3587 
37.40 	 0.3614 
37.45 	 0.3614 
37.50 	 0.3614 
37.55 	 0.3614 
37.60 	 0.3641 
37.65 	 0.3641 
37.70 	 0.3641 
37.75 	 0.3641 
37.80 	 0.3641 
37.85 	 0.3641 
37.90 	 0.3641 
37.95 	 0.3641 
38.00 	 0.3641 
38.05 	 0.3641 
38.10 	 0.3641 
38.15 	 0.3641 
38.20 	 0.3641 
38.25 	 0.3641 
38.30 	 0.3641 
38.35 	 0.3641 
38.40 	 0.3668 
38.45 	 0.3668 
38.50 	 0.3668 
38.55 	 0.3668 
38.60 	 0.3695 
38.65 	 0.3695 
38.70 	 0.3695 
38.75 	 0.3695 
38.80 	 0.3695 
38.85 	 0.3695 
38.90 	 0.3695 
38.95 	 0.3695 
39.00 	 0.3695 
39.05 	 0.3695 
39.10 	 0.3695 
39.15 	 0.3695 
39.20 	 0.3695 
39.25 	 0.3722 
39.30 	 0.3722 
39.35 	 0.3722 
39.40 	 0.3749 
39.45 	 0.3749 
39.50 	 0.3749 
39.55 	 0.3749 
39.60 	 0.3749 
39.65 	 0.3749 
39.70 	 0.3776 
39.75 	 0.3776 
39.80 	 0.3776 
39.85 	 0.3776 
39.90 	 0.3776 
39.95 	 0.3776 
40.00 	 0.3776 
40.05 	 0.3830 
40.10 	 0.3830 
40.15 	 0.3830 
40.20 	 0.3830 
40.25 	 0.3830 
40.30 	 0.3830 
40.35 	 0.3830 
40.40 	 0.3830 
40.45 	 0.3830 
40.50 	 0.3830 
40.55 	 0.3830 
40.60 	 0.3830 
40.65 	 0.3830 
40.70 	 0.3830 
40.75 	 0.3830 
40.80 	 0.3857 
40.85 	 0.3857 
40.90 	 0.3857 
40.95 	 0.3857 
41.00 	 0.3883 
41.05 	 0.3883 
41.10 	 0.3883 
41.15 	 0.3883 
41.20 	 0.3883 
41.25 	 0.3883 
41.30 	 0.3883 
41.35 	 0.3883 
41.40 	 0.3883 
41.45 	 0.3910 
41.50 	 0.3910 
41.55 	 0.3910 
41.60 	 0.3910 
41.65 	 0.3910 
41.70 	 0.3910 
41.75 	 0.3910 
41.80 	 0.3910 
41.85 	 0.3910 
41.90 	 0.3910 
41.95 	 0.3910 
42.00 	 0.3910 
42.05 	 0.3910 
42.10 	 0.3910 
42.15 	 0.3910 
42.20 	 0.3910 
42.25 	 0.3910 
42.30 	 0.3910 
42.35 	 0.3910 
42.40 	 0.3910 
42.45 	 0.3910 
42.50 	 0.3910 
42.55 	 0.3910 
42.60 	 0.3910 
42.65 	 0.3910 
42.70 	 0.3910 
42.75 	 0.3910 
42.80 	 0.3910 
42.85 	 0.3910 
42.90 	 0.3910 
42.95 	 0.3910 
43.00 	 0.3910 
43.05 	 0.3910 
43.10 	 0.3910 
43.15 	 0.3910 
43.20 	 0.3910 
43.25 	 0.3910 
43.30 	 0.3910 
43.35 	 0.3910 
43.40 	 0.3910 
43.45 	 0.3910 
43.50 	 0.3910 
43.55 	 0.3910 
43.60 	 0.3910 
43.65 	 0.3910 
43.70 	 0.3910 
43.75 	 0.3910 
43.80 	 0.3910 
43.85 	 0.3910 
43.90 	 0.3910 
43.95 	 0.3910 
44.00 	 0.3910 
44.05 	 0.3910 
44.10 	 0.3910 
44.15 	 0.3910 
44.20 	 0.3910 
44.25 	 0.3910 
44.30 	 0.3910 
44.35 	 0.3910 
44.40 	 0.3910 
44.45 	 0.3910 
44.50 	 0.3910 
44.55 	 0.3910 
44.60 	 0.3910 
44.65 	 0.3910 
44.70 	 0.3910 
44.75 	 0.3910 
44.80 	 0.3910 
44.85 	 0.3910 
44.90 	 0.3910 
44.95 	 0.3910 
45.00 	 0.3910 
45.05 	 0.3910 
45.10 	 0.3910 
45.15 	 0.3910 
45.20 	 0.3910 
45.25 	 0.3910 
45.30 	 0.3910 
45.35 	 0.3910 
45.40 	 0.3910 
45.45 	 0.3910 
45.50 	 0.3910 
45.55 	 0.3910 
45.60 	 0.3910 
45.65 	 0.3910 
45.70 	 0.3910 
45.75 	 0.3910 
45.80 	 0.3910 
45.85 	 0.3910 
45.90 	 0.3910 
45.95 	 0.3910 
46.00 	 0.3910 
46.05 	 0.3910 
46.10 	 0.3910 
46.15 	 0.3910 
46.20 	 0.3910 
46.25 	 0.3910 
46.30 	 0.3910 
46.35 	 0.3910 
46.40 	 0.3910 
46.45 	 0.3910 
46.50 	 0.3910 
46.55 	 0.3910 
46.60 	 0.3910 
46.65 	 0.3910 
46.70 	 0.3910 
46.75 	 0.3883 
46.80 	 0.3883 
46.85 	 0.3883 
46.90 	 0.3883 
46.95 	 0.3883 
47.00 	 0.3883 
47.05 	 0.3883 
47.10 	 0.3883 
47.15 	 0.3883 
47.20 	 0.3883 
47.25 	 0.3883 
47.30 	 0.3883 
47.35 	 0.3883 
47.40 	 0.3883 
47.45 	 0.3883 
47.50 	 0.3883 
47.55 	 0.3883 
47.60 	 0.3883 
47.65 	 0.3883 
47.70 	 0.3883 
47.75 	 0.3883 
47.80 	 0.3883 
47.85 	 0.3883 
47.90 	 0.3883 
47.95 	 0.3883 
48.00 	 0.3883 
48.05 	 0.3883 
48.10 	 0.3883 
48.15 	 0.3883 
48.20 	 0.3883 
48.25 	 0.3883 
48.30 	 0.3883 
48.35 	 0.3883 
48.40 	 0.3883 
48.45 	 0.3883 
48.50 	 0.3883 
48.55 	 0.3857 
48.60 	 0.3857 
48.65 	 0.3857 
48.70 	 0.3857 
48.75 	 0.3857 
48.80 	 0.3857 
48.85 	 0.3857 
48.90 	 0.3857 
48.95 	 0.3857 
49.00 	 0.3857 
49.05 	 0.3857 
49.10 	 0.3857 
49.15 	 0.3830 
49.20 	 0.3830 
49.25 	 0.3830 
49.30 	 0.3830 
49.35 	 0.3830 
49.40 	 0.3830 
49.45 	 0.3830 
49.50 	 0.3830 
49.55 	 0.3830 
49.60 	 0.3830 
49.65 	 0.3830 
49.70 	 0.3830 
49.75 	 0.3830 
49.80 	 0.3830 
49.85 	 0.3830 
49.90 	 0.3830 
49.95 	 0.3803 
50.00 	 0.3803 
50.05 	 0.3803 
50.10 	 0.3803 
50.15 	 0.3803 
50.20 	 0.3803 
50.25 	 0.3803 
50.30 	 0.3803 
50.35 	 0.3803 
50.40 	 0.3803 
50.45 	 0.3803 
50.50 	 0.3803 
50.55 	 0.3803 
50.60 	 0.3803 
50.65 	 0.3803 
50.70 	 0.3803 
50.75 	 0.3776 
50.80 	 0.3776 
50.85 	 0.3776 
50.90 	 0.3776 
50.95 	 0.3776 
51.00 	 0.3776 
51.05 	 0.3776 
51.10 	 0.3776 
51.15 	 0.3803 
51.20 	 0.3803 
51.25 	 0.3776 
51.30 	 0.3776 
51.35 	 0.3776 
51.40 	 0.3776 
51.45 	 0.3776 
51.50 	 0.3776 
51.55 	 0.3776 
51.60 	 0.3776 
51.65 	 0.3776 
51.70 	 0.3776 
51.75 	 0.3776 
51.80 	 0.3776 
51.85 	 0.3776 
51.90 	 0.3776 
51.95 	 0.3776 
52.00 	 0.3749 
52.05 	 0.3749 
52.10 	 0.3749 
52.15 	 0.3749 
52.20 	 0.3749 
52.25 	 0.3749 
52.30 	 0.3749 
52.35 	 0.3749 
52.40 	 0.3749 
52.45 	 0.3722 
52.50 	 0.3722 
52.55 	 0.3749 
52.60 	 0.3749 
52.65 	 0.3749 
52.70 	 0.3749 
52.75 	 0.3749 
52.80 	 0.3749 
52.85 	 0.3749 
52.90 	 0.3749 
52.95 	 0.3749 
53.00 	 0.3749 
53.05 	 0.3749 
53.10 	 0.3722 
53.15 	 0.3722 
53.20 	 0.3722 
53.25 	 0.3722 
53.30 	 0.3722 
53.35 	 0.3695 
53.40 	 0.3695 
53.45 	 0.3695 
53.50 	 0.3695 
53.55 	 0.3695 
53.60 	 0.3695 
53.65 	 0.3695 
53.70 	 0.3695 
53.75 	 0.3695 
53.80 	 0.3695 
53.85 	 0.3722 
53.90 	 0.3722 
53.95 	 0.3722 
54.00 	 0.3722 
54.05 	 0.3722 
54.10 	 0.3722 
54.15 	 0.3722 
54.20 	 0.3722 
54.25 	 0.3722 
54.30 	 0.3722 
54.35 	 0.3695 
54.40 	 0.3695 
54.45 	 0.3695 
54.50 	 0.3695 
54.55 	 0.3695 
54.60 	 0.3668 
54.65 	 0.3668 
54.70 	 0.3668 
54.75 	 0.3668 
54.80 	 0.3668 
54.85 	 0.3668 
54.90 	 0.3668 
54.95 	 0.3668 
55.00 	 0.3668 
55.05 	 0.3668 
55.10 	 0.3695 
55.15 	 0.3695 
55.20 	 0.3695 
55.25 	 0.3695 
55.30 	 0.3695 
55.35 	 0.3695 
55.40 	 0.3695 
55.45 	 0.3668 
55.50 	 0.3641 
55.55 	 0.3641 
55.60 	 0.3641 
55.65 	 0.3641 
55.70 	 0.3614 
55.75 	 0.3614 
55.80 	 0.3614 
55.85 	 0.3614 
55.90 	 0.3614 
55.95 	 0.3614 
56.00 	 0.3614 
56.05 	 0.3614 
56.10 	 0.3614 
56.15 	 0.3614 
56.20 	 0.3614 
56.25 	 0.3614 
56.30 	 0.3641 
56.35 	 0.3641 
56.40 	 0.3641 
56.45 	 0.3641 
56.50 	 0.3641 
56.55 	 0.3641 
56.60 	 0.3614 
56.65 	 0.3614 
56.70 	 0.3614 
56.75 	 0.3614 
56.80 	 0.3614 
56.85 	 0.3614 
56.90 	 0.3614 
56.95 	 0.3614 
57.00 	 0.3614 
57.05 	 0.3614 
57.10 	 0.3614 
57.15 	 0.3614 
57.20 	 0.3587 
57.25 	 0.3587 
57.30 	 0.3587 
57.35 	 0.3587 
57.40 	 0.3614 
57.45 	 0.3614 
57.50 	 0.3614 
57.55 	 0.3614 
57.60 	 0.3614 
57.65 	 0.3614 
57.70 	 0.3587 
57.75 	 0.3587 
57.80 	 0.3587 
57.85 	 0.3560 
57.90 	 0.3560 
57.95 	 0.3560 
58.00 	 0.3560 
58.05 	 0.3560 
58.10 	 0.3560 
58.15 	 0.3560 
58.20 	 0.3560 
58.25 	 0.3560 
58.30 	 0.3560 
58.35 	 0.3560 
58.40 	 0.3560 
58.45 	 0.3560 
58.50 	 0.3560 
58.55 	 0.3587 
58.60 	 0.3560 
58.65 	 0.3560 
58.70 	 0.3560 
58.75 	 0.3533 
58.80 	 0.3533 
58.85 	 0.3533 
58.90 	 0.3533 
58.95 	 0.3533 
59.00 	 0.3533 
59.05 	 0.3533 
59.10 	 0.3533 
59.15 	 0.3533 
59.20 	 0.3533 
59.25 	 0.3533 
59.30 	 0.3533 
59.35 	 0.3533 
59.40 	 0.3533 
59.45 	 0.3506 
59.50 	 0.3506 
59.55 	 0.3506 
59.60 	 0.3533 
59.65 	 0.3533 
59.70 	 0.3533 
59.75 	 0.3533 
59.80 	 0.3533 
59.85 	 0.3506 
59.90 	 0.3506 
59.95 	 0.3506 
60.00 	 0.3506 
60.05 	 0.3506 
60.10 	 0.3506 
60.15 	 0.3506 
60.20 	 0.3506 
60.25 	 0.3506 
60.30 	 0.3506 
60.35 	 0.3533 
60.40 	 0.3533 
60.45 	 0.3533 
60.50 	 0.3533 
60.55 	 0.3533 
60.60 	 0.3533 
60.65 	 0.3533 
60.70 	 0.3533 
60.75 	 0.3506 
60.80 	 0.3506 
60.85 	 0.3506 
60.90 	 0.3506 
60.95 	 0.3479 
61.00 	 0.3479 
61.05 	 0.3452 
61.10 	 0.3479 
61.15 	 0.3479 
61.20 	 0.3479 
61.25 	 0.3479 
61.30 	 0.3479 
61.35 	 0.3479 
61.40 	 0.3479 
61.45 	 0.3479 
61.50 	 0.3479 
61.55 	 0.3479 
61.60 	 0.3479 
61.65 	 0.3479 
61.70 	 0.3479 
61.75 	 0.3452 
61.80 	 0.3452 
61.85 	 0.3452 
61.90 	 0.3452 
61.95 	 0.3452 
62.00 	 0.3452 
62.05 	 0.3452 
62.10 	 0.3452 
62.15 	 0.3452 
62.20 	 0.3425 
62.25 	 0.3425 
62.30 	 0.3452 
62.35 	 0.3452 
62.40 	 0.3452 
62.45 	 0.3452 
62.50 	 0.3452 
62.55 	 0.3452 
62.60 	 0.3452 
62.65 	 0.3452 
62.70 	 0.3479 
62.75 	 0.3479 
62.80 	 0.3452 
62.85 	 0.3452 
62.90 	 0.3452 
62.95 	 0.3452 
63.00 	 0.3452 
63.05 	 0.3425 
63.10 	 0.3425 
63.15 	 0.3425 
63.20 	 0.3425 
63.25 	 0.3425 
63.30 	 0.3425 
63.35 	 0.3425 
63.40 	 0.3425 
63.45 	 0.3425 
63.50 	 0.3452 
63.55 	 0.3452 
63.60 	 0.3452 
63.65 	 0.3452 
63.70 	 0.3452 
63.75 	 0.3479 
63.80 	 0.3479 
63.85 	 0.3452 
63.90 	 0.3452 
63.95 	 0.3452 
64.00 	 0.3452 
64.05 	 0.3452 
64.10 	 0.3452 
64.15 	 0.3452 
64.20 	 0.3452 
64.25 	 0.3452 
64.30 	 0.3425 
64.35 	 0.3398 
64.40 	 0.3425 
64.45 	 0.3425 
64.50 	 0.3425 
64.55 	 0.3425 
64.60 	 0.3452 
64.65 	 0.3452 
64.70 	 0.3452 
64.75 	 0.3452 
64.80 	 0.3452 
64.85 	 0.3452 
64.90 	 0.3452 
64.95 	 0.3425 
65.00 	 0.3425 
65.05 	 0.3425 
65.10 	 0.3452 
65.15 	 0.3452 
65.20 	 0.3425 
65.25 	 0.3425 
65.30 	 0.3425 
65.35 	 0.3398 
65.40 	 0.3398 
65.45 	 0.3398 
65.50 	 0.3398 
65.55 	 0.3398 
65.60 	 0.3398 
65.65 	 0.3425 
65.70 	 0.3452 
65.75 	 0.3452 
65.80 	 0.3452 
65.85 	 0.3452 
65.90 	 0.3452 
65.95 	 0.3425 
66.00 	 0.3425 
66.05 	 0.3425 
66.10 	 0.3398 
66.15 	 0.3398 
66.20 	 0.3398 
66.25 	 0.3371 
66.30 	 0.3371 
66.35 	 0.3371 
66.40 	 0.3371 
66.45 	 0.3398 
66.50 	 0.3398 
66.55 	 0.3371 
66.60 	 0.3371 
66.65 	 0.3371 
66.70 	 0.3398 
66.75 	 0.3398 
66.80 	 0.3425 
66.85 	 0.3425 
66.90 	 0.3425 
66.95 	 0.3425 
67.00 	 0.3425 
67.05 	 0.3425 
67.10 	 0.3425 
67.15 	 0.3425 
67.20 	 0.3425 
67.25 	 0.3425 
67.30 	 0.3425 
67.35 	 0.3425 
67.40 	 0.3425 
67.45 	 0.3398 
67.50 	 0.3425 
67.55 	 0.3425 
67.60 	 0.3425 
67.65 	 0.3425 
67.70 	 0.3425 
67.75 	 0.3425 
67.80 	 0.3425 
67.85 	 0.3425 
67.90 	 0.3425 
67.95 	 0.3425 
68.00 	 0.3425 
68.05 	 0.3425 
68.10 	 0.3398 
68.15 	 0.3398 
68.20 	 0.3398 
68.25 	 0.3371 
68.30 	 0.3371 
68.35 	 0.3371 
68.40 	 0.3371 
68.45 	 0.3371 
68.50 	 0.3371 
68.55 	 0.3371 
68.60 	 0.3371 
68.65 	 0.3398 
68.70 	 0.3398 
68.75 	 0.3425 
68.80 	 0.3425 
68.85 	 0.3425 
68.90 	 0.3398 
68.95 	 0.3398 
69.00 	 0.3398 
69.05 	 0.3398 
69.10 	 0.3398 
69.15 	 0.3398 
69.20 	 0.3398 
69.25 	 0.3425 
69.30 	 0.3398 
69.35 	 0.3398 
69.40 	 0.3398 
69.45 	 0.3398 
69.50 	 0.3371 
69.55 	 0.3371 
69.60 	 0.3371 
69.65 	 0.3398 
69.70 	 0.3398 
69.75 	 0.3398 
69.80 	 0.3398 
69.85 	 0.3398 
69.90 	 0.3398 
69.95 	 0.3398 
70.00 	 0.3425 
70.05 	 0.3425 
70.10 	 0.3425 
70.15 	 0.3425 
70.20 	 0.3398 
70.25 	 0.3398 
70.30 	 0.3371 
70.35 	 0.3371 
70.40 	 0.3371 
70.45 	 0.3371 
70.50 	 0.3371 
70.55 	 0.3398 
70.60 	 0.3398 
70.65 	 0.3398 
70.70 	 0.3398 
70.75 	 0.3398 
70.80 	 0.3398 
70.85 	 0.3371 
70.90 	 0.3398 
70.95 	 0.3398 
71.00 	 0.3398 
71.05 	 0.3425 
71.10 	 0.3425 
71.15 	 0.3425 
71.20 	 0.3452 
71.25 	 0.3452 
71.30 	 0.3425 
71.35 	 0.3425 
71.40 	 0.3425 
71.45 	 0.3425 
71.50 	 0.3425 
71.55 	 0.3425 
71.60 	 0.3425 
71.65 	 0.3452 
71.70 	 0.3452 
71.75 	 0.3452 
71.80 	 0.3452 
71.85 	 0.3452 
71.90 	 0.3425 
71.95 	 0.3425 
72.00 	 0.3452 
72.05 	 0.3452 
72.10 	 0.3452 
72.15 	 0.3452 
72.20 	 0.3452 
72.25 	 0.3452 
72.30 	 0.3452 
72.35 	 0.3452 
72.40 	 0.3425 
72.45 	 0.3452 
72.50 	 0.3452 
72.55 	 0.3425 
72.60 	 0.3425 
72.65 	 0.3425 
72.70 	 0.3452 
72.75 	 0.3452 
72.80 	 0.3452 
72.85 	 0.3452 
72.90 	 0.3452 
72.95 	 0.3452 
73.00 	 0.3452 
73.05 	 0.3452 
73.10 	 0.3425 
73.15 	 0.3425 
73.20 	 0.3398 
73.25 	 0.3398 
73.30 	 0.3398 
73.35 	 0.3398 
73.40 	 0.3398 
73.45 	 0.3398 
73.50 	 0.3398 
73.55 	 0.3398 
73.60 	 0.3452 
73.65 	 0.3452 
73.70 	 0.3452 
73.75 	 0.3452 
73.80 	 0.3452 
73.85 	 0.3452 
73.90 	 0.3479 
73.95 	 0.3479 
74.00 	 0.3479 
74.05 	 0.3479 
74.10 	 0.3479 
74.15 	 0.3479 
74.20 	 0.3479 
74.25 	 0.3479 
74.30 	 0.3452 
74.35 	 0.3452 
74.40 	 0.3452 
74.45 	 0.3425 
74.50 	 0.3425 
74.55 	 0.3452 
74.60 	 0.3425 
74.65 	 0.3425 
74.70 	 0.3425 
74.75 	 0.3425 
74.80 	 0.3425 
74.85 	 0.3425 
74.90 	 0.3425 
74.95 	 0.3425 
75.00 	 0.3452 
75.05 	 0.3452 
75.10 	 0.3452 
75.15 	 0.3452 
75.20 	 0.3452 
75.25 	 0.3452 
75.30 	 0.3452 
75.35 	 0.3425 
75.40 	 0.3452 
75.45 	 0.3452 
75.50 	 0.3425 
75.55 	 0.3425 
75.60 	 0.3425 
75.65 	 0.3425 
75.70 	 0.3425 
75.75 	 0.3425 
75.80 	 0.3425 
75.85 	 0.3425 
75.90 	 0.3425 
75.95 	 0.3425 
76.00 	 0.3425 
76.05 	 0.3398 
76.10 	 0.3398 
76.15 	 0.3398 
76.20 	 0.3398 
76.25 	 0.3398 
76.30 	 0.3398 
76.35 	 0.3371 
76.40 	 0.3371 
76.45 	 0.3371 
76.50 	 0.3371 
76.55 	 0.3371 
76.60 	 0.3371 
76.65 	 0.3371 
76.70 	 0.3371 
76.75 	 0.3371 
76.80 	 0.3371 
76.85 	 0.3344 
76.90 	 0.3344 
76.95 	 0.3344 
77.00 	 0.3344 
77.05 	 0.3317 
77.10 	 0.3317 
77.15 	 0.3317 
77.20 	 0.3317 
77.25 	 0.3317 
77.30 	 0.3317 
77.35 	 0.3317 
77.40 	 0.3317 
77.45 	 0.3317 
77.50 	 0.3317 
77.55 	 0.3317 
77.60 	 0.3290 
77.65 	 0.3290 
77.70 	 0.3290 
77.75 	 0.3290 
77.80 	 0.3290 
77.85 	 0.3290 
77.90 	 0.3290 
77.95 	 0.3290 
78.00 	 0.3263 
78.05 	 0.3263 
78.10 	 0.3263 
78.15 	 0.3263 
78.20 	 0.3209 
78.25 	 0.3209 
78.30 	 0.3209 
78.35 	 0.3209 
78.40 	 0.3209 
78.45 	 0.3209 
78.50 	 0.3209 
78.55 	 0.3209 
78.60 	 0.3209 
78.65 	 0.3209 
78.70 	 0.3209 
78.75 	 0.3209 
78.80 	 0.3209 
78.85 	 0.3209 
78.90 	 0.3182 
78.95 	 0.3182 
79.00 	 0.3182 
79.05 	 0.3155 
79.10 	 0.3155 
79.15 	 0.3155 
79.20 	 0.3155 
79.25 	 0.3128 
79.30 	 0.3128 
79.35 	 0.3128 
79.40 	 0.3128 
79.45 	 0.3128 
79.50 	 0.3101 
79.55 	 0.3101 
79.60 	 0.3101 
79.65 	 0.3101 
79.70 	 0.3101 
79.75 	 0.3101 
79.80 	 0.3101 
79.85 	 0.3101 
79.90 	 0.3101 
79.95 	 0.3101 
80.00 	 0.3101 
80.05 	 0.3074 
80.10 	 0.3074 
80.15 	 0.3074 
80.20 	 0.3074 
80.25 	 0.3020 
80.30 	 0.3020 
80.35 	 0.3020 
80.40 	 0.3020 
80.45 	 0.3020 
80.50 	 0.3020 
80.55 	 0.3020 
80.60 	 0.3020 
80.65 	 0.3020 
80.70 	 0.2994 
80.75 	 0.2994 
80.80 	 0.2994 
80.85 	 0.2994 
80.90 	 0.2994 
80.95 	 0.2994 
81.00 	 0.2994 
81.05 	 0.2994 
81.10 	 0.2994 
81.15 	 0.2994 
81.20 	 0.2994 
81.25 	 0.2994 
81.30 	 0.2994 
81.35 	 0.2994 
81.40 	 0.2940 
81.45 	 0.2940 
81.50 	 0.2940 
81.55 	 0.2940 
81.60 	 0.2940 
81.65 	 0.2940 
81.70 	 0.2940 
81.75 	 0.2940 
81.80 	 0.2940 
81.85 	 0.2940 
81.90 	 0.2940 
81.95 	 0.2940 
82.00 	 0.2940 
82.05 	 0.2940 
82.10 	 0.2940 
82.15 	 0.2940 
82.20 	 0.2886 
82.25 	 0.2859 
82.30 	 0.2859 
82.35 	 0.2859 
82.40 	 0.2859 
82.45 	 0.2859 
82.50 	 0.2859 
82.55 	 0.2859 
82.60 	 0.2859 
82.65 	 0.2859 
82.70 	 0.2859 
82.75 	 0.2859 
82.80 	 0.2859 
82.85 	 0.2832 
82.90 	 0.2832 
82.95 	 0.2832 
83.00 	 0.2832 
83.05 	 0.2805 
83.10 	 0.2805 
83.15 	 0.2805 
83.20 	 0.2778 
83.25 	 0.2778 
83.30 	 0.2778 
83.35 	 0.2778 
83.40 	 0.2778 
83.45 	 0.2778 
83.50 	 0.2778 
83.55 	 0.2778 
83.60 	 0.2778 
83.65 	 0.2778 
83.70 	 0.2778 
83.75 	 0.2778 
83.80 	 0.2751 
83.85 	 0.2751 
83.90 	 0.2751 
83.95 	 0.2751 
84.00 	 0.2751 
84.05 	 0.2751 
84.10 	 0.2751 
84.15 	 0.2724 
84.20 	 0.2697 
84.25 	 0.2697 
84.30 	 0.2697 
84.35 	 0.2697 
84.40 	 0.2697 
84.45 	 0.2724 
84.50 	 0.2724 
84.55 	 0.2724 
84.60 	 0.2724 
84.65 	 0.2724 
84.70 	 0.2724 
84.75 	 0.2724 
84.80 	 0.2724 
84.85 	 0.2724 
84.90 	 0.2724 
84.95 	 0.2724 
85.00 	 0.2724 
85.05 	 0.2724 
85.10 	 0.2724 
85.15 	 0.2724 
85.20 	 0.2697 
85.25 	 0.2670 
85.30 	 0.2670 
85.35 	 0.2670 
85.40 	 0.2670 
85.45 	 0.2670 
85.50 	 0.2643 
85.55 	 0.2643 
85.60 	 0.2643 
85.65 	 0.2643 
85.70 	 0.2643 
85.75 	 0.2643 
85.80 	 0.2643 
85.85 	 0.2643 
85.90 	 0.2643 
85.95 	 0.2643 
86.00 	 0.2643 
86.05 	 0.2643 
86.10 	 0.2643 
86.15 	 0.2670 
86.20 	 0.2670 
86.25 	 0.2670 
86.30 	 0.2643 
86.35 	 0.2643 
86.40 	 0.2643 
86.45 	 0.2643 
86.50 	 0.2643 
86.55 	 0.2643 
86.60 	 0.2643 
86.65 	 0.2643 
86.70 	 0.2643 
86.75 	 0.2643 
86.80 	 0.2616 
86.85 	 0.2616 
86.90 	 0.2616 
86.95 	 0.2616 
87.00 	 0.2616 
87.05 	 0.2616 
87.10 	 0.2616 
87.15 	 0.2616 
87.20 	 0.2616 
87.25 	 0.2616 
87.30 	 0.2616 
87.35 	 0.2562 
87.40 	 0.2562 
87.45 	 0.2562 
87.50 	 0.2562 
87.55 	 0.2535 
87.60 	 0.2535 
87.65 	 0.2535 
87.70 	 0.2562 
87.75 	 0.2562 
87.80 	 0.2562 
87.85 	 0.2562 
87.90 	 0.2562 
87.95 	 0.2589 
88.00 	 0.2562 
88.05 	 0.2562 
88.10 	 0.2562 
88.15 	 0.2562 
88.20 	 0.2562 
88.25 	 0.2562 
88.30 	 0.2535 
88.35 	 0.2535 
88.40 	 0.2535 
88.45 	 0.2535 
88.50 	 0.2535 
88.55 	 0.2535 
88.60 	 0.2535 
88.65 	 0.2508 
88.70 	 0.2508 
88.75 	 0.2481 
88.80 	 0.2481 
88.85 	 0.2481 
88.90 	 0.2481 
88.95 	 0.2481 
89.00 	 0.2508 
89.05 	 0.2508 
89.10 	 0.2508 
89.15 	 0.2508 
89.20 	 0.2508 
89.25 	 0.2508 
89.30 	 0.2508 
89.35 	 0.2481 
89.40 	 0.2481 
89.45 	 0.2481 
89.50 	 0.2454 
89.55 	 0.2454 
89.60 	 0.2454 
89.65 	 0.2454 
89.70 	 0.2454 
89.75 	 0.2454 
89.80 	 0.2454 
89.85 	 0.2454 
89.90 	 0.2454 
89.95 	 0.2454 
90.00 	 0.2427 
90.05 	 0.2427 
90.10 	 0.2427 
90.15 	 0.2427 
90.20 	 0.2454 
90.25 	 0.2427 
90.30 	 0.2427 
90.35 	 0.2400 
90.40 	 0.2400 
90.45 	 0.2400 
90.50 	 0.2400 
90.55 	 0.2400 
90.60 	 0.2427 
90.65 	 0.2427 
90.70 	 0.2427 
90.75 	 0.2427 
90.80 	 0.2427 
90.85 	 0.2427 
90.90 	 0.2400 
90.95 	 0.2400 
91.00 	 0.2400 
91.05 	 0.2400 
91.10 	 0.2400 
91.15 	 0.2427 
91.20 	 0.2427 
91.25 	 0.2400 
91.30 	 0.2400 
91.35 	 0.2400 
91.40 	 0.2400 
91.45 	 0.2373 
91.50 	 0.2373 
91.55 	 0.2373 
91.60 	 0.2373 
91.65 	 0.2373 
91.70 	 0.2373 
91.75 	 0.2373 
91.80 	 0.2373 
91.85 	 0.2400 
91.90 	 0.2400 
91.95 	 0.2400 
92.00 	 0.2400 
92.05 	 0.2400 
92.10 	 0.2427 
92.15 	 0.2400 
92.20 	 0.2400 
92.25 	 0.2400 
92.30 	 0.2400 
92.35 	 0.2373 
92.40 	 0.2373 
92.45 	 0.2373 
92.50 	 0.2346 
92.55 	 0.2346 
92.60 	 0.2346 
92.65 	 0.2346 
92.70 	 0.2346 
92.75 	 0.2400 
92.80 	 0.2400 
92.85 	 0.2400 
92.90 	 0.2400 
92.95 	 0.2400 
93.00 	 0.2400 
93.05 	 0.2400 
93.10 	 0.2400 
93.15 	 0.2400 
93.20 	 0.2373 
93.25 	 0.2373 
93.30 	 0.2346 
93.35 	 0.2373 
93.40 	 0.2373 
93.45 	 0.2373 
93.50 	 0.2346 
93.55 	 0.2346 
93.60 	 0.2346 
93.65 	 0.2346 
93.70 	 0.2373 
93.75 	 0.2373 
93.80 	 0.2346 
93.85 	 0.2346 
93.90 	 0.2319 
93.95 	 0.2319 
94.00 	 0.2319 
94.05 	 0.2319 
94.10 	 0.2319 
94.15 	 0.2319 
94.20 	 0.2319 
94.25 	 0.2319 
94.30 	 0.2346 
94.35 	 0.2346 
94.40 	 0.2346 
94.45 	 0.2373 
94.50 	 0.2373 
94.55 	 0.2373 
94.60 	 0.2373 
94.65 	 0.2400 
94.70 	 0.2373 
94.75 	 0.2373 
94.80 	 0.2373 
94.85 	 0.2373 
94.90 	 0.2373 
94.95 	 0.2373 
95.00 	 0.2373 
95.05 	 0.2373 
95.10 	 0.2373 
95.15 	 0.2373 
95.20 	 0.2373 
95.25 	 0.2373 
95.30 	 0.2373 
95.35 	 0.2373 
95.40 	 0.2373 
95.45 	 0.2373 
95.50 	 0.2400 
95.55 	 0.2400 
95.60 	 0.2373 
95.65 	 0.2373 
95.70 	 0.2373 
95.75 	 0.2373 
95.80 	 0.2373 
95.85 	 0.2373 
95.90 	 0.2400 
95.95 	 0.2400 
96.00 	 0.2400 
96.05 	 0.2400 
96.10 	 0.2400 
96.15 	 0.2400 
96.20 	 0.2400 
96.25 	 0.2400 
96.30 	 0.2400 
96.35 	 0.2373 
96.40 	 0.2373 
96.45 	 0.2373 
96.50 	 0.2373 
96.55 	 0.2373 
96.60 	 0.2400 
96.65 	 0.2400 
96.70 	 0.2400 
96.75 	 0.2427 
96.80 	 0.2427 
96.85 	 0.2427 
96.90 	 0.2427 
96.95 	 0.2427 
97.00 	 0.2427 
97.05 	 0.2427 
97.10 	 0.2427 
97.15 	 0.2427 
97.20 	 0.2427 
97.25 	 0.2427 
97.30 	 0.2400 
97.35 	 0.2400 
97.40 	 0.2373 
97.45 	 0.2373 
97.50 	 0.2373 
97.55 	 0.2400 
97.60 	 0.2373 
97.65 	 0.2400 
97.70 	 0.2400 
97.75 	 0.2400 
97.80 	 0.2400 
97.85 	 0.2400 
97.90 	 0.2400 
97.95 	 0.2427 
98.00 	 0.2427 
98.05 	 0.2427 
98.10 	 0.2427 
98.15 	 0.2427 
98.20 	 0.2427 
98.25 	 0.2427 
98.30 	 0.2427 
98.35 	 0.2427 
98.40 	 0.2400 
98.45 	 0.2400 
98.50 	 0.2400 
98.55 	 0.2400 
98.60 	 0.2373 
98.65 	 0.2373 
98.70 	 0.2400 
98.75 	 0.2400 
98.80 	 0.2400 
98.85 	 0.2427 
98.90 	 0.2427 
98.95 	 0.2427 
99.00 	 0.2427 
99.05 	 0.2427 
99.10 	 0.2454 
99.15 	 0.2454 
99.20 	 0.2454 
99.25 	 0.2427 
99.30 	 0.2454 
99.35 	 0.2454 
99.40 	 0.2427 
99.45 	 0.2427 
99.50 	 0.2427 
99.55 	 0.2427 
99.60 	 0.2427 
99.65 	 0.2427 
99.70 	 0.2400 
99.75 	 0.2400 
99.80 	 0.2400 
99.85 	 0.2427 
99.90 	 0.2427 
99.95 	 0.2454 
100.00 	 0.2454 
100.05 	 0.2400 
100.10 	 0.2400 
100.15 	 0.2400 
100.20 	 0.2400 
100.25 	 0.2400 
100.30 	 0.2400 
100.35 	 0.2400 
100.40 	 0.2400 
100.45 	 0.2400 
100.50 	 0.2400 
100.55 	 0.2400 
100.60 	 0.2427 
100.65 	 0.2427 
100.70 	 0.2427 
100.75 	 0.2427 
100.80 	 0.2400 
100.85 	 0.2427 
100.90 	 0.2454 
100.95 	 0.2454 
101.00 	 0.2427 
101.05 	 0.2427 
101.10 	 0.2427 
101.15 	 0.2427 
101.20 	 0.2427 
101.25 	 0.2427 
101.30 	 0.2427 
101.35 	 0.2427 
101.40 	 0.2427 
101.45 	 0.2400 
101.50 	 0.2400 
101.55 	 0.2400 
101.60 	 0.2400 
101.65 	 0.2427 
101.70 	 0.2427 
101.75 	 0.2454 
101.80 	 0.2454 
101.85 	 0.2454 
101.90 	 0.2481 
101.95 	 0.2481 
102.00 	 0.2481 
102.05 	 0.2481 
102.10 	 0.2481 
102.15 	 0.2481 
102.20 	 0.2481 
102.25 	 0.2481 
102.30 	 0.2481 
102.35 	 0.2481 
102.40 	 0.2481 
102.45 	 0.2481 
102.50 	 0.2481 
102.55 	 0.2508 
102.60 	 0.2508 
102.65 	 0.2535 
102.70 	 0.2562 
102.75 	 0.2562 
102.80 	 0.2562 
102.85 	 0.2562 
102.90 	 0.2562 
102.95 	 0.2562 
103.00 	 0.2562 
103.05 	 0.2562 
103.10 	 0.2562 
103.15 	 0.2562 
103.20 	 0.2562 
103.25 	 0.2562 
103.30 	 0.2589 
103.35 	 0.2589 
103.40 	 0.2589 
103.45 	 0.2589 
103.50 	 0.2589 
103.55 	 0.2589 
103.60 	 0.2589 
103.65 	 0.2589 
103.70 	 0.2589 
103.75 	 0.2616 
103.80 	 0.2616 
103.85 	 0.2616 
103.90 	 0.2616 
103.95 	 0.2616 
104.00 	 0.2643 
104.05 	 0.2643 
104.10 	 0.2643 
104.15 	 0.2670 
104.20 	 0.2670 
104.25 	 0.2670 
104.30 	 0.2670 
104.35 	 0.2697 
104.40 	 0.2697 
104.45 	 0.2697 
104.50 	 0.2697 
104.55 	 0.2697 
104.60 	 0.2697 
104.65 	 0.2697 
104.70 	 0.2697 
104.75 	 0.2697 
104.80 	 0.2697 
104.85 	 0.2697 
104.90 	 0.2697 
104.95 	 0.2697 
105.00 	 0.2724 
105.05 	 0.2751 
105.10 	 0.2751 
105.15 	 0.2751 
105.20 	 0.2751 
105.25 	 0.2751 
105.30 	 0.2751 
105.35 	 0.2751 
105.40 	 0.2751 
105.45 	 0.2751 
105.50 	 0.2751 
105.55 	 0.2751 
105.60 	 0.2778 
105.65 	 0.2778 
105.70 	 0.2778 
105.75 	 0.2778 
105.80 	 0.2778 
105.85 	 0.2778 
105.90 	 0.2778 
105.95 	 0.2778 
106.00 	 0.2778 
106.05 	 0.2778 
106.10 	 0.2778 
106.15 	 0.2778 
106.20 	 0.2778 
106.25 	 0.2778 
106.30 	 0.2778 
106.35 	 0.2778 
106.40 	 0.2778 
106.45 	 0.2778 
106.50 	 0.2778 
106.55 	 0.2805 
106.60 	 0.2805 
106.65 	 0.2805 
106.70 	 0.2832 
106.75 	 0.2859 
106.80 	 0.2859 
106.85 	 0.2859 
106.90 	 0.2859 
106.95 	 0.2859 
107.00 	 0.2859 
107.05 	 0.2859 
107.10 	 0.2859 
107.15 	 0.2859 
107.20 	 0.2859 
107.25 	 0.2859 
107.30 	 0.2859 
107.35 	 0.2859 
107.40 	 0.2859 
107.45 	 0.2859 
107.50 	 0.2886 
107.55 	 0.2886 
107.60 	 0.2886 
107.65 	 0.2913 
107.70 	 0.2913 
107.75 	 0.2940 
107.80 	 0.2940 
107.85 	 0.2940 
107.90 	 0.2940 
107.95 	 0.2940 
108.00 	 0.2940 
108.05 	 0.2940 
108.10 	 0.2940 
108.15 	 0.2940 
108.20 	 0.2940 
108.25 	 0.2940 
108.30 	 0.2940 
108.35 	 0.2940 
108.40 	 0.2940 
108.45 	 0.2940 
108.50 	 0.2940 
108.55 	 0.2940 
108.60 	 0.2940 
108.65 	 0.2940 
108.70 	 0.2967 
108.75 	 0.2967 
108.80 	 0.2967 
108.85 	 0.2967 
108.90 	 0.2967 
108.95 	 0.2967 
109.00 	 0.2967 
109.05 	 0.2967 
109.10 	 0.2994 
109.15 	 0.2994 
109.20 	 0.2994 
109.25 	 0.2994 
109.30 	 0.2994 
109.35 	 0.2994 
109.40 	 0.2994 
109.45 	 0.3020 
109.50 	 0.3020 
109.55 	 0.3020 
109.60 	 0.3020 
109.65 	 0.3020 
109.70 	 0.3047 
109.75 	 0.3047 
109.80 	 0.3047 
109.85 	 0.3074 
109.90 	 0.3074 
109.95 	 0.3074 
110.00 	 0.3074 
110.05 	 0.3074 
110.10 	 0.3074 
110.15 	 0.3101 
110.20 	 0.3101 
110.25 	 0.3101 
110.30 	 0.3101 
110.35 	 0.3101 
110.40 	 0.3101 
110.45 	 0.3101 
110.50 	 0.3101 
110.55 	 0.3101 
110.60 	 0.3101 
110.65 	 0.3101 
110.70 	 0.3128 
110.75 	 0.3155 
110.80 	 0.3155 
110.85 	 0.3155 
110.90 	 0.3155 
110.95 	 0.3155 
111.00 	 0.3182 
111.05 	 0.3182 
111.10 	 0.3182 
111.15 	 0.3155 
111.20 	 0.3155 
111.25 	 0.3155 
111.30 	 0.3155 
111.35 	 0.3182 
111.40 	 0.3182 
111.45 	 0.3182 
111.50 	 0.3182 
111.55 	 0.3182 
111.60 	 0.3182 
111.65 	 0.3236 
111.70 	 0.3236 
111.75 	 0.3236 
111.80 	 0.3236 
111.85 	 0.3236 
111.90 	 0.3236 
111.95 	 0.3236 
112.00 	 0.3236 
112.05 	 0.3236 
112.10 	 0.3236 
112.15 	 0.3236 
112.20 	 0.3236 
112.25 	 0.3236 
112.30 	 0.3236 
112.35 	 0.3236 
112.40 	 0.3236 
112.45 	 0.3236 
112.50 	 0.3236 
112.55 	 0.3209 
112.60 	 0.3209 
112.65 	 0.3236 
112.70 	 0.3263 
112.75 	 0.3263 
112.80 	 0.3263 
112.85 	 0.3263 
112.90 	 0.3263 
112.95 	 0.3263 
113.00 	 0.3290 
113.05 	 0.3290 
113.10 	 0.3290 
113.15 	 0.3290 
113.20 	 0.3290 
113.25 	 0.3290 
113.30 	 0.3290 
113.35 	 0.3290 
113.40 	 0.3290 
113.45 	 0.3290 
113.50 	 0.3290 
113.55 	 0.3290 
113.60 	 0.3317 
113.65 	 0.3317 
113.70 	 0.3344 
113.75 	 0.3371 
113.80 	 0.3371 
113.85 	 0.3344 
113.90 	 0.3344 
113.95 	 0.3344 
114.00 	 0.3344 
114.05 	 0.3344 
114.10 	 0.3344 
114.15 	 0.3344 
114.20 	 0.3344 
114.25 	 0.3344 
114.30 	 0.3371 
114.35 	 0.3371 
114.40 	 0.3371 
114.45 	 0.3371 
114.50 	 0.3371 
114.55 	 0.3371 
114.60 	 0.3371 
114.65 	 0.3371 
114.70 	 0.3371 
114.75 	 0.3398 
114.80 	 0.3398 
114.85 	 0.3398 
114.90 	 0.3425 
114.95 	 0.3425 
115.00 	 0.3425 
115.05 	 0.3425 
115.10 	 0.3398 
115.15 	 0.3398 
115.20 	 0.3398 
115.25 	 0.3398 
115.30 	 0.3398 
115.35 	 0.3398 
115.40 	 0.3398 
115.45 	 0.3398 
115.50 	 0.3398 
115.55 	 0.3398 
115.60 	 0.3425 
115.65 	 0.3425 
115.70 	 0.3425 
115.75 	 0.3425 
115.80 	 0.3452 
115.85 	 0.3452 
115.90 	 0.3452 
115.95 	 0.3479 
116.00 	 0.3479 
116.05 	 0.3479 
116.10 	 0.3479 
116.15 	 0.3479 
116.20 	 0.3479 
116.25 	 0.3479 
116.30 	 0.3452 
116.35 	 0.3452 
116.40 	 0.3452 
116.45 	 0.3452 
116.50 	 0.3452 
116.55 	 0.3452 
116.60 	 0.3452 
116.65 	 0.3452 
116.70 	 0.3479 
116.75 	 0.3479 
116.80 	 0.3479 
116.85 	 0.3479 
116.90 	 0.3479 
116.95 	 0.3479 
117.00 	 0.3506 
117.05 	 0.3506 
117.10 	 0.3506 
117.15 	 0.3506 
117.20 	 0.3506 
117.25 	 0.3506 
117.30 	 0.3506 
117.35 	 0.3506 
117.40 	 0.3479 
117.45 	 0.3479 
117.50 	 0.3479 
117.55 	 0.3479 
117.60 	 0.3479 
117.65 	 0.3479 
117.70 	 0.3506 
117.75 	 0.3506 
117.80 	 0.3506 
117.85 	 0.3506 
117.90 	 0.3533 
117.95 	 0.3533 
118.00 	 0.3533 
118.05 	 0.3560 
118.10 	 0.3560 
118.15 	 0.3560 
118.20 	 0.3560 
118.25 	 0.3560 
118.30 	 0.3560 
118.35 	 0.3560 
118.40 	 0.3560 
118.45 	 0.3560 
118.50 	 0.3560 
118.55 	 0.3506 
118.60 	 0.3506 
118.65 	 0.3506 
118.70 	 0.3506 
118.75 	 0.3506 
118.80 	 0.3506 
118.85 	 0.3506 
118.90 	 0.3506 
118.95 	 0.3533 
119.00 	 0.3533 
119.05 	 0.3533 
119.10 	 0.3560 
119.15 	 0.3560 
119.20 	 0.3560 
119.25 	 0.3560 
119.30 	 0.3560 
119.35 	 0.3560 
119.40 	 0.3560 
119.45 	 0.3560 
119.50 	 0.3560 
119.55 	 0.3560 
119.60 	 0.3533 
119.65 	 0.3533 
119.70 	 0.3533 
119.75 	 0.3533 
119.80 	 0.3533 
119.85 	 0.3533 
119.90 	 0.3533 
119.95 	 0.3560 
120.00 	 0.3560 
120.05 	 0.3560 
120.10 	 0.3587 
120.15 	 0.3587 
120.20 	 0.3587 
120.25 	 0.3587 
120.30 	 0.3587 
120.35 	 0.3560 
120.40 	 0.3560 
120.45 	 0.3560 
120.50 	 0.3560 
120.55 	 0.3560 
120.60 	 0.3587 
120.65 	 0.3587 
120.70 	 0.3587 
120.75 	 0.3614 
120.80 	 0.3614 
120.85 	 0.3614 
120.90 	 0.3614 
120.95 	 0.3614 
121.00 	 0.3614 
121.05 	 0.3614 
121.10 	 0.3587 
121.15 	 0.3587 
121.20 	 0.3587 
121.25 	 0.3587 
121.30 	 0.3587 
121.35 	 0.3614 
121.40 	 0.3641 
121.45 	 0.3641 
121.50 	 0.3641 
121.55 	 0.3641 
121.60 	 0.3614 
121.65 	 0.3614 
121.70 	 0.3614 
121.75 	 0.3614 
121.80 	 0.3614 
121.85 	 0.3614 
121.90 	 0.3614 
121.95 	 0.3614 
122.00 	 0.3614 
122.05 	 0.3614 
122.10 	 0.3614 
122.15 	 0.3614 
122.20 	 0.3614 
122.25 	 0.3614 
122.30 	 0.3587 
122.35 	 0.3587 
122.40 	 0.3587 
122.45 	 0.3587 
122.50 	 0.3587 
122.55 	 0.3587 
122.60 	 0.3587 
122.65 	 0.3587 
122.70 	 0.3560 
122.75 	 0.3560 
122.80 	 0.3560 
122.85 	 0.3560 
122.90 	 0.3560 
122.95 	 0.3560 
123.00 	 0.3560 
123.05 	 0.3560 
123.10 	 0.3560 
123.15 	 0.3560 
123.20 	 0.3560 
123.25 	 0.3560 
123.30 	 0.3560 
123.35 	 0.3560 
123.40 	 0.3560 
123.45 	 0.3560 
123.50 	 0.3533 
123.55 	 0.3506 
123.60 	 0.3506 
123.65 	 0.3506 
123.70 	 0.3506 
123.75 	 0.3479 
123.80 	 0.3479 
123.85 	 0.3479 
123.90 	 0.3479 
123.95 	 0.3479 
124.00 	 0.3479 
124.05 	 0.3479 
124.10 	 0.3479 
124.15 	 0.3479 
124.20 	 0.3479 
124.25 	 0.3479 
124.30 	 0.3479 
124.35 	 0.3479 
124.40 	 0.3452 
124.45 	 0.3452 
124.50 	 0.3452 
124.55 	 0.3452 
124.60 	 0.3425 
124.65 	 0.3425 
124.70 	 0.3425 
124.75 	 0.3425 
124.80 	 0.3425 
124.85 	 0.3425 
124.90 	 0.3425 
124.95 	 0.3425 
125.00 	 0.3425 
125.05 	 0.3425 
125.10 	 0.3398 
125.15 	 0.3398 
125.20 	 0.3398 
125.25 	 0.3398 
125.30 	 0.3398 
125.35 	 0.3398 
125.40 	 0.3398 
125.45 	 0.3398 
125.50 	 0.3398 
125.55 	 0.3398 
125.60 	 0.3398 
125.65 	 0.3371 
125.70 	 0.3344 
125.75 	 0.3344 
125.80 	 0.3344 
125.85 	 0.3344 
125.90 	 0.3344 
125.95 	 0.3344 
126.00 	 0.3344 
126.05 	 0.3344 
126.10 	 0.3344 
126.15 	 0.3344 
126.20 	 0.3344 
126.25 	 0.3344 
126.30 	 0.3344 
126.35 	 0.3344 
126.40 	 0.3344 
126.45 	 0.3317 
126.50 	 0.3317 
126.55 	 0.3317 
126.60 	 0.3317 
126.65 	 0.3317 
126.70 	 0.3290 
126.75 	 0.3290 
126.80 	 0.3263 
126.85 	 0.3263 
126.90 	 0.3263 
126.95 	 0.3263 
127.00 	 0.3263 
127.05 	 0.3263 
127.10 	 0.3263 
127.15 	 0.3263 
127.20 	 0.3263 
127.25 	 0.3263 
127.30 	 0.3236 
127.35 	 0.3236 
127.40 	 0.3236 
127.45 	 0.3236 
127.50 	 0.3209 
127.55 	 0.3209 
127.60 	 0.3209 
127.65 	 0.3209 
127.70 	 0.3209 
127.75 	 0.3209 
127.80 	 0.3209 
127.85 	 0.3182 
127.90 	 0.3182 
127.95 	 0.3182 
128.00 	 0.3182 
128.05 	 0.3182 
128.10 	 0.3182 
128.15 	 0.3182 
128.20 	 0.3182 
128.25 	 0.3182 
128.30 	 0.3182 
128.35 	 0.3182 
128.40 	 0.3182 
128.45 	 0.3182 
128.50 	 0.3182 
128.55 	 0.3182 
128.60 	 0.3182 
128.65 	 0.3155 
128.70 	 0.3155 
128.75 	 0.3128 
128.80 	 0.3128 
128.85 	 0.3128 
128.90 	 0.3128 
128.95 	 0.3101 
129.00 	 0.3101 
129.05 	 0.3101 
129.10 	 0.3101 
129.15 	 0.3101 
129.20 	 0.3101 
129.25 	 0.3074 
129.30 	 0.3074 
129.35 	 0.3074 
129.40 	 0.3074 
129.45 	 0.3074 
129.50 	 0.3074 
129.55 	 0.3074 
129.60 	 0.3074 
129.65 	 0.3047 
129.70 	 0.3047 
129.75 	 0.3047 
129.80 	 0.3047 
129.85 	 0.3047 
129.90 	 0.3047 
129.95 	 0.3047 
130.00 	 0.3020 
130.05 	 0.3020 
130.10 	 0.3020 
130.15 	 0.3020 
130.20 	 0.3020 
130.25 	 0.3020 
130.30 	 0.3020 
130.35 	 0.3020 
